315 317 318 315 313 311 293 22 290 288 290 295 294 299 301 303 275 262 260 261 256 208 194 196 192 196 241 201 218 224
386 385 386 388 389 391 390 388 386 385 384 385 384 383 382 381 383 382 385 387 389 392 390 392 393 391 389 391 392 394
365 367 368 366 364 363 365 366 364 362 363 362 363 364 362 364 362 364 363 362 364 365 363 364 365 363 364 365 366 368
384 383 381 383 384 385 383 385 387 385 382 384 382 384 385 386 384 382 381 380 378 380 378 376 377 379 378 380 382 380
324 321 323 324 325 322 321 324 325 327 330 328 331 329 331 328 327 326 323 325 323 326 323 325 323 320 318 316 317 320
180 184 188 183 123 136 122 159 163 246 287 246 102 106 103 287 103 99 97 99 12 16 13 10 11 99 18 11 96 95
320 323 322 323 322 319 316 318 321 318 320 321 324 323 320 323 326 323 326 327 325 324 320 324 326 324 326 325 323 321
373 375 373 375 373 375 373 372 374 373 374 375 376 377 378 380 382 381 382 381 380 382 383 384 386 387 388 390 389 388
369 370 372 373 375 373 372 371 373 374 373 375 377 376 377 379 378 376 375 373 374 373 372 370 371 372 374 376 377 379
408 409 407 406 408 410 411 410 409 410 411 412 410 412 411 413 412 410 408 406 405 406 408 409 407 405 407 404 403 402
307 304 300 266 270 261 275 280 92 96 12 19 95 98 284 99 15 12 92 18 96 18 93 99 17 99 284 239 282 274
428 427 425 427 425 424 425 427 429 427 428 429 427 425 427 428 426 424 426 428 430 431 430 432 434 433 431 432 431 432
11 106 103 106 107 9 106 105 106 100 105 104 102 103 99 17 99 15 90 16 22 293 283 258 254 258 238 236 277 284
14 95 280 91 95 12 96 95 19 23 22 24 25 24 21 19 12 9 12 9 8 10 9 12 17 16 92 96 95 90
346 347 348 347 345 346 345 343 342 344 345 343 344 345 343 341 342 340 342 343 345 344 342 340 338 336 338 337 338 340
24 29 26 28 31 29 27 25 21 284 278 262 295 289 292 291 294 293 290 21 293 294 296 284 296 309 304 302 266 265
302 300 312 310 279 276 278 261 275 280 95 16 15 16 90 15 96 95 284 288 102 98 94 282 262 274 230 273 235 238
146 199 197 195 198 193 245 243 246 285 97 105 97 92 93 94 282 285 101 103 101 163 162 174 172 160 159 155 130 169
140 136 192 140 137 134 133 134 137 142 140 193 190 191 195 201 217 208 211 209 206 200 198 144 139 149 139 141 140 193
303 298 302 297 294 298 300 308 304 301 309 312 293 299 296 290 22 311 22 313 293 299 298 301 300 301 266 269 271 222
204 228 235 231 226 223 219 207 210 211 213 252 255 257 206 204 224 220 202 221 270 271 227 271 263 264 272 229 226 205
195 144 198 199 145 141 139 138 143 148 152 155 172 161 196 200 201 203 150 145 142 137 128 137 141 199 139 149 143 142
201 202 217 207 197 192 197 198 197 201 257 262 259 257 255 242 246 245 252 251 243 287 99 284 283 254 253 211 212 213
1 4 1 0 1 0 2 5 2 3 4 7 9 11 10 9 10 12 17 96 100 96 99 15 99 19 311 89 88 91
215 214 254 260 264 217 225 221 222 226 231 274 232 230 234 235 228 221 218 208 197 245 253 258 282 281 276 274 235 237
226 222 217 205 202 145 140 145 148 147 153 152 149 139 142 138 139 141 136 126 120 119 160 163 240 158 119 162 172 162
318 321 319 318 315 312 310 89 310 306 305 300 294 295 299 259 265 299 294 295 259 262 299 267 270 271 275 277 274 235
17 11 10 8 9 12 17 96 92 97 99 11 106 101 106 100 18 14 19 99 12 9 6 5 3 5 8 10 9 10
443 441 439 440 441 442 444 443 441 439 437 436 438 439 438 437 438 437 435 436 437 436 435 436 435 433 431 429 431 429
12 15 16 90 88 307 309 299 311 279 299 293 286 101 99 102 96 91 92 90 311 90 94 91 89 308 300 297 311 90
291 283 292 282 276 273 226 223 226 273 229 265 263 265 276 272 229 232 273 232 235 236 277 236 237 242 236 237 235 237
447 445 447 446 445 443 446 443 444 442 440 441 442 443 445 446 445 446 443 445 443 442 444 443 442 444 443 444 443 442
390 393 395 394 396 398 399 400 401 399 400 402 400 399 398 399 397 396 394 392 394 396 398 397 398 396 397 398 399 400
228 221 223 221 225 272 264 217 209 212 214 256 215 206 215 206 219 202 204 147 148 143 138 141 140 193 191 187 186 188
94 97 91 95 96 13 16 13 16 314 22 23 19 22 314 16 14 93 98 96 99 104 108 110 177 110 176 114 113 112
192 194 200 195 192 194 193 195 141 140 199 145 142 146 150 143 144 139 143 149 146 150 155 172 157 241 237 232 234 239
450 449 450 449 450 448 449 447 449 450 448 447 448 446 443 445 444 443 441 442 441 439 437 436 435 437 439 441 443 446
160 200 202 221 218 201 257 254 251 285 246 248 247 241 200 160 155 129 131 134 122 160 240 242 250 253 257 259 214 213
21 292 287 291 292 289 291 290 25 290 292 295 262 261 260 259 255 259 282 274 279 284 281 97 284 287 286 243 285 102
321 318 315 317 318 321 324 320 322 319 317 314 313 310 314 16 19 311 22 25 20 99 19 20 17 11 13 17 99 284
331 328 329 326 325 322 319 318 319 320 323 324 327 330 331 328 329 331 333 331 330 332 334 333 332 333 335 336 338 337
367 369 368 369 367 365 364 362 364 363 364 363 364 363 365 364 362 363 362 363 362 360 358 356 357 355 356 355 353 354
77 75 78 80 81 84 83 84 86 84 86 83 80 78 81 78 79 77 76 75 77 79 80 79 81 84 82 81 84 85
403 405 403 402 401 399 401 400 401 400 398 400 402 404 406 405 406 404 405 404 402 404 403 405 403 405 403 402 404 403
355 354 352 354 355 354 355 356 354 353 354 356 358 356 355 356 355 353 352 354 355 357 358 360 358 357 359 361 360 361
420 419 418 419 421 419 421 422 421 423 425 423 421 423 421 423 425 424 425 423 422 423 424 426 427 429 431 432 431 432
366 367 369 368 367 365 364 362 364 362 361 362 361 362 361 360 359 357 356 354 355 354 355 354 352 351 353 354 356 357
283 285 292 285 280 90 279 281 286 98 286 284 278 274 228 224 271 268 267 304 267 272 271 263 275 276 272 273 276 265
22 290 294 293 311 296 21 20 17 99 96 11 10 9 10 11 18 95 15 94 91 97 95 93 90 89 308 304 303 298
429 427 428 426 428 427 426 424 422 423 422 424 425 426 424 425 423 422 421 423 421 423 425 424 423 422 424 425 424 425
131 128 127 118 115 173 159 130 170 169 168 154 149 146 142 139 160 197 203 201 216 260 254 287 284 99 100 104 105 104
347 346 344 346 345 347 345 346 347 346 348 346 345 347 349 351 352 353 351 353 354 355 354 356 355 356 354 355 353 351
255 253 212 252 249 253 245 240 158 154 150 152 155 156 150 144 143 150 155 160 172 166 162 244 163 162 175 120 122 160
350 351 349 350 349 347 346 347 345 343 342 344 346 345 346 348 347 345 343 341 340 339 338 339 337 336 335 334 333 331
293 288 286 291 283 295 283 299 295 293 299 294 300 311 308 309 306 302 303 301 300 311 310 312 293 296 259 283 282 242
93 97 101 100 96 97 285 98 281 286 290 294 295 258 215 261 268 267 299 304 302 303 304 267 261 267 270 264 266 300
40 43 42 44 42 43 42 44 43 44 45 44 41 43 41 42 41 39 36 35 32 34 31 28 29 27 26 25 21 20
434 436 435 434 435 436 438 439 438 440 441 440 442 441 442 440 441 443 441 440 439 437 436 435 437 435 433 434 435 436
58 59 61 59 61 59 61 59 58 55 57 58 59 61 62 61 60 61 63 61 63 66 65 67 69 70 72 73 72 69
136 192 193 248 193 123 188 120 175 120 179 184 247 164 166 162 174 175 162 120 183 119 115 114 115 177 183 193 245 243
196 161 244 162 166 162 240 245 252 254 286 254 285 258 215 213 254 250 247 175 177 179 177 178 115 113 112 179 121 128
363 361 363 361 362 361 360 361 359 357 359 357 358 356 357 359 358 359 360 359 361 359 361 360 361 360 361 359 361 359
381 383 382 380 379 378 380 379 377 376 374 375 374 375 376 377 379 378 379 377 378 376 374 376 374 376 374 375 374 372
96 92 93 91 281 258 282 276 277 235 232 237 233 230 274 229 228 221 204 220 221 223 227 151 152 151 148 153 151 146
338 340 342 341 340 338 337 336 337 335 336 337 335 333 334 332 334 335 334 336 334 333 332 330 327 325 327 328 331 328
81 78 79 78 75 73 72 69 68 70 72 73 71 73 75 77 78 75 77 79 77 79 80 78 79 80 82 81 84 85
387 388 387 389 392 393 392 389 392 391 389 388 390 389 387 385 384 386 385 386 388 387 389 388 389 392 394 392 393 395
419 417 416 418 419 420 418 417 415 416 417 415 417 416 414 415 413 415 417 419 418 419 417 415 413 411 413 414 412 414
345 344 346 344 346 348 346 348 347 348 349 350 349 347 349 350 349 350 351 352 354 353 352 350 352 354 353 354 355 354
216 261 274 229 226 228 234 238 201 241 243 98 93 280 279 258 282 254 214 252 214 216 219 217 220 218 205 204 238 281
292 294 296 284 288 289 288 292 285 102 285 280 281 280 90 280 91 281 94 95 98 100 96 16 90 279 299 301 304 301
79 81 79 80 81 82 80 79 76 75 73 72 74 71 72 71 69 71 73 71 69 67 69 67 68 70 68 70 71 73
98 103 104 101 106 108 177 111 115 113 114 111 114 110 174 162 173 171 131 170 172 119 125 128 121 189 120 127 128 122
263 271 272 276 278 281 282 255 214 213 211 253 246 102 99 102 99 17 96 16 13 92 97 95 18 21 291 297 303 305
30 27 25 290 287 243 246 251 286 295 298 297 295 279 281 239 277 236 242 241 245 193 183 185 182 120 188 191 187 190
127 128 126 127 126 136 139 136 159 120 182 179 181 184 187 182 187 193 245 241 200 238 258 283 280 94 15 20 17 96
246 241 162 248 244 285 99 94 90 310 312 22 19 96 14 16 15 18 19 16 92 90 95 14 17 18 97 165 176 112
92 97 91 96 17 10 12 18 99 104 108 106 107 9 6 8 9 107 103 102 103 105 165 166 172 158 162 166 173 174
275 276 265 259 283 98 280 282 241 254 282 283 285 282 283 299 266 269 275 274 272 267 263 298 262 257 242 237 238 157
266 269 264 258 238 200 195 194 208 217 216 208 201 215 260 206 216 209 214 210 211 194 195 160 161 243 285 284 287 21
344 346 347 345 346 345 346 347 346 344 345 344 346 348 347 345 344 346 345 347 348 347 349 348 350 352 354 352 353 352
375 376 374 373 375 373 374 373 375 376 378 376 375 377 378 380 378 379 381 380 382 380 378 380 382 383 384 383 384 382
252 250 243 247 250 247 164 101 98 99 104 164 108 106 107 108 104 106 9 7 6 8 10 13 16 22 16 96 99 284
83 82 81 78 80 82 85 82 81 83 82 85 82 81 78 77 76 74 72 70 71 73 72 69 70 72 69 70 68 66
72 69 68 66 65 66 65 63 65 66 65 66 67 68 67 66 68 69 67 68 69 70 72 73 71 70 68 70 69 70
251 248 180 177 111 114 117 121 179 248 245 243 281 277 238 282 262 272 268 266 301 266 274 230 274 265 302 266 272 274
9 107 109 105 104 105 103 105 104 101 163 174 118 174 175 177 112 176 164 101 163 119 161 193 197 198 208 197 199 208
78 81 84 87 84 87 85 82 85 84 86 87 308 306 309 89 91 88 85 84 81 83 84 83 86 87 310 300 266 304
144 140 198 206 218 222 271 266 274 235 282 98 105 104 177 181 180 186 184 179 184 181 183 185 186 187 191 193 161 162
423 421 422 424 422 421 423 421 422 421 419 418 420 419 421 423 424 422 421 422 423 424 425 424 425 427 429 430 428 427
84 87 88 87 310 307 303 309 89 92 95 14 16 18 13 17 99 20 22 314 315 313 314 310 89 88 310 88 308 303
122 128 129 128 123 191 192 196 144 140 193 191 189 184 185 181 177 174 179 182 180 249 251 248 179 174 171 174 158 166
187 191 190 186 181 183 248 162 161 162 245 244 239 238 281 286 243 240 241 254 257 213 214 207 208 216 219 224 218 205
404 407 405 406 407 406 405 406 404 406 404 403 402 401 402 401 400 399 401 400 402 403 402 404 405 406 404 407 406 404
397 399 401 403 404 402 401 402 400 402 403 401 403 404 407 409 411 410 409 408 410 411 412 410 408 407 404 405 404 405
76 79 77 78 76 73 74 75 74 72 73 76 74 72 70 71 70 72 69 71 70 71 70 71 69 68 70 72 70 69
326 329 326 324 323 322 323 324 322 320 317 316 313 311 89 92 89 309 304 300 296 284 243 247 248 247 181 247 246 286
427 429 431 432 433 434 432 434 433 431 429 430 432 431 433 435 436 437 435 433 432 431 430 432 430 428 430 429 430 429
243 251 250 244 242 283 282 281 277 278 238 161 156 134 125 121 129 122 128 121 127 119 118 115 173 159 162 166 164 165
95 16 12 10 11 18 92 12 92 17 92 16 14 15 14 96 101 284 292 294 300 295 283 262 295 292 255 282 236 238
310 313 311 19 12 92 14 15 91 95 15 96 101 285 292 258 254 245 163 164 104 102 286 253 242 241 200 205 223 219
430 428 429 430 431 433 432 433 435 434 436 437 439 438 437 436 434 435 434 436 438 440 438 439 438 437 435 436 437 435
329 331 329 330 331 333 331 333 335 337 336 334 332 331 329 327 329 327 326 325 328 330 332 333 336 338 336 338 340 338
351 352 351 353 354 356 355 353 354 355 356 354 352 350 352 353 351 350 349 351 350 352 353 354 355 353 354 355 353 351
208 207 210 208 215 257 263 260 259 265 267 272 276 272 228 233 235 234 151 233 235 239 278 258 278 259 282 262 267 263
436 435 434 435 434 432 431 430 428 430 429 430 431 432 433 431 433 434 432 431 429 431 432 433 431 433 435 437 438 437
73 71 72 70 69 72 74 72 70 71 72 71 72 73 72 70 68 70 71 69 68 70 72 73 71 73 76 78 81 78
379 378 380 381 383 384 382 381 380 379 380 382 381 383 381 380 382 383 381 380 382 383 382 381 379 377 375 374 372 370
181 249 244 162 157 238 200 157 238 278 284 99 93 99 94 98 100 106 109 105 164 162 158 241 237 242 241 158 160 241
124 119 180 248 244 240 285 245 162 175 166 175 244 164 175 118 120 119 120 118 179 185 181 177 175 119 158 240 167 173
164 163 240 167 157 161 193 140 144 198 200 160 200 205 227 231 229 228 234 204 147 204 234 151 231 226 230 271 264 258
237 158 162 241 246 252 257 256 216 207 216 214 253 251 249 181 178 117 173 163 101 104 101 96 102 286 283 98 95 12
259 265 275 271 273 226 229 270 264 270 268 266 269 273 269 264 262 295 284 239 242 258 264 260 265 274 265 262 279 295
438 436 435 434 436 438 440 441 442 440 441 442 441 440 442 440 442 444 446 448 446 447 448 450 449 447 449 447 449 450
143 145 200 195 196 140 196 193 140 136 123 119 120 184 179 115 112 176 178 179 180 248 161 163 165 158 241 162 176 110
7 9 107 106 108 100 95 93 91 90 279 278 265 268 269 270 222 205 223 224 223 227 205 223 225 230 228 274 270 274
8 5 3 1 4 3 6 5 8 6 3 2 4 7 6 5 6 7 4 2 3 2 5 3 2 4 2 0 1 3
174 159 167 164 101 163 119 128 138 142 145 147 153 147 143 148 147 144 142 145 142 138 143 149 150 148 152 148 153 151
389 392 391 390 389 388 389 391 390 389 388 390 388 390 389 391 393 391 390 393 390 391 390 392 394 395 397 398 400 402
372 373 374 375 376 375 374 376 374 376 378 376 375 374 375 373 372 370 372 370 371 369 367 368 370 369 370 371 372 370
439 438 440 439 440 438 440 438 436 438 437 438 436 434 433 434 432 433 431 429 427 428 427 426 428 430 432 431 433 432
34 32 29 27 28 25 22 25 22 292 290 293 21 287 292 22 289 294 289 292 297 293 21 313 316 319 320 321 318 316
267 264 258 283 255 295 256 252 257 238 237 239 285 286 291 297 313 310 313 297 291 293 294 290 25 22 16 18 97 165
4 7 5 7 6 4 6 3 4 1 4 1 3 2 1 2 1 3 2 4 7 5 7 4 6 4 6 9 7 5
327 326 329 328 325 324 320 319 318 316 319 317 316 319 321 322 320 318 317 316 317 320 317 319 322 320 318 317 320 321
150 139 136 193 248 190 189 193 196 144 149 153 150 151 233 235 281 243 287 284 285 287 286 287 251 254 252 249 245 163
193 123 128 119 127 126 136 192 136 193 160 155 156 136 137 136 125 134 139 196 192 194 190 194 188 185 182 187 186 184
265 278 239 244 160 163 241 237 233 238 237 243 164 101 164 110 177 176 173 174 177 111 178 117 114 111 114 116 121 128
417 418 417 416 417 415 414 415 416 414 416 415 416 417 416 417 415 417 415 416 417 415 414 416 415 416 414 413 414 413
437 436 437 435 434 432 434 436 438 440 441 443 441 440 439 437 435 434 435 437 435 436 438 440 442 440 438 439 440 438
359 358 356 354 353 352 354 356 358 360 361 362 361 360 358 357 358 359 357 359 358 357 359 357 356 354 353 351 349 350
111 112 178 115 114 115 177 183 181 184 189 185 186 181 185 179 183 119 158 172 157 161 156 169 168 154 237 233 231 235
152 155 154 169 166 167 173 115 177 179 176 181 186 182 181 176 111 178 182 180 247 250 212 208 257 253 286 246 250 245
368 369 367 366 365 366 368 370 371 373 372 371 369 367 369 367 366 367 369 368 370 372 371 373 375 377 376 375 377 375
415 413 412 410 412 410 412 414 412 411 413 411 413 411 413 411 413 415 417 416 415 413 411 412 410 408 410 409 410 411
449 447 449 450 448 450 448 450 448 446 447 448 449 447 448 449 450 449 447 449 450 449 447 446 443 445 444 443 441 440
236 238 258 283 280 277 280 91 281 95 91 92 14 92 14 17 14 15 90 88 85 87 85 84 81 83 80 79 80 79
74 73 74 71 74 71 70 72 73 74 72 74 75 76 79 82 80 78 77 75 73 75 78 77 78 76 75 74 72 69
316 317 319 316 319 320 318 317 319 317 318 321 323 321 320 324 323 326 328 326 324 320 322 323 320 322 323 326 329 331
89 87 89 91 88 87 84 81 82 85 87 86 89 309 303 298 295 296 290 294 296 290 21 291 290 29 30 29 290 286
402 404 403 401 402 400 401 400 402 401 403 404 406 408 407 406 405 404 407 409 408 409 407 409 410 411 409 410 408 406
279 283 257 242 258 283 294 291 255 285 254 251 250 246 287 292 288 289 23 20 24 27 30 29 24 23 22 314 16 17
241 242 197 196 157 150 199 143 140 136 125 192 190 248 249 183 175 163 159 136 192 197 200 205 216 256 262 268 264 267
406 404 403 402 400 402 404 405 403 404 407 404 406 408 406 407 405 407 409 407 405 403 405 404 405 403 402 403 405 404
400 401 403 401 403 404 407 408 410 411 412 413 414 416 417 416 417 415 417 415 414 413 415 413 411 412 411 409 410 411
256 213 212 209 210 214 208 214 215 253 250 248 190 123 188 124 121 128 130 129 123 127 136 122 123 121 116 119 125 127
103 100 103 106 100 107 9 7 8 10 7 10 9 8 6 5 6 5 7 6 5 7 9 12 13 15 90 280 92 90
269 263 267 304 305 304 307 300 302 309 89 90 94 18 94 282 284 98 284 281 97 93 91 88 309 302 262 264 263 268
334 336 333 335 334 333 332 331 330 327 329 331 333 334 333 331 330 332 334 333 336 338 339 340 338 336 335 337 339 340
99 18 16 314 316 315 313 296 295 292 255 257 261 259 254 282 281 93 97 105 98 97 285 244 239 282 278 258 261 278
162 173 174 172 166 167 165 163 180 117 123 190 183 182 184 182 186 187 185 190 189 188 125 137 138 128 138 143 140 137
224 205 203 198 200 238 239 237 242 241 237 241 246 286 292 22 290 295 297 313 312 310 312 315 317 316 317 320 317 315
277 283 287 103 99 19 96 100 95 99 97 98 102 287 284 292 291 297 299 304 302 309 303 275 299 297 301 303 266 275
120 125 138 143 150 156 129 136 160 241 235 273 231 151 203 206 204 207 201 218 203 206 202 204 205 226 224 205 219 206
53 52 55 58 57 55 57 56 58 57 58 57 58 57 54 56 58 57 59 61 62 63 62 61 63 64 63 66 68 70
333 336 338 340 338 339 338 340 342 343 342 341 339 338 337 339 338 339 340 342 343 344 342 341 342 340 341 342 340 341
166 167 162 120 117 119 180 185 183 180 175 183 180 117 119 121 119 127 126 124 192 140 135 125 124 189 183 187 185 179
46 47 45 44 41 38 37 39 37 36 39 36 35 38 39 38 35 33 31 34 36 34 32 30 29 32 33 31 30 28
343 345 346 348 347 349 347 348 350 352 351 350 348 346 348 347 345 343 345 344 345 346 347 348 346 344 346 348 347 345
393 392 393 392 389 387 386 387 385 382 384 386 385 384 386 384 383 382 381 379 381 380 382 381 380 381 380 378 379 377
172 163 240 157 153 157 150 139 146 199 140 143 150 139 199 200 196 198 200 201 195 200 205 226 224 217 205 219 206 204
33 31 29 28 30 32 35 32 29 28 26 23 26 29 32 35 38 37 35 37 38 40 38 37 35 34 36 39 42 44
23 314 23 25 28 31 29 290 25 289 20 21 16 22 24 289 287 285 239 241 197 207 204 228 235 277 279 310 308 306
190 124 123 120 119 126 120 117 119 123 128 122 127 134 135 132 131 170 173 119 180 182 184 189 136 140 196 193 189 192
284 289 286 252 212 208 202 208 202 217 225 217 207 198 209 210 214 255 253 257 263 265 264 259 258 283 293 292 255 292
304 303 304 300 308 310 279 281 278 273 231 233 151 231 228 232 274 262 265 260 255 292 255 283 294 297 301 300 310 87
69 71 73 72 74 72 74 75 78 81 80 83 86 87 88 91 15 93 281 98 284 283 296 312 21 20 19 311 312 22
3 2 4 2 5 2 4 5 7 4 2 4 7 9 10 8 11 13 17 12 92 96 14 91 93 90 89 87 86 84
135 139 137 125 192 188 189 187 190 196 197 245 197 199 196 199 140 195 144 195 191 186 180 176 178 179 184 178 181 180
378 379 377 378 379 380 379 381 382 380 378 380 379 380 378 376 378 376 374 372 370 372 370 371 369 370 371 370 372 370
114 111 115 114 176 114 110 176 174 163 180 181 183 184 185 184 187 192 123 188 190 192 123 124 122 135 136 122 120 184
123 183 119 129 122 121 120 179 180 186 189 182 117 175 164 167 166 172 174 177 110 111 176 178 180 163 101 287 252 288
91 89 311 19 15 92 13 96 11 13 10 17 11 13 16 18 93 18 99 97 91 281 258 255 287 255 259 294 299 302
306 310 313 312 293 299 293 288 251 253 213 251 213 214 215 201 205 217 209 207 200 206 216 206 219 205 200 205 207 202
176 110 115 173 166 165 166 174 166 173 159 155 132 128 133 134 138 125 137 123 160 156 169 167 169 154 150 203 205 225
282 283 257 201 203 151 153 149 144 150 146 199 146 199 194 191 195 201 207 205 221 227 224 223 228 234 240 158 174 171
26 23 22 21 18 92 17 13 17 14 15 91 14 96 19 95 96 93 92 12 18 12 95 17 99 15 16 18 100 99
197 199 201 196 160 157 172 166 162 157 129 131 130 134 136 134 131 169 155 156 131 172 165 105 107 108 100 96 92 89
239 161 240 157 168 154 150 199 204 227 224 202 199 147 148 152 151 148 151 203 198 201 200 198 202 221 227 205 203 204
177 111 108 107 11 10 9 12 19 99 104 99 20 23 313 311 293 288 289 284 99 104 98 99 12 19 99 94 92 91
312 299 279 94 284 243 102 96 100 104 164 180 175 183 177 181 186 182 177 111 113 112 115 114 176 173 115 119 176 115
119 173 164 243 162 164 174 165 101 99 94 15 18 19 95 14 11 99 19 22 19 99 103 102 243 247 181 247 248 161
189 187 185 183 119 124 137 141 137 123 188 191 195 189 194 197 245 162 180 182 183 123 128 159 129 127 119 159 158 173
52 51 53 56 58 55 52 54 51 52 54 52 50 48 46 48 47 45 46 47 49 51 53 51 53 52 53 54 52 54
271 261 260 206 260 256 259 291 287 286 291 293 290 288 285 255 254 257 215 256 258 285 282 238 257 216 215 256 258 261
298 303 302 300 306 309 279 275 299 295 283 292 282 278 273 229 227 205 225 221 227 223 228 230 273 229 228 222 224 228
16 314 23 24 27 28 30 29 27 26 23 26 23 21 291 252 249 180 175 119 159 171 170 171 170 166 162 172 174 119
156 129 123 190 188 190 189 193 196 157 169 167 163 247 242 238 258 285 239 283 258 285 246 253 208 216 209 208 213 252
158 156 159 160 163 173 117 116 118 120 188 193 199 204 200 197 200 195 191 189 182 183 188 183 190 191 189 186 190 184
360 358 357 359 360 358 356 357 358 360 359 357 355 357 356 355 353 355 354 356 357 356 358 360 362 364 362 360 362 360
54 52 53 50 52 54 56 55 56 57 54 55 58 57 54 51 53 52 55 52 54 57 58 59 61 60 62 64 65 64
121 119 173 165 164 162 240 158 174 171 131 128 132 134 127 130 128 138 134 125 128 123 126 121 125 189 136 141 140 135
286 287 252 255 292 282 258 283 292 22 289 286 283 258 255 258 256 261 272 264 268 261 272 225 221 224 221 216 256 255
376 374 372 373 372 370 369 370 372 373 372 371 369 368 367 368 370 369 368 369 370 369 371 373 375 377 375 377 376 377
294 300 312 21 24 22 16 96 14 12 95 98 97 98 99 105 164 108 107 110 176 164 177 180 176 163 119 118 117 182
64 63 65 67 68 66 63 62 63 62 60 58 59 60 61 60 58 59 57 58 57 54 57 59 61 59 57 56 55 53
188 185 188 189 188 125 128 138 125 123 126 123 192 136 122 160 129 156 139 150 146 203 199 198 195 196 140 192 187 124
51 49 50 49 48 46 48 49 51 54 56 58 55 54 55 53 54 52 55 56 55 53 52 54 52 51 52 50 53 55
219 220 218 206 202 197 161 175 179 119 116 113 112 116 114 110 109 110 107 100 165 173 116 112 110 175 119 161 157 129
285 283 257 260 265 229 272 228 203 221 224 227 223 225 221 228 274 266 300 296 313 316 314 22 23 24 22 16 15 90
132 156 155 159 169 171 130 171 173 169 130 131 130 132 131 170 167 166 164 163 167 165 166 167 168 166 172 122 118 117
305 300 304 303 308 88 87 84 81 79 82 79 77 75 76 79 82 79 76 74 72 74 76 75 77 76 79 78 80 83
362 363 361 363 364 366 365 367 368 369 368 369 370 369 370 368 370 372 370 369 367 365 367 369 370 371 370 368 369 367
385 382 380 381 383 382 385 387 385 383 385 382 381 380 378 377 378 379 377 376 375 377 376 378 379 377 376 378 377 375
421 422 423 424 426 424 423 425 426 425 427 426 427 426 427 426 425 426 425 427 429 428 426 424 426 428 426 427 425 426
290 293 313 310 279 311 21 311 90 89 87 88 310 311 308 304 301 296 21 296 284 95 96 100 99 97 96 101 97 95
173 115 114 117 118 173 163 246 163 158 155 156 157 161 163 164 180 119 173 118 119 127 129 171 167 168 154 150 155 152
70 71 72 74 72 74 73 74 73 71 73 71 73 75 77 78 75 76 78 79 77 79 81 80 81 78 80 79 82 85
273 270 272 275 303 296 293 313 21 312 296 293 22 19 17 19 98 239 241 254 252 288 255 287 291 296 313 296 284 287
364 362 363 361 360 358 357 355 357 359 358 356 354 355 354 353 355 356 358 359 358 356 357 356 357 355 357 356 354 356
432 431 429 431 432 433 431 429 431 430 429 430 429 431 430 428 429 430 432 433 435 433 435 433 435 436 434 432 430 431
380 378 380 378 376 375 377 376 375 373 374 376 377 376 377 378 376 374 376 374 376 374 372 374 372 374 373 374 372 374
43 44 45 43 40 43 45 47 45 43 40 38 41 42 39 38 41 40 42 41 44 42 43 44 45 43 42 40 43 44
10 13 92 89 310 314 315 312 300 306 300 301 298 295 256 295 291 292 289 291 297 296 297 313 22 25 290 22 23 26
159 167 170 173 166 170 131 169 170 158 244 161 119 123 192 191 188 191 192 137 123 117 123 122 124 125 189 190 193 183
301 306 302 296 295 299 297 299 302 298 297 292 286 101 106 105 98 102 98 284 21 289 21 312 299 303 301 304 306 305
280 91 89 87 310 89 87 310 87 85 86 84 83 81 79 77 79 81 78 76 74 76 79 82 84 82 83 82 81 83
232 228 233 235 273 228 204 201 205 201 195 200 160 140 198 207 198 208 214 254 286 287 286 253 258 263 266 271 228 224
116 113 116 112 109 110 111 115 175 119 161 237 243 240 235 232 273 265 273 232 237 154 153 149 147 144 138 142 144 141
240 235 237 240 235 232 273 226 224 225 206 220 217 218 208 194 193 192 197 192 160 139 156 153 157 168 171 131 133 131
117 176 177 174 171 118 117 122 120 180 181 184 187 193 244 239 234 238 258 283 282 238 242 240 235 273 231 227 223 219
260 265 264 260 216 206 261 264 261 278 285 282 255 285 240 242 237 234 229 224 222 218 220 219 224 147 204 203 147 204
27 26 23 22 289 292 284 95 12 9 6 7 4 1 3 2 1 4 2 0 2 5 7 8 5 8 10 11 106 107
0 1 0 1 0 2 0 2 1 3 2 0 2 3 2 5 3 4 5 3 5 8 9 106 101 243 102 243 102 104
446 444 443 446 444 443 445 443 441 440 439 438 436 438 440 441 442 440 438 440 441 442 444 442 443 445 447 448 446 445
42 41 40 41 38 41 43 44 46 45 43 44 45 44 41 44 41 43 42 40 39 42 44 46 44 46 47 46 48 50
102 104 102 98 94 98 280 277 275 274 275 277 239 282 235 276 281 277 280 90 94 93 97 95 99 20 25 21 23 19
258 278 284 102 106 102 286 253 242 240 162 159 167 169 170 155 160 163 101 246 243 254 285 284 19 98 285 287 283 286
245 194 190 193 160 158 162 161 162 244 160 197 241 239 240 163 244 247 245 194 191 190 191 195 192 187 182 189 124 137
314 315 310 90 95 92 97 101 163 159 169 173 170 174 118 126 121 128 121 116 115 118 171 167 240 245 240 160 196 192
249 246 254 285 241 160 193 192 187 186 190 185 188 192 194 188 187 191 186 189 122 127 128 125 192 140 199 208 197 195
295 290 287 103 102 285 98 102 106 103 107 103 106 9 11 106 104 99 287 285 278 238 236 282 235 278 262 302 305 308
257 283 257 252 255 259 295 292 298 299 294 293 313 312 309 279 278 235 241 242 285 244 285 101 165 162 165 105 165 174
335 334 332 334 333 335 333 336 335 334 336 333 331 330 332 330 329 330 328 325 322 324 320 322 325 326 327 328 326 328
163 158 244 239 244 238 237 157 129 130 129 121 122 123 117 121 183 185 189 121 118 117 179 119 162 180 249 244 101 99
361 362 361 359 357 356 354 353 352 353 351 352 354 352 353 354 352 351 350 351 349 348 346 345 344 343 345 343 342 344
357 359 361 362 361 360 358 359 360 358 359 361 359 361 359 358 359 361 359 361 362 360 359 358 360 358 357 355 357 359
209 216 209 215 209 218 201 203 202 224 271 228 221 216 201 215 212 213 215 253 212 250 253 256 254 250 247 104 101 246
356 357 355 356 355 354 356 358 357 359 357 356 354 353 355 357 358 356 354 355 357 358 357 355 353 354 356 357 356 355
433 434 432 434 435 434 435 436 435 433 431 430 432 431 432 430 432 431 432 433 434 436 438 440 441 443 442 440 442 440
348 346 344 342 344 342 340 342 340 341 340 342 341 342 341 342 344 343 345 346 347 348 350 349 350 352 353 351 352 354
129 171 172 118 173 169 158 173 165 163 165 176 108 100 99 94 98 287 99 101 163 119 175 115 176 180 183 180 177 115
19 22 25 29 32 31 28 30 28 24 26 29 30 31 29 24 27 30 33 30 33 34 36 34 32 31 34 31 28 25
39 36 38 35 38 36 39 40 37 35 37 40 43 41 42 41 42 40 38 36 37 36 35 36 39 37 36 37 39 40
234 233 237 154 233 154 155 156 161 238 201 205 227 228 230 234 229 271 275 282 243 162 245 243 281 279 278 299 295 279
297 298 301 309 303 302 299 275 277 281 278 259 264 263 270 229 227 232 274 265 274 231 235 276 279 276 90 276 274 234
71 70 71 74 76 74 75 74 75 76 78 77 76 77 75 77 75 78 77 79 76 75 78 76 75 78 81 78 76 73
340 342 344 343 344 342 344 345 344 342 340 342 340 339 337 338 337 339 337 336 334 332 331 333 335 334 332 333 331 333
130 129 127 135 137 143 141 144 200 160 140 139 149 154 151 231 274 232 231 229 232 236 240 163 161 193 244 164 101 287
66 64 63 62 64 66 68 70 72 70 68 66 68 67 69 70 72 71 74 71 73 72 69 70 71 72 74 75 78 76
138 136 159 120 159 158 162 165 163 162 166 169 154 237 154 153 149 147 151 234 233 231 230 234 238 204 220 217 220 205
171 129 121 129 121 127 133 130 134 135 124 135 133 134 131 128 159 129 128 127 119 161 156 157 154 152 154 156 161 160
170 155 130 169 155 170 174 175 110 164 175 166 174 166 165 162 164 180 183 249 248 247 181 185 179 120 117 176 178 117
311 22 20 16 18 92 94 18 93 281 284 99 98 283 284 99 94 99 100 12 17 10 7 5 2 1 2 5 6 9
235 240 245 243 246 250 244 241 237 233 154 237 233 234 231 273 230 231 233 228 222 205 219 223 219 202 205 226 205 218
399 401 403 402 400 401 402 403 405 406 407 408 406 404 402 404 402 403 405 406 408 407 404 402 403 401 399 397 398 397
37 38 41 39 41 42 40 38 39 40 37 40 42 44 45 43 44 43 42 40 41 44 42 41 44 43 44 41 43 42
185 181 186 185 189 190 192 125 120 189 192 194 250 242 285 101 286 285 282 257 253 242 241 200 237 235 231 226 229 275
212 213 210 207 210 209 216 201 217 225 220 203 201 216 218 204 200 238 239 242 285 98 100 108 177 181 180 184 187 188
247 101 163 175 248 183 117 116 179 176 110 111 108 176 114 115 175 248 247 181 186 180 120 126 122 189 192 194 200 150
63 64 63 62 61 63 62 63 64 66 64 62 60 62 64 62 61 60 59 57 55 57 56 57 55 53 52 55 52 54
288 251 254 258 263 258 262 282 284 101 247 248 247 251 243 285 99 12 95 12 10 11 99 18 99 11 99 20 18 16
38 39 36 38 35 34 37 36 39 41 38 40 37 36 34 37 36 37 38 41 39 40 42 44 43 42 41 43 41 40
203 148 147 149 143 147 150 155 170 155 154 151 150 200 202 207 217 221 220 204 217 208 201 215 218 206 199 150 147 152
309 89 90 88 85 82 83 80 78 79 76 78 77 76 77 79 76 75 73 72 71 72 69 70 72 74 72 74 73 74
211 209 217 218 221 223 219 221 225 272 266 267 302 263 269 265 268 261 216 209 214 216 260 214 208 202 207 214 213 250
299 311 279 309 308 300 302 265 299 311 293 22 19 284 277 236 240 235 233 236 241 236 234 231 228 270 274 278 277 239
100 97 100 12 96 16 17 14 93 95 91 90 91 96 94 279 90 91 88 85 88 87 85 88 310 90 276 272 271 262
330 331 329 331 329 327 326 328 331 329 327 328 329 326 323 324 323 321 324 320 324 327 330 327 326 325 323 321 320 317
217 218 207 208 214 209 214 256 214 213 212 256 215 257 201 199 143 145 146 199 194 208 253 252 288 289 290 29 25 29
332 333 331 328 325 326 329 326 328 331 332 334 335 337 336 334 332 333 336 338 336 337 339 337 336 338 337 338 339 341
112 113 110 107 103 100 103 99 100 96 98 280 93 95 92 19 96 18 11 10 11 96 97 165 175 118 117 178 111 114
139 141 137 143 141 195 200 160 155 132 129 160 140 199 208 202 200 207 198 204 222 223 226 221 219 218 215 253 214 260
184 179 180 177 115 179 176 164 247 161 172 131 172 162 247 251 243 248 175 244 242 244 160 123 124 122 125 122 172 166
300 301 297 292 293 297 294 255 286 289 24 23 20 24 28 30 33 34 32 34 32 30 33 31 33 30 29 30 31 33
59 58 56 55 58 57 59 58 59 60 59 61 59 57 54 52 53 50 53 55 54 57 56 53 55 57 59 60 58 59
194 191 187 124 188 191 187 124 188 183 181 249 246 248 250 242 161 160 244 160 119 129 132 130 159 162 244 241 239 242
411 412 411 409 410 411 409 407 405 406 407 409 410 409 408 410 409 408 406 405 404 407 406 408 409 407 408 406 407 409
113 110 176 175 119 163 167 165 97 92 94 279 277 278 258 254 252 253 257 255 294 259 262 295 299 300 301 303 308 311
126 118 173 162 157 158 154 233 231 273 274 230 233 234 229 274 230 234 238 277 283 255 283 286 285 245 243 239 285 251
118 127 118 124 123 193 160 192 137 135 134 125 134 139 136 160 139 143 140 139 136 135 139 196 201 198 202 208 256 262
186 188 120 189 191 196 193 191 195 198 199 150 148 151 233 228 274 279 283 262 261 274 266 268 266 261 206 208 211 194
165 174 110 174 118 116 119 159 119 127 126 127 135 122 137 135 124 123 128 123 137 123 121 179 115 114 112 176 111 176
198 209 216 214 209 206 225 231 151 231 273 276 265 276 273 229 275 272 262 299 275 264 269 272 276 235 278 280 90 16
31 34 35 38 40 37 40 38 36 38 35 38 36 37 39 36 38 39 36 34 31 28 24 20 289 21 292 294 291 295
168 167 158 119 123 183 119 162 247 184 178 175 247 175 247 104 106 102 100 107 104 99 284 258 238 236 238 161 157 238
388 390 389 391 392 391 389 390 388 389 388 389 392 394 393 390 392 389 390 391 389 388 390 391 390 393 394 393 395 393
254 285 280 285 242 250 246 102 18 100 12 14 19 17 96 94 96 93 281 95 12 18 14 11 10 12 92 19 17 10
296 290 29 290 289 25 29 26 25 22 24 26 24 23 26 27 29 25 24 28 26 29 290 295 256 254 214 216 207 201
137 123 159 172 174 159 158 155 168 171 173 164 176 117 175 177 104 106 107 103 100 18 96 11 13 12 13 96 17 96
413 411 413 411 410 411 413 414 412 414 412 413 412 413 415 413 414 415 416 417 415 416 415 413 415 414 413 412 410 411
229 235 282 285 284 288 252 253 251 253 245 162 160 139 137 139 149 150 200 195 200 144 150 200 205 226 221 219 207 219
82 83 81 83 86 84 86 85 82 80 78 75 78 75 78 76 78 77 79 82 85 84 81 83 80 81 82 79 82 84
231 274 270 269 263 266 264 260 255 254 214 254 253 212 214 215 217 215 214 254 286 293 21 287 291 289 290 25 290 288
28 26 29 290 25 290 22 290 287 98 18 14 16 95 100 96 97 91 95 100 98 99 94 18 94 18 99 17 19 12
29 27 29 28 25 26 24 20 15 91 15 99 101 99 287 283 261 267 304 306 304 303 304 266 268 267 299 301 303 265
222 205 203 220 219 216 221 216 257 258 278 285 101 247 184 183 175 172 162 157 129 160 162 172 162 247 175 177 180 182
191 195 201 199 206 204 222 227 225 230 274 271 228 274 279 280 278 284 296 309 306 302 266 264 274 232 235 234 236 241
161 162 176 174 173 162 157 168 157 238 282 241 254 255 288 291 292 285 255 258 295 297 294 300 306 302 298 300 303 265
354 352 353 352 353 354 356 357 358 357 358 356 354 352 350 348 346 345 347 346 344 343 345 344 342 343 345 346 344 342
57 59 57 54 55 58 56 58 59 61 60 58 55 56 55 56 58 56 57 56 54 55 54 52 51 50 49 51 54 55
110 112 176 179 180 177 108 177 164 108 104 103 102 100 103 99 287 285 280 93 281 240 245 162 180 178 111 115 173 175
149 143 137 138 128 130 172 155 171 174 171 167 174 164 180 119 183 186 188 192 191 196 140 142 140 135 127 122 125 126
214 210 211 210 214 253 254 283 257 216 205 219 207 202 147 202 205 223 225 226 221 227 228 272 276 235 233 228 222 218
336 334 335 337 338 339 337 339 337 335 334 333 335 334 335 337 335 337 338 336 334 332 334 335 337 339 340 339 337 338
106 101 96 92 90 89 86 87 88 86 87 88 85 87 84 81 79 76 73 74 73 72 71 69 72 69 68 67 66 67
313 23 314 313 296 293 290 292 293 313 316 314 23 289 286 101 99 19 12 19 15 18 14 96 19 284 285 251 253 286
414 413 414 412 411 409 411 412 413 412 410 409 411 410 412 410 411 409 408 410 412 414 413 415 414 416 414 416 415 414
322 325 324 325 326 323 322 325 323 320 319 316 318 317 320 318 319 321 322 325 322 325 327 325 327 324 326 327 330 332
248 184 120 124 128 127 133 132 153 152 153 157 156 161 197 196 190 124 125 121 122 136 196 140 143 145 203 197 200 202
49 51 49 48 49 51 53 50 49 50 53 50 48 50 52 50 51 49 47 48 46 44 45 47 49 48 46 47 48 46
218 209 216 215 259 256 295 255 260 264 258 242 240 238 237 236 235 274 279 278 259 264 271 274 275 303 266 272 270 266
274 261 266 272 273 278 276 282 254 252 245 162 157 129 118 115 173 169 167 162 160 140 137 128 119 125 189 183 175 117
109 107 109 107 108 100 104 108 100 107 104 101 286 98 102 288 284 258 215 206 260 257 261 264 265 229 235 282 239 243
178 111 113 110 113 116 173 158 119 124 190 188 191 193 183 177 175 115 176 119 126 119 158 240 242 245 247 161 197 194
167 240 282 98 99 17 96 97 101 96 100 103 106 101 98 239 242 241 282 242 237 239 238 161 163 244 249 248 243 247
435 434 432 430 428 429 427 428 429 431 432 434 433 434 436 437 436 434 432 433 432 434 436 435 433 432 431 429 431 433
115 175 120 190 195 190 191 123 192 140 136 127 123 186 188 187 191 186 124 187 190 195 190 194 195 192 194 211 194 200
56 58 55 53 54 53 54 56 53 55 52 55 58 57 59 61 59 57 59 61 59 60 58 60 58 56 54 51 50 52
337 336 338 340 342 340 341 343 345 347 345 343 342 341 343 341 339 337 336 335 333 336 335 334 336 338 337 336 337 339
15 20 18 98 243 164 244 242 283 280 279 90 15 16 95 19 21 288 252 255 242 250 252 257 254 259 262 259 261 216
441 442 441 440 441 440 442 444 443 444 442 441 440 442 444 445 446 443 445 443 446 443 445 447 449 447 449 448 447 449
401 402 400 401 403 401 403 402 403 402 400 401 403 404 403 402 400 398 399 400 398 400 399 398 400 402 404 407 404 403
182 120 175 166 173 159 122 118 175 162 158 167 174 163 245 247 104 100 12 99 15 91 93 15 95 16 13 10 13 14
394 396 398 400 401 399 397 399 398 399 398 399 397 395 396 397 396 397 398 397 398 399 400 398 396 394 395 394 392 393
32 33 34 36 38 40 43 44 46 45 46 44 43 44 42 39 41 39 38 39 40 39 42 39 42 43 41 39 38 37
371 372 371 372 371 372 371 373 372 374 372 373 371 372 374 376 375 373 375 377 375 377 375 374 375 377 379 377 375 376
227 226 221 205 221 218 209 208 213 215 216 221 216 218 215 210 208 256 214 259 215 207 198 201 198 203 146 143 140 145
317 318 315 314 317 320 318 316 317 320 318 316 318 321 323 324 325 324 327 325 326 324 325 323 320 317 320 318 316 317
206 215 259 257 215 218 220 202 207 221 270 274 272 270 265 264 270 261 258 264 225 205 202 208 210 213 251 242 241 243
382 384 383 381 379 378 376 374 375 376 374 375 374 373 374 375 373 371 373 372 371 369 370 369 370 372 370 369 368 367
141 142 145 146 150 145 140 135 134 129 122 134 131 155 170 169 131 130 159 162 247 248 243 254 253 257 216 208 253 286
221 228 226 225 206 209 212 211 210 207 216 256 254 285 245 163 159 120 159 119 124 118 174 167 240 244 247 251 249 246
223 222 218 222 226 222 217 221 219 224 219 202 207 202 204 224 221 216 208 256 212 214 259 256 216 221 218 206 209 218
44 45 43 44 42 44 42 40 39 42 39 42 44 43 42 40 42 44 46 44 41 39 42 39 40 42 41 39 40 43
88 307 300 306 299 265 229 225 271 261 270 222 225 271 268 270 221 217 219 223 220 203 202 147 146 199 200 147 145 147
244 247 243 244 248 179 112 115 111 108 109 106 108 110 109 111 178 117 179 120 190 123 159 172 155 154 149 139 141 140
151 233 234 151 149 154 150 147 151 227 205 200 203 197 203 201 215 259 291 293 295 298 302 301 300 312 299 306 305 308
101 100 18 16 21 24 20 15 19 22 290 292 285 258 264 260 206 202 206 202 220 222 227 232 277 235 231 151 147 199
440 441 440 438 437 438 439 437 435 434 432 434 436 434 436 435 434 436 437 438 440 441 439 437 435 436 438 436 437 435
153 156 155 167 165 162 240 234 236 241 243 101 104 99 15 94 280 91 95 18 19 17 99 285 240 235 238 236 241 239
412 410 408 409 407 404 405 406 405 404 402 400 402 403 404 403 405 404 403 401 400 399 397 395 394 396 398 397 398 399
134 127 128 124 127 123 159 163 101 244 193 195 192 191 190 187 190 189 182 185 182 187 189 188 189 190 249 252 286 290
319 317 316 319 318 316 313 312 297 296 300 305 309 299 266 263 261 274 271 272 265 260 254 286 289 288 286 243 164 177
289 287 101 102 106 9 6 4 7 6 4 7 8 7 8 6 4 5 7 4 3 2 0 1 3 4 7 8 10 13
80 81 79 76 75 74 76 73 71 74 75 76 78 80 81 79 77 79 78 80 79 76 73 71 74 75 77 78 80 79
353 355 356 358 360 358 357 359 357 355 354 355 354 353 354 355 356 358 360 361 360 362 364 363 361 360 359 357 355 356
105 97 92 93 14 11 14 92 16 14 95 91 93 98 286 284 101 163 101 287 101 104 98 284 296 21 25 27 30 28
125 192 137 140 135 140 195 201 215 213 256 212 250 247 175 164 173 167 169 167 162 167 155 157 162 174 118 173 115 110
65 64 63 64 62 64 65 64 62 61 63 61 62 60 62 61 62 63 64 66 67 68 70 68 66 65 64 63 62 60
157 237 154 233 232 274 275 279 284 21 290 25 27 30 33 35 32 30 32 29 24 289 291 259 295 262 283 293 291 296
35 34 36 34 32 29 26 24 28 29 31 34 33 31 32 33 35 34 36 35 38 36 39 37 34 35 37 40 37 35
104 101 100 95 15 12 13 10 7 9 8 11 8 9 106 108 110 176 174 158 167 164 244 175 119 121 179 116 119 116
352 354 352 351 350 349 347 349 350 348 350 351 349 351 349 351 353 355 357 359 357 359 361 363 361 362 364 366 364 363
383 385 386 385 387 385 384 382 385 387 389 388 390 391 390 392 394 392 390 388 389 392 390 389 391 389 390 392 391 393
175 164 173 116 120 124 123 117 122 126 135 137 123 137 128 123 136 126 136 140 145 141 142 141 199 147 151 152 155 132
272 268 264 275 278 259 265 274 273 235 278 238 200 206 202 203 205 220 222 270 229 270 222 221 222 224 205 225 270 226
396 395 397 399 398 396 398 397 395 394 395 396 398 396 397 395 393 392 391 390 392 390 388 387 389 388 386 387 386 387
270 265 276 275 261 216 219 224 271 263 261 216 208 202 206 205 222 217 225 228 274 277 282 240 236 281 91 95 90 15
202 200 205 224 205 206 219 217 225 226 205 200 194 192 160 193 187 192 198 201 198 200 201 198 199 202 203 151 152 154
278 238 157 200 160 240 241 196 140 136 137 142 149 148 146 143 138 125 137 125 126 120 122 124 128 159 123 136 196 139
418 417 419 421 423 425 426 425 426 428 427 425 426 424 426 424 422 424 426 427 428 429 431 430 431 433 431 430 429 430
90 92 14 19 99 104 98 101 286 291 287 292 290 25 27 26 29 28 31 30 33 36 33 34 31 34 35 32 29 28
238 161 237 241 285 283 293 298 293 311 297 296 295 300 307 310 89 310 300 303 298 296 309 307 306 303 297 302 263 270
341 340 342 340 341 339 341 342 340 341 342 343 341 342 340 342 343 345 344 345 347 346 344 343 342 343 342 343 342 343
18 15 95 91 94 279 94 97 105 109 111 115 179 177 110 174 110 113 116 112 114 111 115 111 109 112 110 175 176 115
20 22 290 295 289 23 21 296 259 264 262 275 264 266 274 278 282 254 252 250 249 251 255 253 250 251 254 252 214 216
342 344 346 348 346 348 349 351 349 347 345 343 345 344 342 344 346 347 349 348 346 348 349 350 349 348 349 348 346 347
268 262 257 253 249 184 190 187 182 187 184 247 245 242 284 282 242 238 161 163 166 162 241 197 193 245 197 196 198 144
339 338 336 335 337 338 339 337 338 336 337 339 340 342 340 342 344 346 344 342 343 341 340 341 340 341 342 344 342 343
199 208 207 206 217 260 257 238 242 240 234 239 241 243 282 238 277 94 95 93 280 281 239 236 240 285 245 244 175 119
145 202 218 201 218 221 202 201 215 213 212 215 208 199 200 199 147 200 160 200 157 240 239 282 258 259 258 285 241 236
41 39 40 37 34 35 32 35 34 32 34 37 40 41 38 37 38 35 37 39 36 37 38 37 38 40 43 42 39 40
409 411 409 410 411 410 411 413 415 416 418 417 418 419 420 421 422 420 418 420 421 420 421 420 421 420 421 419 420 421
253 215 258 263 267 266 275 272 268 264 259 215 213 253 208 213 214 213 215 256 259 283 239 244 247 251 255 253 213 214
169 167 169 155 131 133 127 135 130 129 159 118 127 128 136 160 122 127 125 129 123 129 122 128 138 125 138 137 140 192
261 283 296 294 296 298 300 305 306 309 296 300 303 307 303 309 305 304 303 300 301 304 299 300 312 293 298 294 259 260
395 394 393 395 397 399 401 400 398 396 394 393 392 391 390 392 394 396 398 396 397 398 400 398 397 399 401 400 402 401
424 425 426 425 423 421 422 424 425 427 429 430 432 433 434 432 430 432 431 429 431 432 434 432 430 428 429 430 428 427
25 24 28 24 21 284 277 236 235 273 269 264 262 298 299 275 271 227 228 274 275 263 302 263 257 214 207 209 211 210
200 202 145 144 140 145 144 142 141 138 142 137 123 135 125 129 133 135 134 156 169 155 157 160 162 248 163 248 244 247
370 372 370 371 372 371 369 368 366 365 367 366 365 367 365 366 368 366 367 366 368 366 364 365 367 366 364 365 364 362
142 143 141 195 196 201 199 193 195 189 120 159 156 155 156 139 137 122 118 159 136 128 123 188 125 134 136 122 123 193
213 214 259 262 299 302 300 312 297 296 293 21 18 99 20 24 26 23 24 29 26 24 29 27 24 23 20 289 24 27
220 206 217 208 199 197 245 161 159 129 122 118 122 135 127 124 126 128 126 128 134 133 131 169 173 167 172 167 173 166
62 64 62 60 58 59 58 55 57 54 57 55 52 50 51 53 54 56 53 51 49 47 45 47 49 48 49 51 54 55
250 251 286 246 247 244 163 248 179 185 189 183 123 120 162 163 167 174 110 176 114 117 122 136 135 132 156 157 200 206
264 270 269 273 226 222 271 224 226 223 228 230 274 261 272 270 267 301 303 296 302 305 309 305 302 303 262 298 303 305
442 444 443 441 440 441 440 441 443 444 443 442 443 442 440 438 437 439 441 439 441 442 440 441 442 440 441 439 438 439
444 442 444 446 445 446 447 446 448 446 448 450 449 448 447 445 443 445 444 442 443 441 439 437 435 436 435 434 436 437
6 7 9 10 13 18 16 90 279 258 264 275 271 273 269 267 268 264 266 262 260 216 256 259 294 291 292 288 21 296
67 69 71 70 72 70 68 67 66 63 66 65 64 63 66 64 66 64 63 64 66 67 68 67 68 69 72 74 73 75
425 423 422 423 425 423 421 422 424 426 428 427 429 430 428 426 424 426 428 426 427 425 424 423 424 423 424 426 428 429
85 86 88 310 312 309 301 302 301 303 309 302 263 267 271 272 264 261 283 285 284 279 280 91 89 90 92 19 21 287
60 58 57 54 57 56 55 53 55 52 53 54 51 50 49 50 51 53 54 57 54 52 55 52 53 52 54 53 51 49
86 83 80 83 81 78 79 81 82 84 81 83 82 84 86 83 84 83 85 84 86 83 84 83 81 80 79 78 81 82
431 429 431 430 431 432 431 432 430 432 433 432 433 434 432 430 431 432 434 432 434 432 433 431 429 427 426 425 427 425
308 306 309 310 307 306 307 305 306 302 309 311 299 303 297 291 293 299 265 302 301 298 263 268 271 261 272 266 269 265
328 331 333 331 332 331 328 325 328 329 328 331 329 327 324 321 320 319 321 324 322 324 326 329 326 328 330 332 331 328
391 392 389 392 393 392 394 392 394 396 395 394 393 390 389 391 393 395 394 393 395 393 395 393 390 388 386 388 386 384
87 89 87 89 91 92 89 308 303 305 304 308 89 311 89 310 90 279 280 94 282 239 278 235 238 237 158 156 150 145
287 291 287 102 97 94 95 96 11 100 108 109 107 110 114 112 113 116 115 177 111 110 108 164 166 173 172 129 121 122
5 4 7 6 5 2 5 4 6 5 2 3 1 2 4 3 1 4 7 8 11 96 97 100 95 96 18 102 98 287
2 1 3 2 1 0 1 4 5 3 1 2 5 3 6 5 2 5 8 9 12 10 13 17 96 91 15 95 12 11
225 228 271 261 263 260 261 271 228 222 205 201 217 224 205 222 271 262 268 264 260 257 252 256 261 206 217 207 206 224
13 11 99 97 94 18 96 15 17 99 97 18 102 100 11 9 12 92 17 14 93 18 16 95 19 15 99 20 23 314
230 229 271 228 226 227 204 218 206 207 221 219 217 225 228 271 226 221 206 217 204 225 204 220 217 202 200 197 161 158
398 396 395 396 394 392 394 396 398 400 401 402 404 402 403 402 401 403 401 399 401 399 397 398 399 397 398 396 394 392
325 323 324 326 328 330 331 329 326 327 324 321 323 324 323 326 328 329 328 329 328 326 328 327 324 321 320 323 322 319
323 320 318 320 321 320 319 320 317 314 16 314 16 21 19 12 15 14 95 19 12 96 11 96 13 11 9 6 3 4
407 408 409 408 409 407 409 411 413 412 410 408 407 408 409 410 409 411 409 407 406 407 408 407 409 407 408 406 407 405
55 58 56 54 57 58 57 55 54 55 53 56 58 56 55 53 50 53 51 52 51 53 50 48 50 53 54 57 56 55
405 404 405 404 402 401 402 404 402 403 401 400 399 397 396 395 393 395 396 395 396 398 400 401 399 398 400 401 402 403
107 109 111 177 178 182 184 187 182 179 116 119 116 113 114 113 112 111 176 109 107 106 105 99 20 19 16 19 311 22
349 348 350 352 353 354 353 351 352 353 352 350 351 350 352 354 356 355 354 356 358 360 358 356 354 356 355 353 352 351
50 48 47 49 51 50 52 50 48 50 51 53 54 53 56 57 56 57 58 55 57 56 55 54 56 53 55 57 59 58
262 275 299 304 302 296 299 262 258 215 209 217 206 225 226 230 229 234 236 237 232 228 203 228 230 225 220 206 204 199
36 34 35 33 35 33 34 35 32 29 32 35 32 30 29 25 24 289 20 25 20 22 25 28 31 33 31 30 27 25
179 120 184 179 115 176 119 175 173 158 174 166 163 172 168 165 166 175 120 175 166 164 247 246 286 293 289 21 287 288
75 76 73 71 69 67 66 64 63 61 59 57 56 53 51 52 51 52 53 55 52 54 55 57 59 61 62 63 65 67
426 424 426 425 424 425 423 421 422 420 419 421 420 419 418 417 416 417 415 413 415 413 412 410 409 410 412 410 411 413
133 127 122 172 156 153 132 129 130 155 132 156 158 166 170 174 162 172 173 172 168 158 240 162 174 175 120 183 117 115
205 221 205 226 227 230 234 235 241 282 254 241 235 228 205 204 228 229 274 228 221 226 273 275 269 268 269 275 262 275
154 233 234 151 147 153 155 132 129 157 172 122 128 129 125 129 132 135 134 138 125 138 137 140 192 193 183 182 178 183
45 47 45 44 46 47 45 46 47 48 46 48 46 47 46 44 43 45 44 43 41 44 42 40 41 42 44 42 41 42
358 359 357 358 359 357 359 358 356 357 356 358 357 356 355 354 355 357 355 357 356 357 355 356 357 356 355 353 352 354
445 446 444 446 443 442 443 446 447 446 443 445 443 446 443 444 446 448 447 448 449 447 446 444 445 446 444 446 443 446
242 284 19 96 100 108 104 101 105 99 11 106 100 107 103 100 102 98 97 105 103 98 105 99 101 98 285 239 284 98
416 418 416 417 416 414 412 413 411 409 410 411 410 412 410 408 406 405 404 405 403 401 403 401 400 401 400 398 397 395
183 180 179 175 164 165 97 92 94 279 296 303 298 302 305 303 305 306 303 298 299 283 292 293 295 259 257 253 211 214
422 424 422 423 424 423 421 420 421 419 421 419 417 419 420 418 419 421 422 423 421 420 418 417 418 416 414 413 411 413
108 111 114 116 173 159 171 131 172 162 176 114 115 112 114 110 176 112 176 117 173 165 167 169 170 173 167 155 153 148
148 203 218 204 227 229 274 271 226 230 271 230 234 235 237 241 157 160 200 202 218 205 204 223 221 207 210 212 256 255
61 62 64 65 63 65 66 67 66 65 63 64 66 68 70 68 66 63 65 67 69 70 68 69 67 69 67 68 69 72
47 45 46 47 45 44 46 45 43 42 39 42 39 38 36 38 39 42 41 43 44 43 44 45 47 48 50 48 46 44
410 411 410 409 408 407 406 405 407 406 408 407 404 402 403 402 404 403 405 403 401 403 405 406 405 403 405 403 404 405
276 281 93 90 279 309 299 304 266 263 267 271 270 269 267 261 256 260 254 251 213 215 257 283 286 288 292 22 24 26
97 165 240 163 160 119 118 174 162 165 101 100 108 109 176 179 116 179 175 176 119 161 160 122 172 119 162 172 130 170
374 373 371 373 372 371 369 371 369 371 370 369 368 370 372 374 376 377 378 376 378 376 378 376 374 372 373 372 371 370
281 258 285 102 96 98 280 285 292 296 311 293 313 315 310 315 314 312 314 311 308 303 267 270 272 273 274 272 262 298
48 50 49 48 47 45 47 49 50 49 47 48 47 49 51 49 47 45 43 45 46 47 48 46 45 43 41 42 44 43
128 159 169 155 131 134 130 134 127 128 137 135 122 125 136 124 128 131 172 156 130 133 128 132 155 169 170 158 154 152
207 198 197 194 188 191 195 140 145 147 146 150 156 134 122 128 125 137 123 129 118 159 156 158 172 129 139 142 145 147
233 232 236 282 292 284 101 96 12 14 95 16 12 17 10 17 19 16 92 90 310 313 22 20 17 12 95 99 17 20
210 212 208 207 202 147 204 201 202 197 193 123 135 123 191 193 140 139 160 119 158 162 159 129 132 153 157 240 281 239
448 449 447 445 444 446 444 446 445 447 446 444 445 446 445 443 441 440 439 440 442 440 438 437 439 441 439 438 436 438
392 394 392 394 392 391 392 391 389 390 393 395 393 392 389 391 389 388 386 384 383 384 383 382 385 386 388 387 386 385
377 378 376 378 380 379 377 376 375 377 378 376 375 377 379 380 379 380 381 383 385 387 388 387 385 384 382 380 382 385
68 66 63 64 66 63 64 66 63 65 63 66 68 66 63 66 68 66 63 61 60 61 60 62 60 59 58 60 62 63
155 168 154 158 154 150 153 155 172 168 166 163 246 163 167 171 173 163 162 240 236 233 232 228 205 203 150 143 138 136
147 224 228 227 231 273 270 263 269 266 298 292 289 292 255 259 298 266 267 302 305 302 305 308 300 305 302 304 302 304
