147 143 161 163 139 135 158 140 158 161 136 133 221 129 125 130 172 177 173 172 170 171 165 132 136 134 162 139 135 162
19 22 19 18 19 22 25 23 24 22 24 21 24 22 21 22 20 17 20 23 21 18 21 18 17 15 12 9 198 200
39 40 38 40 37 39 40 41 38 36 35 34 35 36 34 33 31 34 35 36 37 34 36 39 38 37 34 33 34 31
71 68 67 68 64 62 70 67 71 65 73 69 68 65 72 69 64 66 64 67 64 68 66 68 66 69 74 75 72 75
180 186 180 183 186 184 185 184 187 120 125 208 123 208 204 205 201 117 210 120 116 205 208 212 214 217 132 219 217 221
130 172 127 219 217 129 125 213 129 218 128 123 119 124 212 210 211 215 125 127 166 127 172 178 182 183 178 177 180 174
66 65 70 68 70 74 65 67 69 63 73 72 67 71 63 69 75 73 78 75 71 66 63 67 65 69 67 65 63 61
138 143 147 152 143 158 157 152 156 159 138 158 140 222 220 221 133 132 133 136 162 156 160 159 164 139 138 161 156 158
171 175 170 169 176 124 127 121 115 187 180 187 116 187 180 177 176 174 170 127 166 135 161 165 136 138 164 161 132 162
170 175 178 179 178 183 180 183 182 183 179 174 178 180 179 185 122 207 201 206 116 190 112 114 120 114 113 111 108 199
11 12 9 8 5 2 4 5 2 4 2 5 2 4 2 4 2 3 2 0 2 4 2 4 5 7 5 2 5 3
14 13 16 19 16 13 12 15 12 10 12 14 11 8 9 198 203 115 204 202 204 200 194 109 108 110 116 111 110 199
235 238 239 236 238 236 239 236 233 237 236 231 228 230 229 231 234 232 231 227 225 224 221 223 220 224 220 128 209 204
24 23 22 25 27 30 27 25 27 25 22 20 23 21 19 17 16 18 17 15 12 10 13 16 19 20 23 26 29 27
37 38 39 41 40 37 36 38 41 39 38 36 37 36 37 40 41 40 38 41 43 42 40 42 44 43 41 42 44 42
146 145 139 137 140 226 228 227 223 220 221 225 222 220 134 132 128 218 216 219 135 138 142 156 162 164 169 131 162 131
140 137 226 223 137 141 142 138 144 149 143 142 143 150 151 150 149 148 146 145 149 143 150 143 153 147 150 153 152 149
185 181 187 119 187 116 188 115 187 186 184 182 178 174 178 174 170 165 131 169 134 128 209 210 211 207 208 206 121 214
204 117 202 117 122 208 117 202 197 107 198 197 202 207 208 206 118 119 208 213 216 211 120 119 123 120 123 211 215 209
195 197 193 196 201 207 120 114 188 195 199 108 197 196 200 109 107 109 106 193 197 193 191 107 191 105 106 105 100 191
201 195 190 188 190 116 113 114 112 116 190 195 188 189 190 192 193 104 106 108 112 188 189 116 118 188 113 203 200 198
1 3 0 2 0 1 4 7 10 11 13 12 14 11 12 10 12 9 198 197 193 191 107 113 202 200 117 211 210 206
215 212 210 125 126 211 208 204 202 201 117 208 122 211 213 129 127 133 138 158 156 143 150 146 151 147 141 158 159 161
63 67 65 73 69 74 70 75 83 87 91 89 85 90 93 192 93 192 196 200 194 108 110 112 115 185 183 182 179 183
212 129 215 210 208 207 115 114 108 107 197 196 193 196 199 194 193 190 116 188 119 116 120 122 126 218 215 132 131 128
226 229 231 235 238 233 231 234 237 238 234 231 235 230 232 228 232 233 229 225 224 222 132 223 220 130 216 220 223 132
17 16 13 14 15 18 15 13 16 18 17 19 22 24 26 24 21 24 23 26 23 24 25 28 29 31 28 29 32 31
12 14 12 9 7 9 7 8 10 8 5 7 6 4 2 1 2 0 2 1 3 0 2 3 4 3 4 2 5 8
38 41 40 37 35 33 31 28 29 27 25 22 23 24 27 25 22 25 27 30 27 30 33 31 29 28 25 27 24 23
203 116 195 199 113 116 117 115 118 208 122 124 215 214 216 128 212 129 219 128 215 133 127 133 220 218 213 125 208 125
211 212 123 127 173 178 177 172 171 173 171 166 170 174 173 178 173 170 167 161 158 135 159 139 158 135 133 134 137 143
228 225 229 225 222 136 142 141 140 146 147 149 152 154 155 160 155 161 155 159 165 135 220 130 219 130 129 219 128 218
94 100 103 99 100 102 97 105 108 194 192 194 107 199 201 195 204 118 120 118 112 115 207 204 209 213 210 117 113 202
192 195 192 193 195 190 187 115 121 126 130 127 172 130 166 170 168 173 171 173 172 177 175 179 177 181 180 174 170 174
100 105 194 106 105 100 102 99 94 97 91 97 98 95 89 92 91 87 88 89 88 91 96 92 88 90 85 86 89 84
160 165 139 142 144 147 145 150 151 146 151 153 155 157 155 143 146 151 154 152 142 141 142 160 162 156 143 157 139 134
217 128 212 207 205 203 202 113 108 111 110 116 119 120 204 113 190 116 207 117 206 118 185 118 211 119 188 115 111 109
21 20 21 24 25 23 21 18 16 19 21 18 15 13 10 12 10 7 4 1 0 3 5 3 4 5 6 3 5 6
112 117 200 194 201 204 113 112 113 108 193 104 103 102 103 105 106 103 99 95 101 102 101 96 192 94 97 95 89 83
139 134 169 165 136 137 161 134 169 167 172 176 171 175 170 166 134 133 139 134 168 165 130 219 132 216 132 216 217 129
77 76 78 75 79 76 80 76 75 80 78 84 88 90 95 94 192 93 90 87 89 85 86 91 93 88 84 88 92 90
184 182 184 185 184 187 116 204 207 118 123 211 207 203 209 214 216 211 207 124 121 206 205 208 212 216 126 125 121 215
22 23 21 18 20 22 25 24 21 18 16 17 14 11 14 16 14 16 18 20 22 24 27 25 23 22 25 24 23 26
131 219 218 221 218 215 210 125 127 170 165 131 133 127 211 208 209 214 212 216 220 135 132 217 213 121 126 123 215 133
59 60 63 73 78 77 72 74 76 78 73 74 70 69 65 69 68 63 65 73 74 77 75 83 75 82 80 82 75 73
194 192 93 192 97 92 86 90 91 96 90 89 93 94 91 89 94 192 189 195 116 190 116 120 116 113 116 112 188 187
93 92 87 85 80 85 88 83 82 75 70 66 71 64 62 60 62 70 65 63 70 71 65 69 74 71 63 67 69 71
113 204 114 116 118 121 207 201 202 200 194 191 195 189 191 108 195 191 189 192 193 108 111 114 207 208 124 211 207 208
126 122 212 216 133 221 225 224 220 128 134 131 168 130 216 125 209 120 122 208 206 117 210 117 121 126 179 180 176 171
118 203 202 207 211 129 131 169 165 163 169 175 170 127 121 212 124 130 220 136 140 136 138 137 133 165 137 133 129 133
40 42 43 41 43 45 47 46 48 50 48 47 46 45 46 49 48 50 47 49 46 49 52 55 54 53 54 56 53 52
186 115 204 119 114 207 204 203 114 188 189 188 113 119 187 116 119 180 184 185 180 174 173 176 177 172 130 134 168 130
165 135 220 136 130 220 217 125 219 217 214 211 214 215 214 210 212 209 211 216 210 213 210 209 121 210 117 201 198 200
58 60 61 60 58 57 58 57 59 57 56 58 55 53 52 54 56 53 51 50 51 54 52 54 55 56 60 62 59 60
136 161 163 169 134 161 159 139 165 168 170 169 171 168 134 136 219 133 139 156 147 141 140 144 139 162 138 141 146 140
198 199 196 192 93 91 93 87 92 89 84 89 94 91 89 90 89 90 94 97 105 191 108 114 115 121 210 216 130 126
31 28 31 28 25 22 19 21 19 22 19 21 18 19 18 20 22 20 17 18 17 19 22 21 19 16 17 15 13 15
196 197 198 201 113 111 117 121 213 212 210 209 203 118 112 110 108 106 194 191 97 99 97 100 98 94 89 88 93 94
168 169 128 214 209 125 218 222 133 130 135 134 135 160 158 156 139 143 158 163 134 128 212 127 166 168 173 126 219 217
96 99 102 97 91 88 86 85 83 79 78 84 78 76 77 83 81 80 78 76 78 80 76 71 70 74 76 73 69 75
137 143 150 145 150 148 147 148 146 144 154 144 138 143 148 150 146 151 149 146 140 143 138 157 147 143 146 152 149 143
81 78 82 75 69 67 70 72 68 65 69 66 68 70 69 75 83 81 79 76 73 69 63 67 70 66 67 73 74 73
229 228 232 233 237 232 233 230 226 222 223 136 223 219 125 208 121 208 214 219 220 131 127 166 132 217 125 207 125 219
82 86 87 89 86 75 86 88 92 91 89 93 90 93 97 96 101 95 89 83 88 92 94 96 100 94 99 103 106 107
216 214 121 213 218 217 214 212 126 176 178 180 183 177 175 177 123 176 178 182 176 127 219 217 218 213 124 118 119 123
231 228 230 233 229 227 223 227 228 230 227 229 227 230 229 225 227 228 230 227 232 230 233 234 232 234 238 233 232 233
28 29 30 28 30 31 34 35 37 36 37 34 33 30 32 31 34 31 32 31 34 37 40 39 41 43 45 46 47 46
29 31 34 33 34 32 31 30 31 34 36 38 36 35 37 40 38 39 37 35 37 38 37 36 35 33 34 32 33 35
79 81 85 90 94 97 101 105 100 102 101 100 102 100 105 192 100 99 101 193 101 98 99 100 191 96 92 93 91 89
98 93 191 189 195 197 201 206 202 203 206 117 205 200 194 195 204 207 202 204 195 116 112 109 114 112 108 106 105 193
222 227 224 225 223 221 225 228 224 220 134 162 139 165 159 163 162 165 168 135 138 137 132 216 213 121 207 201 200 194
30 28 27 29 27 26 25 23 26 29 31 28 27 28 29 30 28 25 24 23 20 21 24 25 26 24 23 25 26 25
127 170 171 167 131 220 137 222 140 146 152 156 142 140 145 152 156 152 156 152 157 138 136 220 224 225 226 221 222 224
191 108 106 194 192 98 100 102 103 104 103 101 104 105 194 191 195 107 198 197 203 207 124 216 211 213 124 212 206 117
92 89 90 88 92 88 91 86 82 87 82 77 78 81 87 88 92 97 94 100 96 94 192 190 188 185 180 183 181 177
161 139 135 168 162 165 135 134 161 132 216 219 128 214 121 115 113 199 108 193 100 99 94 98 99 103 100 97 191 194
57 58 56 58 59 56 55 56 57 58 59 57 58 60 56 55 54 51 50 48 47 45 46 44 45 43 41 40 41 38
110 107 104 103 105 103 102 98 100 102 103 100 99 98 97 92 95 93 191 192 196 192 190 192 100 95 96 95 90 94
149 146 148 151 152 147 145 140 157 143 145 144 141 146 152 156 147 156 159 161 136 140 144 142 161 159 161 131 135 132
214 211 119 208 207 122 123 177 175 172 178 182 177 176 122 125 210 117 112 109 107 200 112 111 108 193 192 94 93 95
106 103 99 97 101 98 95 91 92 94 99 101 105 194 199 200 201 199 113 116 113 207 203 118 121 119 120 208 207 125
83 80 83 74 75 71 73 63 70 65 63 70 74 72 73 70 69 67 65 64 70 66 67 70 74 71 64 71 74 73
72 74 75 83 84 85 83 80 78 80 76 75 71 74 69 67 68 65 72 71 69 66 70 68 72 70 65 73 72 75
9 8 6 4 3 4 5 7 5 8 9 198 202 197 202 208 206 211 215 210 117 200 204 198 107 108 113 202 208 204
49 47 49 51 54 56 57 55 56 60 57 54 53 54 57 55 56 53 56 58 55 57 60 61 64 68 69 70 64 61
78 83 87 88 92 93 91 93 91 93 192 94 100 191 105 101 193 191 192 190 108 105 103 98 93 96 99 97 103 102
144 154 151 147 146 144 138 161 137 136 131 130 125 212 206 205 121 210 121 207 125 131 161 155 160 162 158 139 164 131
218 129 135 130 219 216 211 128 165 135 220 218 215 126 128 220 136 134 165 162 160 155 160 139 137 220 134 165 168 165
109 111 117 116 190 191 192 195 190 187 115 113 204 119 188 189 186 181 185 119 211 206 204 198 199 203 202 207 118 206
178 176 124 210 121 126 219 130 124 127 126 169 127 131 212 213 125 130 220 135 131 127 173 175 174 172 127 165 131 219
167 170 175 123 173 126 131 132 222 227 231 236 231 235 239 234 231 234 238 235 239 234 239 235 232 227 226 222 134 138
84 82 79 75 82 75 72 77 83 76 77 72 76 71 69 74 73 77 78 73 77 73 78 81 84 80 83 77 83 89
122 127 170 165 130 124 129 131 132 223 225 221 219 222 223 140 158 141 157 162 134 140 222 223 226 228 230 228 223 220
115 186 189 115 114 119 121 122 117 118 122 211 208 117 202 207 210 207 120 119 207 124 210 122 179 185 180 182 177 180
187 115 112 107 110 200 112 188 112 113 200 205 211 120 209 206 212 121 116 115 117 118 114 120 208 204 199 113 190 196
56 55 53 54 55 53 56 57 60 56 54 53 50 47 45 46 45 44 43 42 40 37 34 35 33 35 34 32 29 27
15 18 20 21 24 23 25 24 21 23 25 26 29 32 31 34 35 36 34 36 38 41 40 39 37 36 34 35 34 36
76 83 88 89 86 82 77 83 77 75 80 75 72 70 74 69 66 71 67 72 67 69 73 70 64 68 70 68 70 67
95 90 94 93 87 83 88 87 86 88 86 88 86 78 80 79 81 87 91 97 94 91 90 86 83 87 84 79 76 78
182 180 176 180 123 128 216 124 118 117 204 202 199 198 9 12 15 12 13 12 9 7 4 2 1 4 5 2 3 1
208 123 122 124 118 124 120 121 123 127 172 171 175 169 134 137 165 170 172 175 179 174 170 165 160 158 164 165 131 215
73 63 60 63 62 59 58 61 58 60 63 69 63 60 57 59 57 59 61 58 55 57 59 60 62 60 57 59 60 62
32 31 28 31 30 31 34 32 33 31 32 34 32 33 35 37 36 37 39 38 39 36 37 36 35 33 35 36 37 38
181 176 180 122 207 205 202 205 116 115 111 113 109 106 103 97 94 97 92 96 191 189 192 197 203 208 204 207 115 118
227 222 226 137 140 137 136 130 220 133 216 129 134 169 172 171 172 170 174 173 178 183 185 115 109 107 112 111 115 113
124 213 215 216 128 212 211 206 118 207 203 113 115 185 115 189 116 205 208 125 218 125 129 131 162 161 162 139 161 158
164 163 135 137 223 136 165 161 138 134 129 216 219 215 216 219 216 221 133 135 159 161 143 156 147 143 140 135 220 133
237 235 237 236 231 229 230 229 233 229 231 232 231 235 232 236 231 234 231 236 233 234 236 232 231 236 235 238 236 234
206 211 119 207 205 211 210 120 205 206 204 195 201 197 200 108 109 113 207 209 121 116 111 115 187 115 187 188 186 181
141 158 155 152 156 158 155 154 159 156 143 152 151 148 142 158 141 139 164 169 174 176 124 128 132 134 138 136 133 127
143 142 143 154 140 138 133 216 124 216 215 211 128 218 215 129 124 212 215 217 129 130 220 215 127 125 217 212 123 211
221 136 137 165 136 226 227 226 227 224 221 218 213 216 217 132 223 224 226 225 222 224 228 225 222 219 132 223 133 162
7 8 5 6 9 12 15 12 15 17 14 17 20 17 14 15 16 18 21 23 25 27 29 27 26 29 26 27 24 27
8 9 11 14 16 13 15 18 19 22 21 22 25 27 26 27 25 23 24 21 20 19 22 20 17 14 13 10 13 11
223 227 231 229 233 235 234 237 236 235 231 227 231 226 136 133 221 216 211 128 219 223 132 166 161 159 155 157 156 143
174 171 173 174 169 130 131 216 215 211 210 122 212 206 120 210 122 176 178 173 179 181 176 122 179 180 183 180 174 171
44 42 44 43 42 41 39 41 38 40 37 38 40 37 34 32 31 33 31 30 29 32 34 31 29 28 31 34 37 35
88 84 86 92 86 83 88 90 94 97 191 105 100 98 93 87 84 85 88 87 85 90 92 95 192 196 193 108 110 113
151 152 144 140 142 154 160 156 160 159 156 152 144 141 136 140 144 139 141 135 160 165 163 166 165 127 132 137 226 140
34 36 38 40 42 41 39 41 40 38 39 38 37 36 37 40 38 39 38 41 43 42 40 41 38 36 35 33 35 37
101 96 193 97 96 191 196 199 107 113 194 109 194 193 108 191 106 191 100 97 193 108 195 194 109 107 195 116 190 200
4 1 2 3 1 4 1 2 0 2 3 4 1 2 1 2 3 2 3 6 5 2 0 1 4 3 0 2 5 2
150 148 145 144 154 158 160 154 152 146 143 148 151 146 147 144 149 150 152 156 142 160 157 144 152 144 140 145 141 135
153 151 150 153 154 156 142 137 133 134 131 168 130 165 133 139 136 131 165 171 173 179 183 185 188 116 202 200 110 107
134 220 218 125 123 122 124 127 129 218 216 217 216 212 206 203 205 203 204 200 116 202 204 119 118 117 202 200 112 107
193 197 193 197 196 194 193 197 108 113 117 112 111 114 204 121 214 211 122 121 119 188 117 121 123 215 128 127 169 163
80 83 87 83 82 77 78 76 78 84 78 84 86 90 88 90 91 97 103 104 102 101 103 97 96 193 191 93 95 99
105 108 195 192 98 101 104 102 104 103 104 101 104 193 194 199 110 114 109 194 196 200 114 117 201 204 208 203 118 117
125 124 127 128 211 119 211 121 119 124 119 207 206 210 120 187 189 116 203 120 122 127 219 125 122 212 215 216 132 127
65 74 83 74 78 77 80 85 90 95 192 194 190 196 197 199 201 194 109 114 109 194 192 195 200 110 115 109 190 195
157 160 142 148 144 138 134 140 134 219 214 209 121 124 118 114 119 114 119 186 183 180 119 120 187 115 109 108 194 192
35 33 34 33 35 37 35 33 35 37 39 40 39 38 40 37 36 34 33 32 30 32 30 28 29 28 26 29 32 34
104 102 100 193 192 98 101 99 95 100 102 100 104 102 99 100 95 99 98 94 92 91 87 84 82 78 81 82 75 83
111 112 114 117 204 203 118 122 176 171 166 170 173 171 174 175 171 168 169 167 168 135 133 131 169 170 127 130 220 222
152 144 138 163 164 138 165 166 170 168 166 135 219 126 131 124 127 211 208 119 204 202 207 203 200 197 193 106 103 104
175 177 175 171 167 162 134 135 136 158 142 161 139 162 138 141 140 226 140 143 147 153 151 146 142 139 143 140 139 164
202 116 203 120 211 215 123 120 117 208 204 202 201 199 200 204 117 116 188 115 121 208 205 121 126 216 126 218 219 135
236 238 237 239 235 238 239 236 231 227 229 228 232 231 232 234 231 234 233 229 230 227 222 220 217 125 210 117 122 119
74 83 74 75 77 74 70 72 74 73 70 74 72 76 79 77 76 80 81 85 82 88 92 91 94 95 92 94 96 94
89 84 89 93 90 95 98 95 94 99 102 97 102 104 107 112 117 205 116 118 203 117 111 109 200 190 187 116 188 189
90 85 79 77 75 80 85 84 88 91 88 84 78 80 78 73 70 73 70 65 66 69 64 65 66 65 72 65 72 73
238 233 231 234 236 235 231 226 222 227 229 233 238 234 237 236 238 236 233 230 227 232 231 234 239 234 238 235 231 227
18 15 14 11 13 14 17 19 22 25 26 24 27 28 31 33 30 29 26 24 21 22 21 24 25 22 25 27 24 22
20 22 24 27 24 26 23 20 21 18 16 14 12 11 9 12 15 13 16 15 13 10 9 7 10 8 6 7 9 12
103 101 97 91 93 90 88 82 78 76 83 74 76 83 77 72 70 73 78 75 73 77 83 75 74 77 76 74 71 72
199 198 9 6 3 5 7 5 2 4 6 8 11 13 11 12 11 13 11 10 13 16 19 17 16 13 16 15 17 19
99 94 96 97 105 108 113 202 197 194 105 97 191 193 108 199 107 191 107 195 108 114 115 119 121 127 128 215 214 212
145 144 141 158 161 134 168 127 130 132 217 219 130 172 171 173 171 166 132 221 133 137 165 137 143 151 143 151 152 154
224 227 223 220 132 215 126 214 211 120 206 117 114 120 207 117 205 208 213 219 126 212 213 217 128 131 167 164 139 142
162 134 133 128 220 135 137 132 133 216 213 217 216 211 209 125 130 172 178 179 185 181 185 184 179 178 174 179 177 172
41 40 41 38 39 36 37 35 34 35 36 38 40 42 41 38 37 40 38 41 42 43 42 40 37 39 41 43 45 47
120 115 189 188 189 191 93 88 90 89 91 86 91 92 88 84 86 89 88 92 91 95 97 92 93 89 91 93 89 88
169 134 133 217 221 224 222 133 135 165 136 135 129 214 128 125 122 125 127 123 120 188 114 108 106 108 107 109 108 197
53 55 52 51 48 46 48 51 54 57 59 57 54 51 53 52 54 53 52 51 48 49 52 54 51 54 55 58 55 52
25 27 24 21 20 22 20 22 24 22 23 20 22 25 27 26 28 26 23 26 28 31 29 30 29 26 24 25 23 26
200 116 117 112 116 195 199 113 119 208 202 200 114 200 205 208 122 120 122 212 125 207 118 185 187 186 180 178 173 175
166 165 170 175 170 172 170 168 163 166 161 142 157 140 223 227 225 224 220 135 158 142 144 145 141 157 135 133 161 162
46 47 46 47 45 47 50 53 51 53 56 58 59 62 64 62 60 61 59 62 64 63 68 73 68 67 65 70 69 64
142 145 152 157 153 147 150 152 143 141 139 156 154 142 154 160 166 132 127 124 123 118 188 189 194 196 192 100 94 90
213 218 216 127 166 134 220 134 139 138 160 135 139 142 156 162 163 158 156 153 147 141 137 134 162 164 160 140 137 165
220 221 217 132 216 219 132 128 169 171 173 179 126 179 175 170 167 166 130 165 168 130 129 133 162 159 139 162 166 134
62 60 62 70 63 68 72 68 70 71 70 68 65 66 70 66 70 62 59 62 59 62 70 64 69 67 69 72 67 69
172 167 163 135 129 213 212 215 211 213 215 127 172 173 126 173 170 166 134 222 133 161 131 163 158 143 139 134 128 129
33 35 37 40 38 41 43 45 47 48 51 54 55 56 60 57 60 57 55 56 57 55 56 60 59 60 57 55 54 52
23 21 24 23 26 28 30 27 28 31 32 30 27 25 27 25 26 28 30 33 35 33 30 33 34 31 29 26 25 27
190 188 189 190 188 191 188 185 187 181 178 176 182 185 115 118 117 113 194 198 200 190 189 116 207 118 113 119 188 117
6 5 6 7 9 12 9 7 5 7 4 3 4 1 4 3 0 3 6 4 3 6 3 1 4 3 2 3 4 3
67 73 65 64 62 70 64 69 68 70 67 64 70 65 64 65 71 68 72 68 65 63 73 77 78 73 74 75 82 84
69 75 80 79 81 85 83 84 83 84 79 78 74 76 83 85 81 78 76 74 69 65 74 78 73 67 68 71 69 70
3 2 0 1 3 2 5 7 5 3 2 4 6 3 1 2 5 8 5 4 7 6 5 7 6 3 4 7 8 5
135 140 222 223 225 222 137 223 225 222 225 223 225 223 133 218 221 132 218 128 211 128 133 137 139 138 159 157 135 136
85 88 84 80 78 79 84 82 85 79 78 74 78 73 76 73 69 72 73 65 72 67 66 71 70 66 71 75 76 74
60 62 60 57 56 59 62 61 58 56 58 59 56 53 54 53 56 60 63 64 71 63 66 63 64 67 73 72 65 64
114 117 115 119 122 214 122 118 112 107 199 204 205 209 121 210 215 212 131 216 211 212 210 208 209 203 116 189 115 117
86 81 86 92 87 92 95 91 93 90 85 81 84 78 75 69 64 63 70 68 63 62 65 64 66 70 67 69 75 74
91 88 84 86 88 83 81 84 82 84 89 88 89 87 85 84 81 87 93 92 86 89 90 92 86 78 76 83 75 76
123 122 212 209 128 213 211 213 218 214 128 211 123 211 124 118 116 202 116 202 197 107 195 107 105 193 97 100 94 89
176 181 184 187 190 193 100 105 108 194 113 110 114 120 114 112 115 109 111 113 201 117 202 113 118 123 176 123 175 179
87 90 91 95 192 190 193 197 201 116 187 184 183 180 178 183 179 185 183 186 187 184 179 178 179 126 179 173 175 170
26 25 26 29 26 27 25 22 23 24 27 30 29 30 27 26 29 28 29 26 27 29 30 28 25 23 21 24 21 20
5 2 4 3 2 1 0 3 6 5 7 10 8 7 5 4 3 4 7 6 5 8 10 7 4 1 3 1 4 3
2 3 5 2 1 3 2 3 0 2 5 6 3 2 5 2 1 3 1 0 1 3 4 2 5 3 6 5 2 5
177 180 123 208 206 200 110 116 207 202 207 211 123 212 121 117 206 207 122 180 182 176 122 123 211 126 212 206 121 123
13 11 9 198 202 117 205 211 209 207 113 116 118 123 126 131 125 207 117 208 205 120 121 208 203 205 208 124 216 220
119 121 203 202 116 204 119 121 123 127 168 171 167 161 138 133 162 167 164 168 130 133 215 219 220 128 130 169 134 139
189 195 194 109 113 201 116 111 112 203 198 107 109 106 109 190 191 100 97 105 192 190 200 107 104 106 107 109 114 188
52 53 54 56 60 61 64 61 64 63 73 74 78 83 77 74 76 74 65 62 60 56 59 61 60 63 67 69 72 76
225 229 234 236 235 239 234 236 235 239 235 239 237 236 233 230 232 229 225 224 222 219 218 132 133 132 128 213 208 117
230 226 225 222 225 226 229 232 231 226 223 226 227 229 225 222 224 228 226 229 231 233 237 235 236 239 236 237 233 231
197 194 192 196 197 201 202 205 203 201 196 190 189 112 190 194 192 96 98 102 103 105 194 189 112 115 113 188 120 122
239 238 233 234 238 239 235 238 235 234 236 232 230 233 230 232 235 231 227 226 230 235 234 231 229 225 228 231 228 224
16 14 12 13 10 12 14 17 14 12 15 12 13 11 10 9 7 4 3 4 2 0 2 5 2 4 3 1 0 1
55 54 53 54 55 54 52 55 53 52 53 50 48 46 45 44 42 43 44 43 41 43 41 40 41 40 37 35 36 34
156 160 135 129 127 128 129 218 217 212 124 213 212 126 215 133 223 225 227 228 223 221 220 223 133 162 163 164 168 172
158 156 160 165 137 142 145 140 139 137 141 146 147 152 154 144 149 143 139 137 142 148 150 153 155 157 144 142 137 135
54 55 53 55 57 59 57 59 57 55 53 51 52 50 51 54 53 56 54 56 55 57 59 56 54 56 53 54 57 60
107 197 193 195 107 193 191 195 108 113 114 120 125 124 213 215 218 222 134 165 136 137 220 136 135 138 136 157 143 140
121 120 211 122 215 209 203 120 124 119 207 125 127 133 132 219 128 165 160 164 167 168 166 169 174 173 169 164 169 173
50 52 51 53 50 49 50 52 53 51 49 50 49 51 53 50 53 54 55 57 59 56 59 56 60 58 61 59 61 63
36 37 36 37 38 37 36 35 34 37 40 41 43 45 44 46 47 49 50 53 51 48 46 49 52 50 47 46 48 51
179 177 123 212 121 208 207 117 188 114 120 207 203 113 118 120 117 203 204 116 204 205 208 213 208 213 216 217 213 121
64 63 64 69 65 63 69 65 67 65 71 74 75 74 70 72 77 73 74 83 89 85 84 81 80 85 90 94 89 91
75 74 75 78 74 73 68 70 73 72 75 74 69 68 69 70 71 68 63 61 64 69 73 68 71 63 64 67 65 73
51 52 55 52 53 56 55 54 57 55 56 60 62 70 67 63 61 62 59 62 63 71 64 69 75 86 82 87 92 94
188 112 118 116 207 117 205 210 213 217 132 133 221 220 223 227 229 231 234 238 234 238 234 232 227 225 227 226 225 223
219 214 219 214 125 131 220 218 212 131 168 169 171 165 134 222 225 226 223 228 225 228 232 231 236 232 235 238 234 236
133 161 160 162 138 134 164 131 129 134 130 165 130 135 162 168 130 165 132 128 129 220 218 214 210 206 116 195 200 203
205 117 112 117 113 119 211 215 123 119 211 127 125 208 204 206 116 112 117 203 117 211 127 122 123 122 208 117 115 114
154 151 152 153 151 143 137 134 140 157 145 146 148 153 150 145 150 153 151 152 150 148 146 157 141 145 147 156 159 158
45 43 42 43 42 43 41 38 36 35 34 31 32 34 36 39 37 34 33 32 31 34 36 39 41 40 41 40 42 43
132 136 138 161 156 157 145 157 141 146 142 146 152 147 150 149 146 147 142 137 226 140 142 145 143 145 140 157 161 163
173 170 167 161 165 128 217 221 216 124 129 125 126 172 178 176 179 123 208 125 128 124 210 122 125 121 205 207 117 112
70 72 77 79 77 76 77 82 85 82 85 80 79 83 79 80 82 86 90 91 97 91 90 86 84 88 85 82 77 79
183 179 185 186 115 203 207 125 213 219 215 209 215 125 214 122 123 121 214 209 213 208 203 202 206 117 202 207 118 115
108 193 194 192 190 189 191 189 192 94 96 101 96 98 97 103 105 103 106 193 101 193 96 191 108 111 115 112 117 204
43 41 38 41 42 44 42 40 42 41 43 41 39 37 36 35 34 36 34 35 33 34 37 35 33 32 29 26 27 25
10 9 198 201 207 122 211 123 175 176 182 185 183 185 179 183 179 175 178 183 180 179 126 216 221 225 221 222 220 221
148 151 146 141 144 146 150 151 143 154 140 147 149 151 149 146 142 141 145 144 152 145 150 151 154 160 140 141 147 140
159 154 155 139 156 139 135 129 133 220 215 216 215 210 207 116 114 207 211 214 218 221 218 126 125 217 125 214 213 121
61 62 59 56 57 56 57 59 57 60 62 64 62 59 60 59 62 64 65 70 73 69 65 63 70 67 73 78 75 86
47 45 44 46 45 47 49 51 49 51 53 52 50 47 46 45 43 42 41 42 43 44 46 47 48 46 48 46 44 43
232 228 231 230 229 226 223 133 131 165 134 168 171 176 175 171 175 173 170 127 166 168 166 160 161 143 152 151 154 143
97 92 91 92 97 93 88 89 88 83 88 84 79 80 82 83 78 81 83 85 88 90 85 88 89 88 82 85 89 92
116 203 118 208 205 208 213 208 202 206 200 198 204 201 200 199 205 201 204 116 206 204 116 190 200 110 200 206 207 210
48 50 47 49 50 52 50 53 50 53 51 54 51 54 51 48 47 50 53 55 58 55 58 59 62 70 69 63 65 72
128 217 218 212 211 123 177 178 175 123 122 123 126 176 179 173 179 183 179 183 185 187 185 180 175 178 177 181 187 186
117 200 114 108 107 199 202 116 112 118 112 117 188 190 189 186 119 207 119 124 125 214 129 131 129 219 217 128 216 126
207 213 217 129 131 126 123 126 124 119 186 115 118 203 206 116 111 109 113 109 107 106 108 106 107 112 113 107 108 110
27 30 28 30 33 31 34 31 33 35 36 39 41 43 42 40 41 43 42 40 37 38 37 34 36 37 34 35 37 35
0 2 4 2 1 2 5 6 4 1 4 5 8 10 13 14 16 14 12 13 15 13 12 10 7 9 10 13 12 11
233 231 229 226 140 154 159 158 140 158 164 161 136 226 225 228 225 222 218 219 223 133 128 124 214 125 131 135 168 130
42 44 43 42 40 38 40 37 40 38 40 39 36 38 36 34 36 37 36 37 39 37 38 40 39 38 37 40 42 43
102 104 105 100 101 104 193 97 93 87 92 96 99 100 99 96 91 96 99 103 98 192 94 91 86 82 77 75 80 79
210 212 217 132 161 134 220 133 136 134 163 169 173 176 180 182 179 182 179 183 186 180 187 189 116 189 188 114 108 109
163 159 139 134 139 157 160 142 144 147 156 142 160 142 152 150 145 143 137 142 160 163 139 133 165 133 223 220 217 218
209 213 129 212 125 212 129 128 123 211 126 130 169 164 138 136 220 130 169 127 173 123 122 120 211 120 210 207 208 213
234 231 232 236 235 232 229 233 234 235 232 235 239 238 236 237 235 231 234 237 232 229 227 231 226 137 138 159 161 142
68 66 67 68 69 66 70 74 78 77 75 70 68 71 67 68 63 61 63 68 69 71 65 62 64 71 73 65 62 60
155 154 139 138 165 133 130 172 171 168 131 164 166 163 168 170 173 177 182 178 176 171 173 169 127 130 218 129 216 129
129 131 136 140 160 165 136 141 138 143 152 155 159 155 161 142 146 153 148 145 149 144 141 144 142 145 157 138 136 219
