315 314 311 313 312 309 311 313 312 315 312 315 316 315 318 317 318 315 317 321 316 321 320 318 316 317 315 317 319 320
386 388 384 441 466 468 451 508 530 529 590 581 577 582 581 559 561 629 627 630 563 550 562 558 583 584 528 593 590 528
454 411 458 415 538 422 426 463 461 408 406 389 465 433 597 431 427 424 429 424 603 605 602 428 607 604 599 615 620 625
365 368 341 343 346 359 335 357 358 394 329 351 352 354 352 351 354 349 351 353 347 331 347 354 406 358 345 335 343 360
522 523 499 523 499 476 499 497 499 522 516 507 505 521 501 521 502 505 449 447 438 444 442 475 444 443 445 473 474 375
451 466 452 533 580 575 573 575 621 574 626 559 560 561 559 579 535 540 541 542 417 415 416 413 534 535 428 423 426 463
384 440 384 440 445 444 381 377 375 378 377 373 371 473 475 446 524 500 502 504 501 520 514 530 582 531 525 590 582 529
324 321 317 315 318 315 313 316 313 310 307 306 305 308 312 309 311 308 311 312 313 310 313 312 309 308 305 306 308 309
180 165 182 199 198 201 203 180 201 198 164 198 201 181 165 223 231 153 154 229 230 153 109 232 206 234 198 236 146 148
320 317 315 313 312 315 317 314 311 310 308 312 310 309 312 313 312 313 312 308 310 308 307 305 303 305 306 304 306 305
373 470 374 371 470 467 454 414 416 422 420 421 418 421 422 416 419 417 420 422 418 541 416 542 541 415 418 412 458 465
369 363 368 341 371 377 379 468 466 458 457 386 437 432 600 604 611 608 611 603 601 603 611 606 607 613 614 607 428 424
408 410 409 414 413 418 422 418 419 421 420 416 453 456 467 404 467 386 383 437 467 387 467 465 462 459 457 463 462 460
586 587 585 590 583 511 555 552 555 553 557 556 554 514 516 520 503 500 524 527 511 528 592 439 438 447 451 450 452 413
307 305 308 310 307 306 307 305 302 301 299 301 304 301 303 302 301 298 299 301 300 298 299 301 298 297 299 298 299 301
428 604 598 601 597 431 426 422 420 418 416 543 538 453 455 465 430 465 455 454 467 456 464 457 456 453 416 541 566 536
464 412 409 412 452 466 388 464 412 411 455 450 453 466 435 595 591 592 527 529 556 514 530 511 513 508 505 471 505 517
11 17 19 18 23 24 23 22 33 26 24 36 38 34 31 33 12 37 43 46 51 49 502 516 515 513 508 452 466 451
14 12 17 32 10 31 36 44 35 32 34 23 34 26 11 32 34 37 36 44 58 38 41 42 61 51 62 61 42 58
466 433 431 433 438 384 388 385 466 437 383 384 466 435 440 446 439 595 601 431 596 439 437 438 447 527 442 527 525 582
346 406 356 330 347 348 350 354 353 354 355 353 351 348 332 327 332 335 336 359 342 361 400 395 401 396 401 342 362 363
24 19 20 19 23 18 19 23 24 32 38 56 13 35 38 56 38 45 39 41 61 519 60 57 59 38 41 61 42 40
520 500 525 587 590 589 585 587 584 586 582 589 590 525 588 584 590 578 591 581 584 528 592 527 513 585 589 590 583 530
302 305 303 305 302 303 305 302 305 302 305 308 309 308 312 310 308 310 308 306 309 311 308 309 306 305 304 305 307 310
146 236 201 204 151 148 147 114 115 111 150 196 148 238 239 146 145 133 195 190 163 160 159 226 224 164 188 187 184 198
140 141 135 141 135 140 137 142 133 140 132 144 132 142 138 134 132 125 130 195 193 122 119 101 94 89 82 84 72 87
303 302 300 299 301 304 301 303 301 298 296 297 300 299 300 301 303 305 302 303 301 298 296 298 300 301 302 304 306 305
204 177 216 169 216 219 217 215 211 176 179 201 240 239 242 241 201 238 148 235 198 180 234 233 235 237 147 238 239 241
195 198 235 151 208 232 202 201 235 150 112 97 120 105 95 92 95 93 91 81 341 359 361 340 82 80 82 83 92 89
201 202 232 109 193 125 121 192 153 229 156 155 156 160 162 164 165 220 223 165 185 164 224 223 166 201 197 235 148 86
1 0 1 0 1 2 3 4 7 5 4 2 1 3 6 5 4 3 2 0 2 4 2 1 2 4 7 18 23 20
215 216 178 176 218 222 230 154 162 230 226 228 222 223 231 232 153 231 208 210 209 205 151 109 111 234 202 236 203 149
226 156 154 230 227 226 160 224 220 219 211 213 210 208 232 152 110 152 196 129 195 130 135 131 125 120 122 120 102 119
318 320 317 318 320 391 388 466 435 597 439 433 385 463 385 382 377 372 370 371 377 378 474 445 524 523 521 504 449 506
623 577 579 596 594 597 435 594 591 593 597 436 600 596 599 602 596 599 602 613 615 617 621 581 578 600 578 596 591 584
17 32 17 14 17 19 23 19 24 22 21 20 21 23 19 9 18 20 9 12 36 38 37 27 51 62 66 63 39 42
443 446 473 446 444 439 593 582 532 527 450 470 373 376 372 377 372 376 374 368 363 341 343 345 346 331 353 350 347 354
514 585 583 556 533 453 531 435 386 457 386 437 594 597 600 601 604 614 619 615 613 603 574 626 632 626 631 632 629 558
12 17 9 32 11 25 33 35 24 35 22 23 32 13 35 46 50 45 39 37 46 40 45 43 42 41 63 59 64 67
291 290 289 291 290 292 290 292 291 292 294 292 290 288 290 288 289 291 290 288 286 285 283 284 286 285 286 284 283 284
576 573 603 607 606 609 610 609 611 606 611 606 605 608 610 605 425 605 601 433 429 427 422 538 537 531 535 583 590 578
447 443 446 445 440 384 438 440 445 474 378 375 377 376 377 382 384 382 390 391 324 322 324 326 396 360 394 402 376 374
390 402 359 404 393 401 395 396 397 395 402 373 402 325 324 393 358 403 401 342 401 396 393 324 326 325 324 393 391 402
228 225 227 224 226 227 156 155 230 222 207 206 232 150 124 196 148 111 149 151 204 180 200 238 240 244 240 245 243 245
535 530 508 505 508 511 530 583 558 550 551 562 548 551 546 552 551 553 558 557 584 585 515 523 588 523 446 476 479 478
628 626 577 623 622 617 599 603 612 615 620 623 622 624 625 627 622 572 569 636 637 636 569 572 539 572 574 625 581 585
94 71 89 73 118 124 130 195 196 151 233 149 148 151 107 106 105 109 231 152 151 109 120 101 97 120 119 99 123 120
452 533 539 562 563 565 540 568 540 567 571 569 572 568 539 537 416 417 416 419 422 541 542 544 535 532 590 585 589 584
192 125 130 195 196 234 235 197 236 200 184 166 169 175 212 178 212 209 213 175 170 215 168 176 213 176 175 214 217 168
450 448 524 445 447 526 530 534 456 458 415 414 453 535 431 534 535 427 432 593 594 439 593 525 588 586 515 516 517 509
160 227 225 161 163 164 162 224 230 232 235 148 150 111 124 97 104 120 150 109 233 109 151 120 151 206 232 109 232 209
492 491 492 491 493 490 492 490 492 490 492 493 491 488 486 484 482 484 483 486 484 481 478 481 480 479 476 477 474 374
512 511 529 512 555 585 582 586 589 582 593 590 532 582 577 581 580 558 557 556 583 590 578 622 625 577 532 538 533 451
21 22 21 18 20 24 32 12 30 55 29 55 52 39 56 39 42 45 36 46 43 40 37 39 37 45 36 11 32 35
321 391 380 321 319 316 313 315 313 311 310 309 310 307 306 305 303 301 300 297 299 297 298 296 298 297 298 297 300 301
331 346 403 390 405 354 350 349 347 333 355 331 349 332 357 404 392 405 404 359 342 360 361 363 342 363 364 399 400 373
367 372 361 358 360 396 326 327 325 330 332 349 353 330 328 331 348 358 403 360 342 338 345 403 390 379 472 475 499 497
77 75 76 91 81 340 362 340 341 362 341 363 360 401 360 358 357 346 330 328 327 326 324 394 401 400 398 399 400 396
403 389 403 359 400 361 372 471 506 80 92 340 362 341 471 374 372 341 361 399 397 395 402 372 469 378 382 390 378 374
577 559 579 584 556 554 553 558 549 550 563 566 541 413 415 410 459 457 467 454 467 451 449 512 514 518 519 60 39 46
355 346 405 388 468 472 473 446 474 473 446 444 378 374 379 382 381 389 388 387 436 441 436 441 382 381 382 380 377 474
420 418 421 422 416 540 549 545 543 413 454 457 407 459 410 460 461 458 412 538 543 542 537 539 541 535 452 450 507 512
366 368 364 365 364 398 400 376 393 395 396 360 359 404 355 348 357 404 391 324 327 326 393 376 390 393 401 403 393 396
283 284 282 280 282 284 282 284 286 288 290 291 289 290 289 290 291 289 291 293 292 290 288 286 285 284 285 286 284 285
22 17 18 17 33 26 11 17 16 17 11 10 16 9 31 33 32 31 11 26 30 29 26 24 26 34 25 11 16 33
429 424 571 423 426 462 429 434 435 599 617 616 620 624 620 622 617 619 577 532 581 591 594 436 384 383 384 383 440 385
460 464 460 462 426 421 424 429 597 434 465 407 355 350 330 349 331 330 347 332 330 353 352 354 351 348 406 388 390 404
131 128 146 145 128 119 101 95 90 83 105 96 91 90 85 115 87 88 82 83 93 91 72 94 90 82 92 80 81 91
605 613 614 616 615 613 612 608 610 612 611 604 599 435 431 433 430 433 437 384 440 441 593 597 433 431 426 423 427 423
347 332 329 332 347 404 389 403 393 358 344 401 361 358 332 333 330 329 331 327 396 395 397 327 396 394 359 338 345 406
255 256 258 256 257 259 261 260 258 255 253 249 243 240 244 250 254 257 256 257 256 253 252 253 255 257 258 260 261 260
350 352 354 347 355 349 356 390 378 472 448 449 452 531 583 556 558 557 555 510 508 511 526 527 448 466 441 438 593 582
548 550 562 563 569 567 576 622 573 578 622 618 577 621 575 574 579 590 532 534 544 541 540 535 428 604 607 601 606 607
637 634 570 634 635 636 570 572 576 582 587 529 585 555 518 515 523 446 469 371 469 449 512 515 554 555 553 552 555 554
293 294 292 294 293 291 289 287 285 287 288 289 287 288 289 291 290 288 289 291 290 288 287 285 286 285 283 282 284 285
93 92 81 339 344 361 372 368 362 341 470 372 369 375 371 369 372 361 342 340 362 341 359 338 341 361 369 370 364 367
489 492 489 490 492 489 491 490 489 490 489 491 489 487 490 492 495 492 495 492 490 492 489 487 490 489 488 486 485 487
621 581 559 550 557 582 577 573 577 580 581 559 563 562 561 551 550 551 562 549 543 453 450 508 530 508 530 508 451 466
528 593 599 431 430 424 425 428 430 535 536 533 556 554 518 555 583 529 535 427 430 538 413 417 420 423 421 423 571 573
515 513 526 529 527 512 526 515 523 449 471 504 516 526 451 447 449 505 502 503 522 499 522 523 449 471 374 471 449 528
626 629 563 576 580 576 536 580 583 514 526 527 451 448 442 446 472 378 390 387 385 383 379 380 392 389 381 380 376 375
40 39 46 35 34 11 24 34 38 47 48 46 49 50 51 56 51 57 51 63 39 41 66 64 66 68 79 69 66 62
558 563 561 551 557 552 556 533 451 533 582 528 531 453 416 453 544 511 529 585 587 524 528 527 531 431 600 578 577 623
453 455 465 463 430 436 593 436 438 440 446 439 446 449 523 446 445 446 469 466 435 440 437 440 442 527 529 535 536 538
434 593 443 440 385 387 386 433 437 442 445 378 377 474 475 523 587 583 556 533 579 538 428 423 428 535 532 528 513 505
58 57 60 66 65 62 39 61 50 58 38 32 38 35 36 44 43 57 38 36 40 63 41 43 58 41 56 41 42 38
136 131 136 142 198 236 235 112 149 118 97 119 127 128 113 114 111 120 119 121 104 94 91 90 76 74 77 65 66 69
590 596 579 583 530 526 512 530 452 507 512 533 512 451 449 512 529 585 513 516 503 501 524 523 516 506 508 449 472 448
599 615 620 624 627 630 563 540 538 428 423 420 417 415 418 421 419 417 415 422 427 539 576 567 570 634 631 560 562 548
547 548 551 554 551 558 551 550 560 564 631 630 631 634 632 626 620 622 631 563 536 539 431 597 437 433 466 456 413 537
196 191 189 193 125 195 193 122 119 113 146 236 148 236 196 193 153 230 226 225 161 157 154 226 160 159 156 230 155 152
363 368 367 373 368 366 371 368 370 371 374 370 367 370 369 372 361 369 373 374 469 374 379 391 379 404 356 348 406 389
636 633 568 570 637 634 569 567 565 563 559 577 618 617 623 622 575 573 575 618 617 615 602 601 597 594 436 439 444 441
381 389 379 375 402 392 379 376 380 392 379 375 373 377 474 448 474 472 468 455 453 411 455 469 379 469 372 376 469 375
96 117 96 101 100 103 108 106 103 104 96 90 71 77 68 63 65 60 66 63 41 39 44 35 14 36 35 46 34 22
338 339 337 346 344 361 400 376 379 382 384 465 384 387 465 463 462 426 604 425 604 429 428 599 432 596 579 534 413 543
81 78 75 76 74 70 76 74 78 82 92 105 104 94 74 94 95 110 125 126 192 189 197 195 132 142 138 136 133 130
524 438 433 432 431 434 465 463 460 463 460 461 459 410 460 459 462 464 412 454 466 465 464 430 464 437 597 434 463 464
387 437 467 450 468 450 470 341 372 373 369 363 341 471 470 471 505 521 499 521 505 507 451 449 473 474 444 438 524 592
419 420 423 424 575 576 622 625 620 615 618 614 602 605 600 432 437 594 436 598 593 524 445 475 444 382 385 464 437 435
345 346 333 335 343 361 368 341 342 360 338 345 344 343 361 339 343 340 341 363 364 361 359 338 335 336 337 359 341 342
216 168 203 200 181 166 183 186 197 236 198 142 132 125 122 192 125 124 130 125 126 129 127 130 195 124 119 124 112 115
292 294 292 293 292 293 291 292 293 295 296 295 296 298 301 298 300 301 302 303 302 305 307 306 309 308 310 309 310 311
79 77 78 80 340 80 78 68 63 61 51 54 57 60 519 516 503 49 519 522 516 517 555 550 556 553 554 556 580 556
98 103 98 97 122 127 119 102 120 101 103 100 122 119 100 97 122 126 127 119 120 123 125 195 186 191 190 188 157 227
263 262 264 262 260 262 260 258 256 254 257 256 253 256 255 258 257 259 260 261 262 261 259 257 255 257 258 257 255 256
30 55 12 11 34 32 33 10 12 9 15 16 9 18 21 22 33 17 11 14 36 44 45 46 49 46 57 13 12 16
127 130 134 137 142 141 132 127 128 131 125 126 121 124 196 148 112 114 113 112 88 73 116 85 88 71 73 96 73 92
246 243 241 238 240 237 242 246 249 244 200 184 197 236 202 197 196 195 132 134 132 144 146 129 145 133 130 134 137 138
92 340 362 341 363 368 366 364 362 365 369 399 394 325 402 401 400 397 395 397 395 399 362 365 368 362 342 340 341 361
275 274 273 275 276 274 275 276 274 272 271 269 267 265 266 265 267 268 267 268 269 267 265 263 265 266 264 265 267 266
266 268 266 267 268 267 269 267 266 265 263 264 266 267 269 268 269 271 270 269 268 267 268 269 268 267 269 267 266 267
344 401 392 405 403 347 350 331 348 345 344 337 359 346 403 345 360 399 362 364 361 344 341 470 372 471 447 441 440 593
541 536 562 561 558 550 565 564 563 631 625 623 577 623 573 572 569 636 633 636 635 634 631 559 560 557 581 621 622 620
375 371 366 365 364 369 368 374 472 449 503 504 507 470 372 401 360 401 392 394 326 349 355 406 355 331 328 327 396 397
603 575 577 618 624 620 621 618 619 623 619 624 628 631 627 630 631 628 625 630 631 624 625 622 617 621 617 623 577 619
505 512 530 450 531 536 531 583 530 453 414 458 410 336 344 334 335 336 337 336 333 355 331 355 405 358 335 333 346 355
581 584 587 586 585 583 578 577 532 531 530 525 500 520 502 48 25 35 32 31 12 10 18 24 19 22 19 17 22 34
252 249 250 247 245 249 244 249 248 250 253 252 246 245 239 237 200 235 204 212 216 179 177 211 219 205 151 232 203 180
83 90 69 64 66 60 50 48 501 521 516 449 523 588 523 588 589 584 581 576 572 569 633 626 630 633 573 621 581 584
72 89 95 72 73 75 76 69 78 80 340 92 106 105 338 345 348 350 353 354 349 354 353 354 348 354 353 331 353 330
251 253 251 246 240 246 249 244 246 241 142 241 201 237 114 148 145 144 136 137 132 131 132 131 125 129 146 145 113 149
9 30 12 31 32 33 23 33 9 16 13 12 55 52 50 59 42 38 33 18 7 10 8 20 19 20 7 9 12 36
78 90 70 71 69 75 91 72 69 76 73 72 74 93 104 105 120 95 96 104 97 102 104 95 82 89 73 71 78 68
144 238 235 151 233 211 214 176 175 177 179 182 164 189 196 121 151 110 118 101 100 120 101 104 83 81 83 104 121 123
494 491 492 493 495 496 494 491 493 495 494 491 494 493 492 490 488 487 484 487 486 488 487 484 485 482 484 483 485 487
423 425 422 539 542 540 568 565 561 564 562 561 563 540 566 539 563 562 549 547 548 550 551 561 629 624 628 623 628 625
506 449 473 503 500 475 477 479 481 482 483 485 483 485 482 483 485 487 486 484 483 480 478 475 499 496 499 522 505 519
84 89 90 70 79 506 512 530 529 580 533 549 561 552 554 551 554 585 590 593 443 593 436 440 436 439 443 440 382 377
122 124 129 134 133 136 135 132 131 130 132 142 146 114 111 113 112 116 113 115 117 98 101 120 97 98 95 72 116 118
187 185 197 235 147 144 140 144 142 137 132 129 196 193 195 129 125 194 197 202 197 199 183 167 165 223 222 226 224 218
404 389 386 456 457 465 430 431 435 440 441 443 440 438 444 446 475 524 441 447 451 449 508 530 528 579 576 571 539 542
467 451 529 533 535 434 465 456 413 457 407 409 463 465 437 466 438 386 465 459 411 453 456 388 405 355 330 329 352 350
397 398 396 393 391 324 395 399 394 399 360 395 327 349 350 355 357 359 345 343 362 365 370 376 374 379 472 450 530 583
76 75 69 66 63 59 52 50 45 37 50 39 59 65 64 65 62 39 61 60 58 56 52 58 49 46 40 56 41 63
470 450 531 450 469 470 472 446 441 383 382 387 468 451 449 508 450 467 470 379 381 389 380 379 388 383 382 381 379 380
326 325 395 401 398 395 401 393 403 389 382 377 378 381 377 375 371 375 471 473 503 521 520 519 49 51 39 47 46 47
427 535 582 589 592 593 525 529 534 511 531 438 442 437 465 466 434 430 427 425 424 571 575 618 620 624 618 616 621 625
631 564 563 559 579 581 577 578 622 624 630 563 631 559 562 550 566 541 542 538 413 416 422 418 415 453 412 416 540 566
553 552 550 551 545 509 506 79 68 78 91 80 81 78 74 70 90 82 81 82 78 82 92 81 91 80 506 508 505 516
243 247 250 246 249 248 251 253 251 248 246 247 245 241 247 250 244 250 253 254 255 253 256 257 259 258 255 252 250 253
95 73 76 73 71 74 90 74 73 90 74 93 73 91 80 79 506 516 515 523 521 515 586 514 518 521 48 520 503 48
310 311 313 314 317 316 313 310 313 314 316 319 321 317 315 316 321 316 314 313 312 315 312 314 311 314 315 314 311 310
430 428 604 611 612 610 611 604 608 425 428 575 599 604 614 607 614 613 603 600 598 604 609 604 432 593 525 590 584 579
329 352 351 354 352 351 330 327 330 333 336 333 345 403 402 395 398 401 403 324 395 325 329 330 358 335 334 344 334 335
351 350 329 349 352 329 332 330 355 358 394 324 403 360 358 361 364 365 369 368 362 342 344 358 345 344 347 332 345 343
589 590 579 528 511 526 513 522 503 502 519 522 523 516 449 508 512 510 549 566 561 562 565 561 549 543 416 415 418 415
208 211 204 235 112 147 145 144 132 134 138 141 139 143 139 138 134 138 139 142 198 236 147 113 128 132 144 145 146 142
436 595 436 466 438 597 437 385 436 433 439 443 447 525 528 534 511 526 527 512 530 449 446 443 593 442 438 439 443 442
73 70 77 70 89 86 84 85 88 83 91 75 74 75 70 72 76 90 91 70 74 93 96 90 73 91 92 94 97 98
379 378 446 469 451 467 388 456 412 430 465 459 458 386 384 383 441 444 378 441 436 600 574 623 620 623 573 575 579 534
469 451 455 413 417 412 465 438 597 431 428 424 425 605 604 428 432 600 431 539 538 539 533 557 556 513 530 527 447 523
507 511 533 534 454 456 412 465 437 434 463 409 415 418 412 537 541 536 544 545 509 555 585 587 585 586 514 513 555 515
501 521 48 45 34 33 11 16 10 33 26 32 31 37 24 37 27 29 27 51 55 52 27 29 26 33 38 35 32 26
181 197 195 186 193 189 187 194 125 129 196 124 120 112 148 115 111 123 126 127 130 134 141 145 143 238 235 204 179 200
571 539 572 603 599 595 435 595 600 425 424 539 534 537 416 413 410 455 453 530 529 557 584 529 556 580 576 535 452 449
124 196 148 111 149 150 204 211 219 211 233 150 234 232 230 156 154 232 234 198 184 165 164 165 183 184 165 182 165 184
164 163 164 181 179 202 178 204 232 209 208 211 214 212 211 208 206 210 232 197 150 203 232 209 205 212 215 211 212 213
237 149 233 203 181 203 206 151 150 113 117 119 118 124 118 148 146 147 145 140 132 125 120 104 95 84 87 84 83 88
259 261 259 260 262 263 262 261 260 259 261 262 260 262 263 265 264 263 262 261 259 258 255 252 250 248 246 240 245 243
438 465 389 390 380 322 319 317 321 316 314 316 317 319 318 320 317 318 321 392 376 379 404 389 405 403 359 345 332 333
143 238 241 243 239 237 147 144 143 144 136 139 142 137 133 128 119 109 152 192 122 97 94 71 73 96 110 118 117 114
592 594 595 593 525 527 513 450 452 449 473 472 468 466 435 593 598 593 591 594 439 593 440 594 599 602 608 603 608 611
579 584 590 582 591 528 584 590 588 523 446 440 443 446 438 524 528 524 449 446 473 472 450 530 529 534 532 578 625 580
7 4 5 3 5 7 8 9 7 9 8 18 23 25 33 9 32 9 30 12 16 14 35 46 48 502 523 525 587 588
8 6 7 4 6 8 5 3 1 2 1 3 4 5 6 7 18 22 17 8 9 32 11 26 25 34 23 33 31 33
595 601 595 436 437 466 455 452 466 438 386 464 430 538 424 425 572 539 537 534 530 582 532 534 431 426 427 604 600 597
174 177 175 172 174 177 176 170 171 173 176 175 214 209 207 209 211 168 203 202 237 238 237 236 240 244 249 250 249 251
389 379 376 401 395 399 360 400 393 400 401 398 396 400 364 363 341 363 362 365 366 364 368 373 374 375 474 378 374 474
372 471 504 516 509 511 513 517 555 550 551 544 543 545 510 509 530 514 587 582 590 589 590 585 529 583 555 551 557 533
499 523 588 525 592 588 590 584 588 525 524 446 444 445 440 444 475 446 441 447 472 446 441 438 443 440 382 384 438 440
439 445 447 438 439 596 591 596 579 596 431 434 437 432 602 596 590 591 587 590 580 576 580 590 578 591 578 590 585 588
536 549 566 562 539 416 540 535 537 540 549 550 556 559 562 559 581 585 584 557 582 590 588 586 581 576 532 534 530 529
602 601 595 596 595 593 598 596 599 596 431 428 424 426 431 535 540 542 549 537 579 539 567 561 567 541 534 434 386 436
34 18 16 12 17 12 30 9 8 6 8 6 20 22 23 22 18 24 37 26 25 48 59 58 42 38 34 36 25 36
267 265 263 261 259 260 261 263 264 262 260 261 263 265 263 265 266 267 266 264 263 265 264 265 266 264 266 268 266 268
491 492 495 492 494 495 494 493 491 493 490 493 495 494 492 493 494 492 491 494 493 494 491 494 496 499 501 523 475 447
4 2 0 2 4 3 5 7 9 19 16 33 22 19 10 32 16 12 36 34 46 38 35 34 22 17 31 24 9 32
327 326 396 399 363 399 362 339 361 341 363 342 344 343 360 395 393 395 325 401 392 376 378 374 376 373 367 363 368 374
150 197 235 238 148 201 234 237 202 199 142 141 139 142 236 150 120 110 120 124 112 117 148 118 124 127 123 124 195 124
193 109 232 202 233 151 235 205 219 168 167 200 179 201 180 179 234 150 233 205 211 179 216 213 205 204 205 202 236 113
474 475 524 441 439 436 595 599 601 431 429 600 602 614 611 603 598 435 439 592 595 599 428 427 425 428 426 427 604 428
265 264 262 260 262 264 266 267 266 267 268 270 271 269 267 268 269 268 267 265 266 267 266 268 269 271 270 269 268 267
417 416 422 425 428 425 423 428 429 430 424 426 428 600 598 432 593 527 452 537 579 596 597 601 602 614 611 614 611 603
513 449 470 376 390 383 440 442 474 375 469 446 443 446 445 477 479 481 478 481 483 485 487 486 489 488 487 490 493 496
600 425 607 608 606 572 574 623 627 622 574 621 620 626 633 631 629 563 565 568 540 563 561 562 564 567 571 572 575 600
437 442 446 469 450 469 376 370 367 363 362 368 371 473 375 379 381 377 373 402 324 325 402 400 376 372 375 469 375 473
359 400 364 370 364 367 370 374 370 369 361 341 361 344 334 357 355 357 334 332 349 327 395 398 399 362 339 81 340 339
111 128 127 131 127 123 119 150 109 106 105 92 83 86 204 234 197 184 185 189 161 225 226 223 231 230 153 108 231 152
152 232 233 232 204 150 234 237 241 202 149 113 128 122 124 120 100 122 126 124 113 146 143 142 140 139 137 138 137 142
527 526 450 508 512 451 468 467 455 466 455 411 458 461 409 407 464 435 440 593 599 598 596 528 590 529 590 584 583 535
368 361 401 392 325 327 332 333 336 345 332 329 349 329 331 328 329 394 327 329 327 349 351 354 355 330 333 348 333 336
415 420 423 424 425 429 604 605 600 430 434 596 578 576 559 626 560 629 560 559 551 555 558 553 555 518 505 507 504 507
449 507 510 508 507 506 516 513 512 450 531 527 592 582 528 590 588 592 596 595 591 529 514 512 530 532 577 582 590 579
236 150 124 109 153 154 193 152 155 226 227 159 163 186 197 184 185 194 188 160 224 218 221 218 219 206 233 109 193 189
74 76 71 70 75 70 79 91 82 81 91 78 75 77 69 72 91 74 72 76 75 76 79 76 69 71 83 92 81 89
316 321 316 321 380 383 380 321 318 321 317 315 318 319 320 391 322 392 393 391 322 320 323 390 376 392 324 321 322 393
89 84 91 75 69 89 83 93 92 80 82 85 233 209 231 155 156 154 152 150 204 205 211 233 111 152 149 85 150 112
402 395 399 394 330 356 349 326 328 326 394 326 327 394 403 391 405 391 405 388 382 441 593 591 529 580 562 557 550 557
279 281 280 281 279 281 279 278 277 279 281 280 279 277 279 281 282 280 279 278 280 279 278 277 279 277 275 277 276 277
241 247 250 249 248 246 242 247 241 201 197 200 180 200 166 202 179 166 168 169 171 173 172 171 177 212 177 216 213 212
406 409 458 430 432 434 432 435 599 604 608 604 610 607 609 611 610 608 605 603 600 432 593 524 445 475 500 501 521 523
400 359 357 405 357 360 358 360 402 361 399 360 338 105 110 96 90 81 92 90 78 64 65 67 69 77 65 63 61 51
597 429 433 439 594 591 590 586 589 525 500 525 593 595 601 607 602 599 618 617 623 621 625 622 572 569 566 537 543 545
612 608 602 612 611 605 610 611 614 612 608 603 612 603 605 601 606 425 426 431 597 592 442 441 448 445 443 445 448 530
256 257 254 249 253 252 248 251 254 249 247 245 240 238 237 234 205 209 214 219 215 174 215 175 214 213 215 218 215 211
103 105 108 110 105 93 73 117 96 120 112 115 146 237 240 201 179 178 204 179 203 150 197 236 113 124 113 149 148 234
462 458 464 437 597 595 599 575 574 573 633 573 570 571 576 573 577 625 623 617 614 615 612 614 613 606 612 614 607 605
481 484 486 484 485 482 480 481 479 476 478 476 446 449 452 412 418 415 453 534 537 532 590 596 592 527 525 522 503 504
588 525 449 470 375 380 378 469 471 470 469 451 472 468 451 447 475 476 478 475 446 444 442 447 526 449 527 528 587 583
269 267 268 267 268 266 264 263 264 263 265 263 264 266 267 265 263 265 266 267 265 267 269 268 266 265 266 267 266 264
334 357 348 358 355 356 332 327 325 403 324 326 327 329 325 323 324 403 360 395 401 372 375 372 376 469 472 441 439 592
99 96 97 122 120 103 95 101 96 91 77 74 93 103 98 118 117 96 103 106 109 233 111 150 151 107 208 204 179 176
162 154 156 226 162 225 222 223 219 175 174 175 217 175 176 210 176 216 167 183 197 234 198 236 237 238 240 241 245 244
224 225 227 229 228 226 221 224 164 189 163 197 199 198 184 181 164 165 163 187 186 183 184 182 184 189 190 187 184 182
483 486 484 486 483 481 483 481 479 476 445 447 469 467 437 597 432 434 465 387 388 407 459 406 347 358 342 337 339 340
277 279 278 279 280 278 277 278 279 280 278 280 278 279 277 279 278 280 278 276 277 278 276 278 277 276 274 272 273 271
120 102 98 120 109 108 109 124 99 124 130 195 129 123 100 96 101 102 119 120 102 93 73 96 120 108 153 151 110 152
53 67 68 76 72 78 82 95 120 108 105 96 120 150 113 111 150 109 111 97 119 102 100 99 127 129 127 129 124 122
616 619 577 626 577 622 621 623 619 620 619 574 577 579 590 529 584 590 526 528 531 528 524 449 523 587 584 581 589 587
333 355 404 391 402 393 391 405 403 389 385 436 384 385 436 435 430 426 463 429 463 461 408 458 459 409 457 411 453 538
166 179 182 199 202 237 240 243 246 244 249 243 246 249 244 243 246 240 243 246 244 248 252 253 256 257 255 258 259 257
46 39 60 51 46 25 24 35 45 44 38 39 43 59 48 25 34 33 23 24 26 28 26 30 9 18 23 18 19 24
343 344 347 335 338 345 342 345 334 332 335 336 338 360 345 357 356 347 333 336 333 346 355 350 329 328 326 393 376 378
613 603 608 610 607 603 604 429 426 421 422 426 462 409 407 459 408 411 416 543 546 557 550 557 553 551 544 509 516 521
608 425 607 604 609 610 613 610 609 608 606 602 605 603 614 612 604 603 612 614 619 573 570 633 570 424 538 536 567 568
606 610 611 612 608 425 429 435 440 439 441 474 473 448 507 516 504 473 374 469 473 469 451 534 454 452 467 470 374 474
601 598 435 429 432 597 592 594 599 602 428 575 574 576 575 427 423 571 575 580 529 525 590 585 586 585 556 513 532 576
393 392 393 394 359 336 338 336 343 339 362 365 362 361 400 372 376 402 376 381 389 385 384 389 390 323 325 396 325 391
172 170 168 166 182 199 180 234 180 167 216 170 168 216 176 174 214 211 216 174 172 177 214 213 205 179 182 183 182 202
572 571 572 425 429 426 607 602 428 599 604 611 613 607 602 606 603 424 425 422 425 426 432 603 602 607 604 598 600 435
33 10 13 12 33 13 56 53 67 63 66 62 61 66 64 63 39 46 58 49 46 47 45 42 62 50 39 37 14 13
561 550 559 629 627 628 624 627 624 629 628 629 559 628 630 627 628 631 560 630 627 632 569 632 626 632 633 571 574 620
23 35 46 37 47 50 45 39 60 46 40 56 39 43 59 65 63 57 50 57 52 63 53 56 40 55 12 36 12 14
190 155 154 157 158 161 188 190 193 189 190 189 161 224 223 222 218 176 213 214 177 178 169 216 173 174 176 174 169 178
284 286 287 289 291 289 290 292 294 296 298 299 298 296 297 299 300 302 305 304 302 301 304 305 303 302 304 303 302 305
304 305 302 304 306 304 306 309 310 307 308 306 305 307 305 306 308 312 314 315 313 312 313 316 321 317 315 314 312 315
69 70 73 96 100 99 102 101 120 108 231 207 233 211 233 110 96 73 92 95 110 233 208 211 179 211 179 219 168 176
3 2 1 0 1 0 1 2 1 2 4 6 3 5 3 2 0 2 1 3 6 3 5 3 2 1 0 2 4 2
135 141 137 139 141 140 137 139 141 136 135 138 141 129 145 148 196 121 153 207 211 206 209 210 207 233 85 116 73 96
378 470 471 447 472 447 449 508 507 450 453 544 546 557 550 565 568 571 540 538 430 429 430 424 539 567 576 579 582 527
496 495 496 495 498 501 503 505 504 501 500 520 518 505 509 555 583 528 583 586 585 584 590 581 590 592 582 580 529 556
114 147 237 241 238 148 201 237 236 235 148 146 114 115 149 118 96 94 103 95 110 233 150 148 236 237 236 200 142 141
123 121 151 152 155 227 228 154 192 194 196 151 206 234 86 235 205 231 232 203 151 110 95 103 92 89 95 91 70 67
91 92 106 110 123 128 125 132 195 133 136 139 138 133 195 189 163 185 189 188 157 228 154 230 227 160 188 160 226 230
306 304 303 305 307 308 311 308 310 308 310 312 313 314 311 314 311 308 309 311 313 310 312 309 308 309 312 314 315 313
176 175 174 214 177 210 177 216 220 225 223 218 217 175 170 176 211 210 212 205 213 216 219 168 211 214 210 213 177 178
282 281 283 284 285 286 288 289 287 289 290 288 287 286 284 282 281 282 283 282 281 279 280 282 284 283 284 282 284 285
26 30 11 15 13 11 36 13 36 46 40 36 25 35 37 25 24 37 57 63 59 43 41 57 62 63 66 62 58 64
197 196 195 191 193 195 196 151 231 151 149 110 112 88 112 97 123 126 131 125 128 113 235 236 196 189 184 163 160 158
239 243 239 237 201 181 203 202 204 149 151 112 116 98 102 100 96 118 110 109 121 108 231 108 110 104 95 101 102 100
177 179 167 169 168 181 199 165 183 197 202 204 150 148 234 236 148 145 238 242 240 241 242 246 252 246 245 240 238 148
312 308 312 310 307 305 308 312 310 311 308 309 311 312 314 312 308 311 308 307 308 306 304 303 304 306 305 308 311 308
119 120 118 104 96 92 103 95 90 95 89 70 88 73 94 71 78 91 78 68 76 74 77 71 74 75 91 76 71 73
189 191 195 124 120 103 105 108 120 123 125 120 99 124 150 234 150 124 195 130 195 129 131 127 132 144 145 238 241 244
516 513 510 534 510 452 533 511 583 585 513 511 555 554 518 513 517 509 508 512 509 508 452 527 512 531 579 581 625 578
52 58 57 39 43 36 13 33 26 32 30 28 27 26 32 38 57 41 43 41 61 60 49 58 40 55 53 67 53 58
511 530 583 557 554 515 505 507 509 545 546 547 545 537 544 534 537 531 431 436 464 412 455 456 410 414 415 418 420 422
271 270 272 271 272 270 272 271 273 272 271 269 270 271 269 268 270 271 269 267 266 265 266 264 262 260 261 260 259 258
498 501 522 520 505 509 516 519 60 61 65 67 65 68 63 57 52 29 52 53 56 57 51 39 41 59 39 47 502 504
298 301 302 300 298 296 297 298 301 302 301 302 303 301 298 297 299 297 299 297 295 297 300 301 299 301 298 299 301 299
16 9 8 9 10 18 32 12 31 34 31 13 35 32 27 52 63 68 66 62 59 46 40 46 60 58 59 61 519 518
477 480 478 480 478 476 478 479 478 475 499 498 495 497 477 497 500 501 475 444 378 379 383 382 385 463 462 430 427 426
557 559 577 580 562 539 431 601 432 435 594 598 597 603 575 574 571 540 566 568 565 567 540 542 543 544 536 535 582 535
156 157 227 155 154 226 160 158 162 225 157 154 156 153 108 110 121 122 192 193 125 129 133 135 141 140 144 141 145 238
158 159 160 225 162 164 161 163 189 187 189 191 190 153 229 227 158 227 229 156 161 164 224 162 184 198 236 146 113 116
360 402 358 394 359 401 357 402 324 322 403 322 380 392 393 391 403 325 394 392 379 469 450 506 517 506 512 531 513 517
54 55 58 62 67 53 51 46 40 55 52 53 58 39 37 31 17 33 36 46 60 65 77 68 63 58 39 59 58 49
121 122 123 118 110 97 121 120 101 97 120 102 96 120 95 104 83 84 72 78 77 79 78 74 78 76 72 95 73 92
286 284 283 281 279 280 278 277 275 273 272 274 273 272 271 272 274 273 271 270 268 269 271 269 270 268 267 269 268 267
376 380 392 390 389 467 455 411 452 411 412 452 532 578 576 540 537 539 576 582 585 555 554 585 586 525 526 529 587 523
456 458 415 410 415 458 461 458 466 389 405 390 405 354 405 404 358 406 410 409 458 459 406 388 469 468 456 434 456 457
294 292 293 291 293 291 292 294 293 292 290 292 294 292 294 295 296 294 296 297 298 296 294 292 291 290 292 293 291 289
531 529 531 438 465 407 408 405 390 378 446 378 375 370 373 370 369 367 366 364 366 365 367 372 470 341 81 83 89 70
64 67 53 54 53 56 39 36 37 13 57 59 39 60 65 61 62 57 51 53 50 46 43 45 39 58 53 50 38 45
188 162 190 157 158 227 155 189 186 163 160 158 161 158 226 160 161 159 158 156 230 207 205 231 152 197 235 204 203 179
51 27 29 52 57 27 52 57 53 63 52 63 51 63 60 64 78 80 77 69 64 67 68 67 68 62 58 41 56 58
219 214 176 211 178 212 178 180 200 201 237 234 152 154 232 150 233 206 223 164 199 183 200 198 184 197 163 183 164 183
563 632 631 563 567 571 633 630 560 562 549 545 537 535 538 539 533 582 585 582 590 587 523 475 447 446 447 438 434 432
567 565 540 567 540 543 540 536 583 514 517 505 503 516 449 508 506 80 79 70 73 74 71 75 78 89 88 72 73 72
285 287 285 287 288 287 285 286 288 289 288 287 289 287 286 287 286 288 287 289 288 286 288 286 287 289 287 289 290 291
132 128 111 109 107 231 230 153 232 153 155 229 153 110 119 95 103 101 100 102 120 108 104 94 71 92 89 91 72 78
305 306 304 306 308 306 308 305 306 304 305 307 305 307 308 311 309 311 312 314 311 309 308 311 309 310 307 309 306 304
362 360 358 393 390 392 358 343 344 401 399 396 360 342 359 361 368 361 340 363 362 339 338 339 81 84 106 95 103 101
385 436 594 593 524 442 593 591 525 589 585 581 578 573 574 626 632 626 632 629 625 559 558 629 563 631 630 629 625 581
421 420 419 418 541 566 568 563 576 535 427 539 428 600 429 435 429 435 436 432 604 609 605 613 605 603 618 573 571 573
290 288 287 288 289 290 289 291 293 291 290 288 286 287 285 287 286 287 288 286 287 286 284 285 287 286 287 285 284 286
173 170 215 173 171 170 177 215 170 176 216 168 203 150 151 204 233 86 85 116 148 145 128 122 121 151 234 198 194 163
70 71 72 94 93 82 89 88 82 90 69 64 51 64 78 71 91 95 97 117 116 73 70 71 70 67 69 75 72 90
273 271 270 268 270 272 270 269 271 273 274 276 275 277 276 274 275 277 275 274 273 274 273 271 272 271 270 271 272 274
364 361 399 398 396 401 403 346 343 339 343 345 359 360 395 400 397 395 402 359 338 335 338 342 343 359 343 338 106 107
508 451 471 470 379 468 388 382 385 384 386 465 466 456 468 454 466 434 596 598 601 598 604 608 607 605 425 429 427 535
432 601 598 599 614 574 571 424 572 622 573 607 603 611 606 603 607 605 608 605 600 578 574 577 575 574 618 615 603 574
569 570 637 635 637 570 569 570 567 539 541 540 566 541 415 409 408 457 467 411 414 410 460 407 408 409 462 429 463 429
523 516 504 519 518 517 512 527 451 447 450 526 524 523 502 500 522 515 512 555 583 526 512 508 511 508 530 452 534 537
380 321 317 320 318 315 318 320 318 317 318 315 317 318 317 315 317 315 317 318 319 317 321 323 324 393 358 332 358 392
634 632 563 632 635 632 569 632 563 569 632 627 621 622 618 578 532 557 583 526 524 448 447 446 443 441 438 443 445 475
500 523 500 502 501 523 522 514 526 582 528 592 439 440 445 476 499 523 446 472 446 447 473 448 442 438 594 592 596 432
629 625 622 619 621 619 613 603 598 436 387 436 465 388 386 456 455 466 389 465 437 467 448 472 449 451 454 467 454 457
43 40 37 32 15 33 9 30 32 38 47 39 60 58 60 51 52 29 26 24 25 34 31 26 25 46 40 45 43 36
10 11 13 11 14 10 16 13 32 33 10 18 17 8 6 9 19 16 33 16 11 12 17 31 18 34 36 46 38 41
555 512 514 526 531 583 536 549 565 563 566 562 551 546 544 452 530 450 508 530 535 529 524 525 590 582 583 557 553 551
159 226 230 223 166 181 201 196 121 104 106 103 98 118 110 151 107 105 109 110 105 93 92 82 94 95 103 120 123 122
562 567 576 578 625 629 563 559 561 565 540 563 567 571 576 573 607 605 603 612 607 573 572 606 615 616 618 615 603 602
301 303 302 304 303 305 303 304 303 301 302 303 304 301 303 302 304 301 300 302 304 305 303 305 308 307 305 306 304 303
280 278 276 274 275 277 276 275 276 277 275 277 279 280 279 281 279 281 279 281 282 284 282 280 282 281 283 282 284 286
587 589 581 587 590 591 529 590 532 580 590 586 589 586 589 586 588 525 592 594 432 602 600 602 606 602 596 601 599 435
232 210 207 232 206 232 204 233 207 222 231 223 222 228 222 218 216 174 172 169 179 178 168 176 172 175 168 178 202 182
116 148 86 84 81 82 71 73 118 148 118 98 102 98 95 89 72 89 71 90 75 72 116 72 78 81 78 76 75 76
240 200 184 185 163 186 183 180 203 179 180 182 202 205 179 204 206 219 221 216 178 180 168 220 165 199 202 234 151 196
117 115 114 237 146 145 132 135 130 132 142 136 135 138 133 130 128 111 235 233 110 150 152 197 195 125 126 122 128 132
260 259 260 259 257 259 260 261 259 260 262 260 258 255 254 250 253 248 244 242 247 245 239 243 241 245 240 237 242 240
490 492 489 488 489 490 491 493 491 492 489 488 491 494 497 496 495 498 497 494 495 493 491 494 495 492 491 488 490 487
27 29 52 53 56 38 46 47 49 48 503 506 508 512 510 534 538 413 544 452 413 415 422 421 423 426 432 428 430 426
0 1 0 2 0 1 0 2 4 7 10 32 26 31 12 13 12 15 10 33 16 9 31 24 25 37 33 16 17 32
446 438 433 387 441 593 528 582 530 449 473 378 446 524 448 527 528 530 531 450 509 506 503 506 80 82 89 72 75 72
42 61 64 51 60 39 59 61 60 62 58 39 37 38 13 31 9 20 7 8 7 10 32 13 15 14 35 36 15 36
102 95 120 102 120 109 111 85 88 116 112 114 118 124 195 125 129 145 237 201 235 238 243 240 200 237 149 233 207 229
258 260 259 261 259 258 255 252 251 245 246 241 240 244 240 246 240 237 146 149 237 202 179 203 201 234 206 211 179 200
245 247 245 247 251 245 241 202 166 220 217 214 217 214 211 178 203 210 213 211 205 213 176 172 175 219 220 218 224 227
314 311 309 310 309 312 315 316 318 321 324 321 324 323 326 327 324 327 330 356 332 334 336 345 334 332 331 332 331 347
559 550 563 558 549 543 545 550 558 562 567 569 636 570 571 574 572 573 614 611 605 614 602 600 427 424 570 567 540 537
249 252 251 248 252 246 245 246 251 252 251 252 255 258 256 258 256 258 257 256 258 255 257 258 259 257 254 255 256 255
295 293 291 290 291 289 291 290 291 289 290 291 293 291 290 288 287 288 287 289 291 292 291 292 294 292 294 293 291 292
257 256 255 252 253 251 254 253 251 247 246 244 243 238 240 200 182 167 176 217 214 206 208 233 211 203 201 181 168 175
335 334 345 332 333 347 358 392 391 323 325 394 358 345 347 346 335 337 334 336 410 459 463 433 435 440 445 446 524 593
163 186 193 122 99 120 125 132 195 186 189 186 193 192 196 234 152 197 200 166 182 167 180 178 212 215 213 218 223 221
361 368 374 375 468 375 474 472 374 370 376 392 322 321 318 315 316 317 315 314 311 308 310 309 307 309 311 309 311 310
542 549 546 544 548 546 551 547 549 540 541 537 579 539 579 535 529 528 526 515 512 507 472 374 369 400 361 362 364 398
488 485 486 483 481 482 481 482 484 482 483 480 482 481 480 477 497 500 520 48 46 57 40 46 50 37 34 18 31 37
598 436 464 432 437 435 438 594 593 525 515 514 529 511 555 551 544 511 544 549 561 559 630 627 628 559 562 564 566 549
357 404 389 403 401 344 339 342 359 401 392 405 389 392 322 325 403 401 360 358 406 457 410 459 457 464 411 412 465 386
484 486 489 487 484 483 482 483 482 483 486 483 482 481 483 480 481 479 482 483 485 486 484 482 483 485 488 491 488 489
487 486 488 490 488 490 491 492 490 489 490 487 489 486 489 487 485 484 481 484 486 484 487 489 492 493 496 499 498 523
209 210 203 210 207 211 212 214 211 205 211 176 216 211 214 213 218 224 225 229 231 108 120 124 127 123 100 103 102 120
356 391 323 320 322 380 389 403 346 337 342 344 361 339 342 358 404 467 451 526 587 524 522 526 525 515 526 450 453 456
433 462 461 409 459 457 386 389 380 321 323 321 319 321 391 404 393 403 405 389 391 324 391 356 353 350 331 347 404 359
348 350 330 348 347 334 333 336 337 339 341 471 470 376 372 469 446 472 469 470 449 451 508 505 513 556 529 451 434 457
129 124 118 96 93 96 98 120 125 131 136 133 145 238 236 239 240 236 148 115 88 85 86 233 211 207 233 234 205 214
19 21 20 9 20 21 24 26 29 52 59 46 45 59 65 60 58 40 36 32 36 44 38 39 43 39 40 43 44 58
39 57 49 51 57 52 39 52 56 41 58 39 60 61 63 52 58 38 45 40 45 44 36 35 25 48 501 524 475 499
550 555 517 519 61 63 50 45 47 38 58 50 27 57 38 36 24 18 15 17 22 17 11 12 31 36 37 11 32 14
609 604 427 424 604 601 604 425 607 602 618 624 619 613 605 607 613 615 618 577 579 578 581 528 533 513 450 511 530 508
234 204 209 208 210 203 168 215 216 217 176 177 174 175 215 177 168 177 173 175 174 175 216 170 212 177 168 211 218 219
517 514 517 519 502 504 519 517 507 449 526 448 469 472 473 445 446 472 441 443 442 439 437 388 467 464 409 415 414 416
297 300 302 304 303 301 302 305 306 308 310 311 309 306 305 306 304 301 300 302 303 302 300 302 300 298 299 300 298 301
574 572 424 426 604 598 593 598 599 595 591 594 439 593 441 383 440 438 597 429 424 603 607 425 600 575 427 604 611 603
71 92 84 83 104 94 74 71 72 69 89 87 84 86 148 112 97 94 95 73 96 98 103 95 110 112 120 151 208 210
340 363 362 359 336 346 335 337 359 403 392 380 391 358 355 330 358 393 359 345 406 409 412 430 464 409 412 414 454 411
130 135 132 195 190 154 228 231 153 110 111 123 111 110 112 110 104 121 125 131 127 119 101 96 98 103 101 96 93 103
573 570 571 569 572 574 572 574 622 618 620 624 620 615 614 603 604 598 432 386 463 386 432 464 460 459 407 464 409 459
529 525 528 525 589 586 581 529 557 561 552 546 547 548 546 547 548 549 537 545 547 546 547 544 534 529 534 539 533 511
534 451 454 455 466 464 436 598 603 607 424 425 572 622 627 629 626 620 574 618 599 575 431 435 592 527 512 507 512 449
66 69 77 65 64 78 68 69 77 69 75 70 76 77 75 74 90 89 71 72 78 74 77 69 76 73 88 86 83 86
582 529 534 542 566 541 538 535 534 451 512 529 585 555 515 521 501 502 504 505 520 519 518 513 512 526 525 531 513 529
635 634 631 564 569 633 635 632 634 570 636 637 570 424 421 418 412 410 454 411 412 464 458 456 457 408 405 406 408 407
138 141 136 140 138 136 132 133 128 119 95 103 105 108 120 125 122 120 151 121 196 125 128 130 126 128 145 236 238 240
171 176 170 177 171 175 178 211 179 212 179 201 235 180 182 202 204 210 232 210 212 216 167 176 215 219 222 226 156 158
170 173 174 175 169 171 175 171 177 210 211 176 215 174 216 218 222 219 211 177 213 209 213 177 170 175 169 177 214 216
311 314 316 319 320 318 317 315 317 315 313 316 317 316 318 315 318 315 317 314 313 314 317 319 316 315 313 315 314 315
473 371 341 340 361 402 392 376 374 469 388 383 379 470 373 376 392 394 327 325 395 394 399 396 397 400 401 376 378 472
480 482 479 477 497 500 520 514 586 514 511 451 529 579 574 620 622 620 618 614 607 604 614 599 593 599 595 435 598 601
235 198 234 150 197 186 195 133 137 135 137 140 142 146 115 147 145 140 135 130 125 122 100 98 97 94 71 90 89 81
518 554 557 533 531 513 587 524 441 472 448 445 524 449 452 534 537 539 538 543 538 416 418 422 427 424 575 577 621 627
399 361 368 373 470 507 517 555 513 528 583 511 510 551 549 558 629 630 624 626 624 622 626 628 623 621 577 583 530 449
530 525 531 579 538 424 538 537 534 431 434 438 444 447 525 591 590 591 587 586 584 583 587 513 585 588 525 515 513 510
37 32 26 24 35 38 43 41 63 50 60 519 517 513 508 511 514 554 556 559 556 557 582 589 525 527 511 452 527 449
185 197 185 187 186 163 187 163 160 161 157 229 228 227 155 190 163 162 163 162 184 181 199 201 200 201 148 116 113 112
624 619 617 622 621 575 424 572 570 567 569 636 633 569 567 565 560 628 629 560 630 629 558 562 558 560 561 558 560 559
212 205 203 150 147 149 237 202 232 151 120 98 118 94 91 83 81 90 76 69 71 69 72 116 118 98 117 119 124 123
247 248 251 245 244 250 247 249 245 249 252 250 253 250 249 253 251 249 254 255 252 247 250 251 248 246 241 202 197 194
63 60 50 62 51 58 62 41 61 59 48 520 504 506 505 503 506 79 91 83 88 86 115 147 237 238 235 112 97 123
543 544 534 531 527 528 530 508 451 456 534 531 579 531 536 532 531 583 528 596 432 433 600 574 599 596 597 603 614 599
288 287 288 289 288 286 284 285 286 285 286 284 285 283 285 284 285 283 284 282 284 282 281 280 282 281 282 283 285 284
38 37 38 58 38 42 61 62 58 60 62 40 58 41 43 36 15 32 9 31 11 10 30 25 46 49 57 62 41 66
203 211 207 205 207 231 205 210 203 181 165 163 185 189 154 231 206 233 206 211 214 209 204 212 216 213 215 168 182 165
309 311 313 315 317 315 312 310 309 312 308 310 307 305 304 305 304 305 307 308 309 306 305 306 309 310 313 314 317 318
211 175 174 216 179 201 180 201 236 142 143 142 144 146 239 143 238 147 237 201 180 234 151 203 168 175 177 179 211 210
299 297 296 298 296 298 300 298 301 299 298 296 298 299 301 298 299 298 301 299 297 300 298 296 295 294 295 293 291 290
100 122 123 97 104 118 120 118 121 104 105 93 95 98 116 114 147 114 237 241 200 240 236 149 114 113 115 117 119 102
482 479 481 479 481 480 477 476 474 446 523 498 495 496 495 498 523 503 523 500 525 588 586 583 513 514 518 519 505 516
330 329 328 327 326 324 326 396 325 401 392 394 401 396 326 330 347 346 343 337 359 336 346 333 331 347 404 467 465 385
217 221 224 223 166 180 166 219 211 179 181 200 167 176 218 215 212 211 178 171 170 175 168 178 204 208 206 234 149 110
539 540 568 540 562 551 544 550 556 553 554 557 561 558 560 564 568 572 569 566 542 541 542 540 536 542 544 546 551 546
332 334 347 353 350 329 352 350 331 347 353 349 351 330 347 330 394 323 391 322 319 320 391 390 381 379 383 388 383 380
112 120 122 125 131 132 140 135 133 131 132 127 129 130 125 123 110 107 152 150 233 208 151 107 151 208 205 235 204 203
139 136 131 132 135 134 132 125 111 233 208 151 203 151 206 231 205 231 108 121 124 120 125 195 191 195 196 152 154 152
509 506 507 516 515 526 531 431 596 435 441 443 444 382 380 391 357 356 359 400 372 469 473 475 442 475 473 374 379 469
184 197 186 187 185 187 186 195 193 122 127 132 133 132 130 124 120 100 97 112 97 95 101 103 93 102 119 104 83 89
300 302 304 306 309 306 305 308 312 315 312 313 316 315 316 318 320 322 390 391 403 392 325 322 325 395 399 398 401 394
533 536 544 511 512 517 516 506 80 340 338 340 80 81 339 342 363 364 370 369 373 371 471 470 378 382 444 440 445 473
632 569 632 631 628 630 624 629 631 622 576 581 590 526 531 534 413 452 454 534 453 534 530 513 555 512 449 450 511 512
59 61 51 50 49 503 504 520 521 499 522 502 47 502 522 499 497 495 494 491 488 491 488 491 493 496 497 494 491 494
544 541 535 575 600 578 583 532 513 583 585 586 581 621 616 619 622 621 620 621 620 622 631 560 564 631 630 627 632 563
194 195 186 197 234 196 201 204 205 206 203 232 234 204 208 231 107 105 338 340 361 399 396 394 360 362 364 398 395 398
411 408 409 459 406 405 354 406 404 356 403 405 403 346 357 358 404 405 357 404 347 403 376 373 370 375 370 371 366 364
532 533 582 526 448 447 525 523 447 475 499 522 504 516 502 520 515 555 553 551 559 563 565 564 567 564 632 630 633 569
113 146 148 116 112 114 116 72 74 90 95 71 88 85 150 197 234 198 181 183 167 178 202 167 181 184 163 161 189 163
126 123 127 126 123 121 153 231 207 206 233 234 180 165 163 159 162 190 186 183 182 168 216 214 174 176 216 167 169 175
565 550 561 552 546 545 509 544 545 549 537 531 535 532 581 625 628 559 552 558 559 583 529 534 542 540 549 557 550 551
118 97 112 118 98 96 119 109 232 202 200 180 168 166 203 201 202 182 184 163 189 188 190 162 155 231 107 110 111 115
186 183 182 199 241 239 244 249 253 250 254 253 250 247 251 247 241 238 236 147 239 146 143 146 113 115 85 111 235 237
165 163 185 187 186 162 155 229 225 224 222 225 226 157 227 226 227 155 154 153 109 107 208 232 153 151 120 123 124 122
198 180 169 168 215 176 174 215 176 173 171 178 203 201 182 202 237 235 238 148 113 119 97 117 96 101 103 95 118 115
525 524 438 440 594 440 439 592 597 438 597 596 579 557 581 591 587 522 520 503 500 502 501 522 524 447 446 476 474 448
31 34 35 22 23 22 21 18 33 22 24 33 10 16 13 15 14 12 9 8 5 3 2 1 3 1 0 1 3 6
168 219 214 213 212 210 177 178 212 214 211 177 212 209 206 205 151 233 153 155 231 108 107 104 107 151 208 107 152 192
388 437 432 604 425 607 426 430 600 603 424 570 634 569 632 627 624 622 625 622 617 622 575 571 568 563 564 561 550 563
254 253 252 247 242 244 246 250 244 246 252 250 244 249 252 254 256 257 255 256 255 257 256 255 256 254 250 253 255 254
296 294 293 292 293 292 294 295 296 295 297 299 298 299 297 296 295 296 295 293 295 294 295 294 296 297 300 298 299 297
137 138 141 132 195 133 141 140 144 132 125 110 105 92 73 96 90 95 104 106 108 104 102 99 97 124 110 118 149 85
630 563 550 556 555 513 531 582 592 597 434 430 600 430 386 433 600 599 601 598 432 433 428 602 599 596 598 593 436 384
413 411 410 458 414 454 456 534 539 537 566 537 539 431 464 411 454 534 451 529 512 555 513 556 583 587 528 587 525 590
229 222 226 159 156 227 156 226 222 230 155 153 154 192 122 127 125 121 123 122 109 193 191 195 194 187 188 190 195 197
556 552 559 560 626 559 579 577 578 576 539 422 415 422 423 421 424 429 600 574 622 620 622 623 621 616 617 619 623 574
82 89 86 148 149 151 112 235 197 200 167 202 199 164 182 179 182 166 202 181 179 202 203 178 202 241 239 236 196 201
231 154 190 153 121 123 121 152 232 233 206 234 148 116 117 112 110 105 108 106 105 103 98 102 95 110 119 98 100 96
476 474 377 379 382 440 446 472 470 372 402 358 401 394 393 391 357 360 362 338 341 470 472 447 444 378 470 448 473 469
28 52 28 27 26 25 36 43 41 61 64 58 37 46 39 42 59 57 50 45 37 36 44 37 31 37 33 17 33 12
29 30 27 25 23 20 19 24 32 17 33 34 45 48 45 44 39 38 58 49 59 65 60 63 40 45 36 44 43 39
222 230 155 226 224 222 221 224 227 156 229 225 160 157 227 229 155 154 228 230 162 165 182 202 241 238 241 244 250 251
551 561 562 557 529 451 467 455 466 457 434 597 598 604 608 609 607 602 604 603 574 571 574 576 582 557 584 557 584 557
633 569 635 632 563 630 633 569 566 550 561 629 563 562 559 576 574 617 620 616 613 615 618 577 578 576 580 581 591 525
191 195 132 128 125 132 129 133 141 139 142 136 138 133 141 133 134 141 134 137 135 134 138 141 133 131 127 125 122 123
161 159 227 159 156 154 192 190 187 186 183 181 179 170 212 176 171 170 176 217 219 217 221 215 174 217 176 178 211 219
354 348 352 348 331 348 357 335 346 359 344 346 330 325 394 359 403 402 379 404 388 384 382 381 378 441 447 449 508 507
57 49 58 66 58 57 46 40 41 57 38 50 39 58 60 61 519 515 514 520 504 520 514 520 505 509 507 450 530 512
110 113 118 85 88 73 88 87 89 72 73 91 95 93 104 103 100 96 118 95 84 83 91 75 76 91 82 92 105 120
149 147 145 142 238 237 241 245 243 240 200 184 199 184 198 184 198 183 165 162 185 187 188 164 165 162 154 156 157 162
214 176 212 205 219 175 171 172 177 171 169 168 169 166 181 167 183 184 185 162 186 191 193 192 191 193 190 195 197 183
336 346 344 357 359 344 345 406 357 405 357 406 357 403 376 375 377 474 375 371 369 367 372 378 445 476 474 447 524 448
472 506 503 523 500 502 501 520 519 517 514 520 522 504 449 528 592 525 449 511 507 510 545 542 538 431 426 607 605 607
106 110 108 151 112 151 121 153 154 162 164 184 166 179 167 202 201 241 199 181 167 216 217 175 178 179 168 178 177 173
313 316 318 315 317 316 317 316 315 314 313 314 317 316 318 316 314 315 312 314 312 314 311 310 312 315 313 310 312 310
414 416 411 467 469 447 442 446 440 386 438 524 523 500 497 499 475 473 476 477 476 478 477 475 524 523 502 501 502 523
322 323 321 324 391 393 326 329 352 349 330 332 357 391 357 390 380 381 376 470 341 338 339 343 341 344 357 332 327 331
463 429 600 427 539 540 563 631 630 629 628 627 622 626 621 581 559 562 563 558 557 549 510 512 530 534 533 452 534 453
546 547 549 557 580 584 557 546 543 549 537 533 532 529 530 514 555 557 546 543 546 550 551 547 544 543 548 549 536 563
248 251 248 253 249 250 253 248 244 246 248 253 256 254 256 258 259 258 259 261 260 262 260 261 262 261 262 263 264 266
49 48 47 37 36 12 15 17 11 10 33 24 35 23 25 33 11 25 36 24 20 17 18 33 14 12 15 33 36 37
591 584 513 507 471 504 519 503 521 523 449 451 528 529 511 451 469 387 383 389 386 458 456 433 429 431 428 538 431 464
218 216 167 179 177 212 213 216 212 211 206 218 176 177 214 217 174 169 172 173 175 216 217 222 218 216 167 182 164 163
274 273 275 276 277 278 280 282 281 279 278 279 281 280 278 280 278 280 282 283 284 286 287 285 287 289 290 291 290 292
109 120 123 126 124 109 150 111 233 150 204 86 88 72 87 88 89 87 85 90 72 77 75 74 78 82 84 92 84 85
178 175 174 176 174 215 220 216 176 216 170 168 211 178 176 213 210 176 216 212 177 178 176 171 170 215 219 205 207 107
167 176 169 172 170 172 175 213 175 176 211 213 205 234 205 179 182 200 202 149 148 145 140 139 141 145 142 132 140 142
435 600 436 441 435 593 440 439 596 594 436 387 390 382 383 380 321 320 319 316 321 318 317 314 311 312 313 315 316 321
519 515 519 514 522 514 509 555 512 511 450 472 378 469 447 448 507 470 368 367 365 362 361 402 379 375 380 392 394 396
115 149 146 148 115 88 115 85 90 72 69 64 65 66 63 68 79 71 75 74 91 83 85 84 90 81 340 341 468 470
56 41 59 43 46 37 12 10 7 6 3 6 7 20 18 33 10 31 37 34 23 25 36 34 31 11 30 26 37 14
337 359 337 345 335 358 393 359 335 358 357 407 463 430 458 464 457 414 418 416 540 562 563 632 563 536 562 560 564 559
15 9 30 9 33 19 10 16 18 7 8 20 9 17 20 22 17 14 36 39 62 63 52 27 32 11 32 24 31 26
566 541 538 413 417 412 415 541 543 534 451 452 544 511 532 533 513 529 524 523 525 590 532 583 589 585 556 559 563 539
441 384 389 406 459 463 459 457 409 459 411 467 465 455 413 453 416 411 408 457 414 413 458 463 434 535 575 580 582 578
401 361 358 355 404 392 379 377 380 389 379 390 404 406 389 391 321 392 393 401 394 395 398 395 400 395 360 394 400 364
182 181 180 179 166 202 178 180 234 205 212 179 181 201 198 184 188 160 157 156 154 192 126 127 129 124 150 124 112 113
585 515 555 513 530 514 516 502 49 48 502 520 522 516 506 450 451 468 466 457 388 465 412 538 453 414 416 539 416 420
394 393 403 322 393 390 404 388 405 403 359 394 402 395 326 324 325 393 390 405 404 407 459 464 463 459 408 459 465 407
32 25 34 23 20 9 31 32 9 24 9 16 17 18 32 34 18 15 14 32 26 37 31 25 26 27 32 10 7 10
371 369 375 472 379 381 389 382 383 440 444 441 383 389 385 440 444 475 500 499 521 515 513 532 529 528 582 580 590 578
227 160 163 161 164 183 165 224 227 155 226 159 161 165 163 164 181 198 183 165 167 168 176 170 168 180 169 179 205 232
479 481 480 477 499 521 502 516 521 499 498 523 515 554 514 529 451 456 433 430 458 409 458 461 463 434 435 600 430 431
317 318 315 314 317 314 313 311 310 308 310 309 308 311 309 307 309 306 309 311 310 307 305 306 307 308 312 313 311 310
206 223 230 156 230 225 221 226 156 227 226 157 189 196 201 240 241 143 145 140 144 238 243 242 238 200 197 152 155 156
382 377 376 470 450 449 471 372 369 372 367 364 367 365 362 361 339 343 346 333 347 357 360 399 400 398 401 358 393 404
141 136 132 128 146 236 234 201 238 146 114 118 120 97 103 100 99 96 104 108 110 111 120 105 95 82 93 102 99 98
221 224 161 225 227 158 159 226 222 224 222 224 220 215 173 172 171 177 216 215 176 168 181 202 149 236 241 238 143 238
223 218 220 165 220 221 217 220 221 223 221 225 156 229 153 152 149 150 234 150 236 199 202 205 233 205 203 150 120 123
461 460 409 463 429 464 435 528 584 557 579 536 540 567 565 567 540 549 561 565 566 568 564 632 633 636 570 571 540 565
44 38 36 43 46 36 25 48 59 45 50 62 61 65 66 68 67 66 58 44 46 59 49 50 52 27 25 37 40 62
88 82 81 340 363 367 365 363 366 364 367 366 368 361 372 370 375 469 374 471 375 469 375 379 376 374 474 441 472 468
575 428 433 464 429 430 427 538 536 583 530 513 511 450 511 512 527 582 531 453 452 466 469 371 472 449 511 528 593 582
618 574 617 622 576 573 577 532 582 581 529 587 523 588 584 580 625 620 617 599 600 425 606 605 614 612 613 611 613 606
457 454 412 453 413 458 462 459 409 462 458 465 387 388 406 410 336 334 337 346 357 336 345 332 358 332 333 345 357 404
244 250 253 250 245 243 241 240 246 247 246 241 240 200 237 200 198 234 237 148 145 142 236 235 113 117 98 96 120 109
615 619 624 630 626 623 619 622 574 600 429 463 426 432 599 574 579 536 580 556 552 553 554 555 518 519 520 503 502 519
151 152 121 192 193 194 186 187 191 192 194 186 187 189 154 155 152 233 235 200 235 150 110 150 109 151 203 168 167 176
101 98 103 119 113 114 146 239 244 239 237 236 145 238 240 241 202 197 200 179 170 176 213 175 171 169 180 204 235 234
440 383 389 465 384 383 440 385 433 601 598 597 438 593 432 593 528 584 589 581 584 532 431 579 534 412 417 414 416 422
526 448 467 386 464 456 453 533 557 529 524 526 449 516 505 518 517 514 522 519 516 526 530 451 455 457 387 468 341 362
153 109 107 231 205 208 206 230 156 155 227 158 159 160 161 189 161 188 190 162 186 183 181 197 181 167 202 235 150 232
412 415 409 406 408 457 459 408 458 463 386 436 598 596 439 437 464 411 453 535 578 581 577 574 617 574 578 577 583 514
134 137 142 198 164 186 188 159 161 162 189 164 186 195 133 131 130 125 123 125 124 126 192 190 153 110 97 100 96 95
319 318 317 321 323 320 318 317 316 318 320 322 324 392 405 355 352 348 333 334 335 336 359 393 404 357 344 403 376 379
593 442 593 527 447 450 472 473 471 472 471 504 506 450 471 447 474 448 447 523 446 449 471 374 379 472 507 511 507 448
502 49 504 449 530 508 511 545 537 549 557 579 559 579 537 566 569 563 562 551 546 545 546 547 544 511 533 582 591 582
289 288 290 288 287 286 288 289 290 292 293 292 294 292 293 294 293 294 293 292 291 292 293 294 295 293 295 293 291 289
622 616 614 603 614 607 603 615 616 622 572 425 607 606 615 614 599 575 618 615 614 615 614 602 608 602 612 608 602 612
80 340 339 343 339 344 361 359 346 343 358 346 406 457 388 437 438 433 436 433 438 437 440 443 439 595 436 466 441 387
353 331 348 345 358 330 332 346 406 408 405 406 459 407 388 405 347 355 407 410 413 544 453 457 453 413 455 453 534 413
105 83 85 233 208 230 222 206 232 152 107 108 105 338 362 343 341 368 341 360 361 368 370 364 370 365 369 399 360 361
125 128 126 123 126 129 125 131 135 134 129 134 133 132 195 133 135 131 126 121 126 131 132 128 122 110 121 153 192 153
65 69 77 91 92 340 342 401 400 402 372 368 370 365 366 369 363 341 340 343 361 360 400 364 365 370 376 392 323 393
157 162 159 163 184 166 184 185 164 184 200 236 239 147 236 203 179 168 170 169 167 165 164 185 189 161 160 162 230 152
35 36 40 56 57 50 61 66 41 40 38 40 63 52 63 39 63 60 63 50 51 58 63 40 36 40 37 13 34 11
104 110 109 153 152 110 112 235 200 179 169 180 198 201 179 169 170 175 219 215 176 172 176 177 173 174 176 178 204 86
352 348 351 329 394 402 324 321 324 402 356 405 355 348 346 355 357 345 342 345 337 334 347 356 407 460 408 409 407 463
383 441 378 374 372 377 371 377 373 369 375 376 377 376 377 474 447 471 449 511 514 511 452 531 593 432 438 597 595 599
510 549 561 552 558 559 625 621 577 532 452 508 451 449 503 519 502 521 499 523 526 590 583 528 435 464 409 411 453 537
611 609 608 604 609 611 603 575 622 621 578 573 623 626 629 632 626 629 632 563 561 564 569 566 564 631 626 576 540 571
175 212 204 203 166 223 222 220 224 218 211 215 170 212 215 221 223 161 188 184 197 202 166 200 181 182 184 164 197 196
272 271 270 271 273 271 273 271 273 272 274 275 273 272 274 275 274 276 277 278 279 281 280 279 281 282 281 283 281 282
396 398 401 393 358 342 360 344 401 357 407 457 388 379 383 387 437 439 438 527 530 533 528 435 431 435 594 437 387 464
270 271 272 273 274 276 274 275 277 278 280 278 277 278 279 277 275 277 278 280 281 280 282 284 285 283 282 283 285 286
458 386 387 434 437 433 462 409 459 410 456 458 459 406 407 459 410 460 410 406 409 458 459 406 354 352 354 351 348 330
202 203 235 234 196 192 196 121 192 194 125 194 125 121 119 117 98 102 101 104 107 104 97 123 125 132 142 145 132 130
459 465 436 433 432 429 604 612 613 619 618 617 620 619 615 620 618 620 625 576 574 572 576 577 581 532 529 526 527 438
625 578 535 583 579 539 542 545 537 549 558 549 566 561 563 562 558 580 584 581 532 577 582 591 578 618 620 574 573 572
278 280 279 280 281 279 277 275 276 274 272 274 275 273 271 273 271 272 273 275 276 274 273 272 270 272 271 273 271 272
495 492 495 492 489 487 488 490 487 490 487 484 486 485 482 479 480 478 480 483 482 484 482 481 478 479 480 483 481 478
418 422 420 417 415 418 419 421 426 421 419 422 421 420 421 426 430 538 428 425 606 609 611 606 573 577 579 431 432 437
90 91 79 82 78 64 59 50 51 27 31 12 16 14 13 11 33 37 45 47 502 48 520 518 513 509 530 508 512 527
238 235 238 243 245 242 200 198 200 237 147 149 201 241 201 180 181 167 169 174 170 168 219 222 206 151 85 87 89 83
341 360 345 338 344 334 337 345 334 344 336 338 359 338 344 335 358 359 401 357 335 357 348 331 349 347 358 360 345 335
18 7 9 7 8 19 33 17 9 8 5 8 10 11 10 18 31 12 55 51 64 67 53 63 61 65 66 61 68 77
20 22 24 9 7 9 32 9 6 20 8 20 23 22 17 22 20 21 18 10 7 6 5 6 3 1 3 6 5 7
342 340 341 343 338 344 338 339 342 358 361 364 400 359 401 372 470 469 375 372 371 370 376 379 375 372 374 370 376 379
497 495 498 496 495 492 493 494 496 497 498 499 522 523 588 592 593 590 593 441 466 464 409 462 463 385 464 466 467 448
268 267 265 263 262 260 259 261 260 262 264 263 265 267 268 267 269 271 272 273 272 271 269 270 269 270 272 274 273 274
339 340 338 105 92 340 80 82 92 80 91 90 71 88 84 92 104 118 119 118 113 146 142 139 141 145 146 236 240 236
199 184 199 181 165 185 197 234 201 180 168 211 215 221 216 176 215 216 176 167 169 167 168 219 211 210 203 151 107 104
145 147 237 236 147 112 235 180 204 206 233 86 85 118 119 112 110 152 230 223 218 211 179 205 204 203 151 208 233 208
552 553 554 515 519 49 504 449 523 501 523 516 522 519 60 51 56 50 51 59 57 46 59 65 64 67 65 59 58 59
583 531 579 581 557 580 557 582 579 539 571 575 574 618 615 617 623 573 614 617 615 606 605 603 608 612 602 603 428 539
41 42 39 40 43 41 57 37 39 47 48 50 61 519 517 519 61 519 516 517 512 505 521 523 475 524 441 440 438 386
409 457 413 537 453 413 455 466 454 466 464 432 601 433 387 457 410 457 387 469 455 450 509 450 513 509 516 502 47 34
253 251 246 252 249 245 249 251 249 244 240 201 200 237 238 239 245 247 250 246 240 246 251 254 257 259 260 261 259 261
568 565 550 556 555 556 513 508 513 583 580 562 561 549 544 535 575 603 425 426 430 462 426 427 426 427 575 622 619 614
504 473 474 444 447 523 500 522 504 522 515 512 515 526 525 588 589 591 587 584 591 582 531 582 531 527 512 505 509 530
614 605 614 616 617 621 578 581 532 431 579 535 576 573 571 570 572 606 610 608 605 601 429 603 573 633 635 637 634 569
169 168 211 176 219 179 203 178 171 176 177 215 168 167 220 223 162 160 163 159 160 162 165 183 185 161 160 158 160 159
261 263 264 262 263 262 264 262 263 265 266 265 264 263 261 259 258 256 254 256 257 258 260 259 260 261 263 261 263 261
395 401 361 358 405 347 334 335 344 403 357 402 393 390 376 379 373 368 366 367 371 470 378 379 377 380 391 356 353 330
424 570 569 636 637 635 632 629 624 622 627 624 621 578 575 580 581 584 528 587 525 589 588 584 588 587 590 582 529 528
25 23 22 23 35 45 43 57 41 66 60 66 64 59 61 62 42 45 59 44 58 49 57 40 58 61 64 79 68 69
200 238 145 146 149 151 111 113 128 131 130 133 195 192 195 194 198 184 187 162 225 229 156 157 158 226 225 157 225 221
370 367 370 368 370 371 472 475 501 521 516 449 448 469 467 465 463 430 432 594 432 431 436 433 466 438 440 441 593 439
578 581 532 590 580 536 542 540 566 550 559 563 566 561 560 557 550 556 514 513 522 499 476 473 371 377 374 376 380 382
545 547 550 562 567 563 567 541 422 420 423 426 425 422 538 453 415 414 418 422 539 567 539 568 569 564 565 560 550 551
142 141 144 142 199 184 185 186 197 198 234 233 111 119 124 150 86 83 85 95 105 83 106 109 108 120 104 105 103 100
584 585 581 529 591 589 586 585 529 582 576 625 626 628 631 564 561 562 560 558 559 580 533 579 534 431 597 600 432 594
538 534 451 534 532 581 583 514 511 534 413 456 387 389 391 404 347 358 335 344 334 337 334 337 336 344 337 345 338 105
213 210 204 212 175 171 174 214 176 174 176 172 177 178 167 176 171 175 214 210 206 151 233 153 190 155 162 225 226 154
220 215 170 176 218 176 214 177 212 213 212 176 167 168 177 178 169 178 176 219 221 224 220 224 160 163 194 197 195 197
62 60 62 67 53 54 53 63 39 51 46 47 502 49 52 28 52 56 41 42 58 53 56 51 27 30 32 33 17 15
471 449 507 510 551 559 551 546 548 562 563 561 567 561 558 556 529 591 595 596 431 531 453 456 458 408 459 460 464 411
503 501 524 475 500 503 506 517 509 544 453 455 468 471 468 452 532 576 579 590 526 587 582 581 590 529 451 507 472 468
617 574 617 614 602 599 598 596 431 433 464 466 433 428 602 428 433 462 465 411 453 537 545 544 543 547 548 545 549 562
250 252 255 258 260 259 257 254 249 246 247 251 246 250 245 239 143 242 247 251 247 250 254 256 254 257 256 254 250 254
594 435 597 437 465 463 461 460 459 457 415 420 415 410 414 453 543 546 543 538 533 580 556 558 629 563 568 564 566 549
627 624 620 625 577 583 589 588 525 527 532 528 582 576 573 607 605 425 423 571 576 578 532 579 580 582 592 594 443 445
264 263 264 266 265 263 264 262 260 258 255 253 250 244 250 254 251 247 251 249 243 245 242 239 241 247 242 243 249 253
442 592 527 593 440 594 436 437 434 435 599 574 573 576 539 576 539 422 427 425 427 539 541 422 420 418 420 418 414 411
444 441 440 439 438 434 593 594 597 436 385 465 388 467 455 411 455 469 375 473 448 441 524 475 477 479 480 478 477 497
6 3 5 6 5 3 6 8 18 21 24 32 35 34 33 34 36 24 9 17 10 14 35 33 18 24 20 7 18 21
67 70 73 89 72 94 104 95 118 123 122 124 128 145 133 131 127 125 110 108 110 112 97 98 116 72 90 69 79 76
620 616 621 627 632 633 630 627 631 624 627 632 631 622 624 618 620 622 631 633 634 632 634 637 635 636 570 571 568 567
425 424 425 572 622 617 619 577 624 619 621 616 620 621 577 582 585 557 546 544 453 537 532 511 452 544 551 553 551 550
85 118 117 114 117 97 122 127 125 196 125 131 134 141 129 133 138 139 136 137 138 134 131 135 136 144 143 142 139 136
60 62 57 60 39 63 52 40 41 57 43 36 32 23 32 37 33 25 27 31 12 9 7 4 3 4 3 5 3 6
86 235 201 181 199 236 200 181 179 169 179 176 169 176 215 173 171 178 171 170 212 211 215 177 215 219 221 222 207 229
431 599 575 539 571 572 575 600 429 597 603 575 576 626 627 628 624 629 630 633 570 637 636 570 568 572 570 637 635 633
308 309 308 310 313 312 315 313 312 315 313 311 312 313 310 307 305 308 311 309 310 312 313 311 313 312 313 312 311 309
328 327 397 398 397 400 373 374 471 375 471 448 527 592 596 591 595 596 436 430 535 453 454 451 455 413 412 413 453 538
391 325 401 357 356 330 327 397 398 399 369 374 369 364 399 394 323 391 357 334 336 344 347 358 361 341 343 340 339 343
87 85 115 88 85 112 116 88 89 73 75 71 72 89 87 89 82 78 72 88 86 150 148 117 113 150 148 150 234 204
287 288 289 290 292 291 289 288 289 288 290 292 293 294 292 290 288 286 287 285 283 282 281 283 281 283 284 283 285 286
5 3 6 20 7 18 9 11 15 12 33 31 32 13 37 14 11 12 9 8 9 18 22 20 22 17 8 17 32 10
2 0 1 3 4 7 5 7 18 16 11 32 25 36 45 47 37 40 37 11 26 31 17 14 32 30 11 17 18 21
225 221 219 179 234 179 178 175 214 219 179 234 237 147 113 110 109 104 107 109 111 115 146 128 146 115 112 114 149 111
13 35 34 35 32 17 33 22 23 22 18 7 8 20 18 23 19 33 12 33 11 17 15 11 9 24 31 24 25 47
455 468 375 377 373 368 373 371 377 380 391 358 335 359 400 394 395 399 363 366 370 366 364 363 366 365 370 375 471 341
230 152 234 86 234 237 148 147 145 144 141 136 138 139 140 144 146 115 87 115 114 149 114 149 148 147 239 238 237 145
554 552 550 548 545 543 548 566 541 543 416 537 453 535 453 537 532 538 536 535 434 535 580 584 583 555 556 585 589 581
475 472 507 472 375 402 324 402 379 374 372 375 473 469 372 369 366 367 369 375 380 392 323 325 395 327 395 396 393 401
398 395 400 395 401 392 404 392 394 402 357 401 395 396 401 342 359 346 406 345 348 333 347 358 401 400 399 396 393 391
619 613 603 432 603 614 574 622 618 578 600 597 437 432 434 535 575 428 600 597 438 594 599 596 528 525 589 592 593 440
325 324 392 321 320 319 316 313 311 312 309 310 312 308 309 312 311 308 306 304 303 301 300 299 301 300 301 298 297 296
465 467 469 451 454 410 454 413 456 454 466 388 469 455 465 430 433 456 457 454 411 457 408 457 455 411 455 466 435 438
323 391 322 392 324 395 394 323 392 401 325 401 403 392 404 467 386 388 385 433 597 437 433 438 433 436 434 534 456 411
407 464 386 432 438 437 385 389 391 405 392 405 404 406 356 405 406 358 356 354 405 403 324 395 325 393 390 357 344 338
55 30 26 32 18 15 14 37 39 43 44 45 50 63 57 46 35 45 37 14 36 32 25 27 37 58 46 25 31 24
570 571 539 416 411 455 465 386 457 455 466 435 528 524 475 523 499 521 522 502 504 503 504 521 519 502 505 513 525 500
405 403 401 403 393 326 330 347 344 403 391 402 372 368 341 339 362 399 361 402 404 407 355 406 404 389 386 457 464 459
107 108 110 118 149 150 86 234 202 201 234 231 205 235 237 236 234 235 200 235 86 150 85 233 210 207 222 218 206 208
349 350 349 351 352 350 328 326 396 398 396 326 329 331 327 331 348 355 407 405 391 402 360 396 398 401 344 403 390 389
610 604 599 597 429 426 463 461 460 463 429 464 457 415 541 534 412 454 457 388 405 408 409 460 464 386 433 465 412 410
50 46 58 64 77 68 70 79 71 90 71 77 72 71 94 103 101 95 97 118 110 123 110 106 105 83 106 84 86 89
262 263 265 266 264 266 265 264 265 267 266 264 262 260 262 261 263 264 265 267 266 267 269 271 272 273 272 271 273 275
36 35 11 35 11 33 15 13 15 9 24 32 34 23 22 18 15 33 38 35 45 39 47 50 45 59 42 61 60 64
179 201 166 181 182 166 181 165 220 222 217 220 217 221 219 224 160 188 194 184 200 241 142 141 140 144 141 129 195 129
75 90 89 73 71 73 71 83 86 204 150 124 112 150 85 83 71 69 65 69 72 78 68 63 58 40 63 40 45 38
426 422 420 419 421 423 422 419 415 541 415 538 431 534 539 571 569 636 635 637 634 637 635 632 631 627 624 621 624 629
549 544 548 549 545 509 513 533 528 525 582 535 540 568 633 568 571 568 572 569 568 566 548 543 533 529 528 534 529 511
133 141 129 133 140 142 133 195 124 130 132 137 134 136 132 134 131 132 131 126 132 144 141 139 138 133 195 129 130 125
205 210 213 175 213 216 173 216 220 167 219 221 215 211 207 232 154 162 185 198 142 140 136 144 143 242 247 246 248 244
154 232 205 232 235 197 164 184 164 182 201 236 149 235 111 128 130 135 133 141 135 133 129 195 196 121 118 149 237 234
45 34 46 60 65 77 69 90 75 91 94 95 120 98 103 92 104 106 338 340 82 83 88 87 89 78 74 93 96 94
358 345 360 361 341 362 342 358 357 344 334 347 403 344 401 400 395 326 395 326 396 401 402 390 376 371 369 371 471 473
445 473 374 372 401 344 347 355 404 356 355 352 353 347 355 358 391 404 359 335 344 335 333 345 342 345 346 336 335 343
242 241 242 143 239 243 248 250 247 251 253 251 250 248 244 239 243 240 244 246 241 243 245 243 242 243 244 242 143 139
416 417 418 422 419 416 420 416 413 414 411 453 454 413 537 541 534 532 583 577 573 575 580 559 629 628 559 558 563 539
607 606 425 607 602 606 573 633 570 567 576 535 434 534 544 510 511 532 580 578 535 578 579 580 590 586 581 591 525 513
183 184 183 186 190 188 191 186 185 194 191 188 187 189 163 197 199 241 236 201 234 202 180 202 233 235 111 233 205 202
422 415 538 422 416 420 422 415 416 420 421 418 416 415 453 414 413 534 510 507 472 371 471 470 450 513 531 450 455 467
596 431 436 594 438 451 467 411 454 467 454 466 465 459 407 410 406 355 349 332 330 327 397 399 395 360 341 360 341 344
108 121 118 94 74 76 71 89 88 89 78 81 82 80 92 81 340 82 95 101 100 120 98 116 112 117 114 148 234 197
148 145 236 238 235 238 147 112 113 149 233 205 214 205 204 150 119 120 121 150 120 101 95 82 91 90 74 76 74 91
540 542 549 566 542 545 511 545 551 548 544 537 413 411 408 458 466 458 457 407 459 462 426 425 572 568 569 563 632 630
61 60 62 59 49 58 53 52 63 67 65 64 66 68 78 64 65 77 71 74 77 65 68 79 91 89 87 115 87 72
564 562 560 629 626 574 578 596 439 437 435 464 434 429 600 436 441 439 596 599 603 598 597 600 575 621 627 629 560 562
47 39 50 37 32 23 33 26 32 18 15 11 9 7 18 11 15 18 34 23 22 33 18 7 8 18 9 30 55 57
486 485 486 485 483 482 483 486 485 482 484 481 483 486 489 490 492 493 490 492 490 491 492 489 491 489 491 493 490 488
410 406 355 405 357 405 389 383 389 403 406 403 347 344 347 335 357 356 354 351 350 329 331 355 357 405 354 352 350 347
276 275 273 274 273 271 270 272 274 272 274 272 273 274 273 272 273 271 272 273 275 277 275 277 276 274 276 277 276 275
485 483 485 482 480 478 476 479 482 485 488 487 486 488 490 488 486 485 487 486 487 486 489 492 491 488 491 490 493 494
97 121 152 149 146 239 243 248 250 245 244 240 243 242 237 202 234 235 180 183 198 186 188 186 195 186 185 165 180 178
374 473 374 471 371 375 376 390 389 404 359 345 338 362 360 396 325 396 400 373 375 472 451 526 590 582 530 526 447 527
281 283 284 285 284 283 285 283 285 284 282 284 282 283 281 282 280 282 280 278 279 281 283 284 282 284 282 284 283 282
48 59 41 61 63 58 46 36 13 32 26 27 51 39 58 40 44 39 45 42 62 57 59 58 39 59 50 47 39 36
128 130 133 129 196 195 125 122 120 123 110 121 193 190 187 186 191 188 163 185 163 187 163 162 188 159 163 189 163 164
207 210 212 177 174 214 176 179 168 220 223 166 167 179 212 170 174 175 212 211 209 231 233 231 233 211 212 210 207 230
521 522 519 520 505 508 449 523 516 506 450 527 511 532 531 593 598 603 602 603 598 603 424 571 574 576 577 578 535 538
233 209 211 210 214 218 176 175 219 223 162 226 157 227 155 156 161 159 162 185 189 154 162 163 161 226 230 207 233 111
560 631 632 627 628 625 559 552 558 559 577 618 578 580 575 603 598 435 438 592 589 582 583 529 532 578 599 593 599 602
210 233 208 210 209 233 202 200 201 237 145 132 136 140 142 238 243 239 147 146 128 119 111 113 145 236 234 148 196 234
537 413 537 538 424 575 431 597 594 443 439 438 387 465 407 411 454 413 416 419 415 538 426 431 432 598 597 603 611 605
468 455 451 452 455 466 389 391 390 403 356 347 406 403 357 407 458 464 432 598 603 597 592 596 593 591 525 592 597 438
448 446 440 384 436 466 387 389 386 458 414 416 538 536 535 529 512 514 518 555 510 530 452 467 389 390 387 469 378 377
392 379 404 402 359 394 326 393 396 397 395 327 332 346 348 353 351 329 394 329 348 355 407 409 412 455 412 455 410 455
604 426 604 611 614 607 424 428 425 600 604 427 538 413 456 410 408 409 460 408 461 464 456 451 528 584 590 591 584 587
377 381 389 383 440 436 387 464 458 412 537 549 540 568 567 539 538 428 572 606 612 610 605 602 598 600 575 579 532 535
493 494 496 497 498 496 498 500 497 495 493 494 492 495 498 499 524 526 583 585 556 552 559 560 631 623 619 621 626 622
478 477 475 523 515 505 508 452 533 512 517 505 507 517 518 513 518 555 585 588 525 530 526 583 555 551 550 558 562 536
580 535 533 512 526 511 534 453 415 409 410 408 458 459 462 460 409 410 455 450 531 530 450 469 473 470 372 469 446 524
68 64 51 59 63 41 57 55 52 27 32 34 37 47 44 59 64 78 90 93 96 120 150 204 178 180 169 180 166 219
155 227 160 163 184 198 185 197 189 193 190 195 125 195 196 194 187 194 125 128 146 128 127 131 132 140 137 134 141 136
147 115 149 110 151 110 118 85 115 112 147 144 143 141 134 135 132 137 135 133 132 131 126 125 110 113 236 150 112 88
