147 144 142 160 158 142 138 197 199 138 201 207 204 172 170 79 76 73 63 52 60 61 72 59 53 58 57 50 56 58
19 219 22 174 170 33 173 93 33 32 214 168 161 208 167 95 168 162 171 163 103 99 171 174 22 179 134 129 133 132
39 37 4 37 4 67 1 67 5 68 65 5 7 9 60 62 61 8 6 4 68 66 71 66 3 67 6 31 35 33
71 55 57 52 49 50 46 49 43 44 43 15 48 46 43 52 48 50 46 11 41 9 19 12 17 219 221 227 20 10
180 178 21 177 25 218 19 17 219 216 219 220 20 221 20 228 232 114 128 110 127 122 119 120 114 123 125 126 110 130
130 131 125 129 106 134 138 103 98 164 94 96 169 29 170 173 178 180 176 26 78 77 82 170 164 141 136 107 112 109
66 71 69 68 64 71 74 62 42 40 31 34 29 28 33 34 89 90 36 5 69 70 55 57 51 55 52 50 45 50
138 134 130 126 114 127 114 130 109 133 139 137 142 144 157 158 200 163 161 168 207 167 162 164 98 103 172 177 172 164
171 105 108 109 106 110 114 116 233 120 123 113 116 232 228 230 225 227 19 43 42 24 23 62 28 25 176 182 186 183
170 94 91 86 90 36 5 65 69 4 66 63 27 31 81 92 82 86 91 90 82 87 82 79 78 27 24 8 9 7
11 20 217 24 62 61 58 52 50 53 58 59 72 71 7 38 6 9 6 40 7 65 55 54 50 54 57 51 57 53
14 18 43 61 62 9 20 217 24 218 25 178 107 105 174 101 169 168 169 174 23 174 74 75 72 56 61 10 17 12
235 234 235 190 232 229 234 231 226 231 112 110 130 133 131 129 128 127 110 182 193 195 193 182 130 132 138 203 196 203
24 63 66 69 71 56 71 77 63 62 61 23 27 25 219 177 180 175 101 97 101 163 97 145 148 144 149 153 154 148
37 32 34 91 36 37 39 37 3 68 64 5 65 63 71 73 59 57 54 53 54 52 60 45 47 44 13 16 17 9
146 149 151 147 148 158 161 162 207 209 214 30 29 174 25 173 30 36 89 85 84 83 77 27 33 173 213 31 85 79
140 134 136 142 138 201 135 133 131 125 127 124 130 109 130 106 112 116 228 230 231 116 229 230 231 226 224 21 12 15
185 180 175 104 99 102 171 94 79 85 78 26 178 26 217 216 209 215 213 29 24 177 174 74 78 80 84 90 84 82
204 162 172 95 172 101 97 165 97 98 94 164 161 208 202 198 200 138 200 138 204 163 97 163 161 159 145 100 165 96
195 202 199 142 137 163 168 176 182 108 106 129 110 114 127 192 188 225 224 222 219 18 19 10 9 19 14 44 51 44
201 163 167 168 172 29 33 170 101 175 178 109 107 108 179 176 177 108 130 194 192 186 194 184 194 187 188 190 187 183
1 0 1 2 1 4 1 67 68 67 5 67 3 66 67 65 69 5 40 39 8 72 74 61 7 66 5 64 62 7
215 220 12 13 46 48 52 63 71 73 64 81 78 85 35 85 78 76 72 59 62 26 174 105 106 129 133 105 174 172
63 27 217 20 224 184 179 181 176 180 205 161 163 169 29 31 213 31 29 172 95 100 170 33 93 171 162 207 166 165
212 210 215 220 215 217 28 38 66 3 6 40 37 38 65 38 5 39 5 7 28 64 56 55 53 49 58 61 63 6
226 20 10 20 225 227 232 227 222 13 44 17 220 12 9 11 43 48 43 42 10 22 175 26 172 30 35 30 173 169
17 18 10 21 219 12 17 20 25 217 32 33 29 27 217 177 108 179 22 179 175 180 205 201 194 202 198 138 201 194
12 16 44 10 17 44 11 46 44 49 46 11 17 11 45 61 64 70 55 69 71 59 73 61 59 63 64 40 8 62
38 3 4 68 55 53 55 69 65 8 9 40 41 62 7 24 62 74 80 83 77 72 8 61 45 47 44 19 224 180
203 162 204 141 104 100 94 96 169 33 36 30 31 85 35 90 36 91 89 85 35 31 35 90 33 90 85 88 86 90
211 167 163 172 101 172 176 205 201 179 172 177 219 25 28 214 33 93 81 92 83 85 91 88 90 35 85 36 90 85
228 181 176 104 179 177 23 24 61 59 61 45 46 45 50 52 70 72 77 63 56 53 50 45 47 49 43 62 74 64
94 95 167 163 165 160 166 162 172 29 169 96 165 97 145 143 157 148 151 150 146 147 150 146 152 155 157 155 151 153
192 190 114 128 134 137 198 135 133 139 140 158 140 138 142 157 159 148 149 156 144 155 151 154 152 146 150 146 145 146
100 162 141 165 159 165 158 139 142 203 207 214 28 22 218 217 30 174 23 9 23 173 174 26 78 84 89 91 33 169
160 165 164 172 178 182 112 126 113 109 110 113 129 127 190 115 112 107 110 114 120 125 126 114 190 234 117 123 122 121
217 22 178 174 104 178 22 179 182 111 182 194 196 203 204 209 207 204 207 209 213 28 23 74 72 73 64 67 5 40
21 224 220 20 221 20 219 214 218 22 20 218 25 216 28 216 213 214 218 224 223 227 19 217 212 214 168 172 167 33
112 108 109 113 108 107 108 114 120 234 229 231 234 117 118 119 114 110 182 115 123 124 127 115 190 193 190 187 181 187
139 157 159 145 147 149 145 148 152 147 165 163 200 134 137 139 138 204 203 208 172 93 94 101 98 102 175 173 28 22
77 81 78 85 91 35 30 78 170 95 99 140 137 141 162 207 168 171 172 179 194 131 198 139 201 205 202 201 162 141
184 221 226 227 231 116 117 112 182 192 194 202 201 142 145 165 147 165 144 142 137 139 138 132 129 131 137 140 143 145
22 174 173 26 178 26 27 24 10 24 22 19 14 13 223 226 230 233 229 225 181 225 186 127 114 130 114 115 114 111
131 137 132 126 117 111 133 131 125 124 114 232 233 228 115 229 231 227 21 22 177 176 22 20 17 223 13 227 231 117
59 73 72 60 56 69 56 52 70 69 56 63 56 69 66 38 35 31 213 173 27 32 30 213 215 212 215 212 32 212
194 184 187 193 186 225 232 116 119 114 116 114 112 111 113 112 130 126 129 126 125 114 124 129 106 133 103 172 101 100
93 81 31 34 86 91 89 35 90 92 94 78 93 85 31 81 92 91 87 84 78 31 78 64 81 76 78 31 213 25
113 111 112 126 132 131 110 115 114 110 128 110 130 108 111 110 126 115 189 191 190 232 227 229 185 221 220 215 208 214
126 111 179 204 206 208 214 210 207 214 28 7 61 23 21 227 21 219 18 218 221 181 182 187 194 191 187 182 111 134
118 232 235 118 119 117 115 123 120 233 118 122 126 122 126 132 134 106 102 103 100 104 105 102 163 164 160 141 135 133
40 9 10 62 73 76 74 24 218 212 33 93 171 170 33 27 78 170 164 160 148 146 144 156 149 151 146 151 155 145
186 127 110 113 126 129 126 127 124 122 123 119 121 119 120 122 123 235 233 118 231 228 223 226 229 227 230 225 232 230
165 147 152 155 149 153 151 148 147 150 154 156 152 153 146 153 147 146 144 143 141 198 136 137 106 129 113 127 190 127
58 60 45 49 57 55 51 45 9 20 177 22 19 24 217 212 217 219 18 17 223 20 227 19 223 224 228 231 115 116
136 198 201 134 138 140 144 157 141 136 135 131 137 104 100 102 101 104 174 176 180 178 182 192 182 192 183 193 190 191
198 134 108 182 176 168 213 209 207 161 166 163 103 139 141 160 158 161 207 166 161 168 214 30 168 29 214 213 25 10
31 27 8 7 31 40 18 223 12 222 221 223 21 10 15 12 19 16 15 16 12 21 24 218 216 212 33 29 27 170
196 199 198 136 135 104 178 26 174 170 26 170 95 94 86 91 90 35 32 35 30 28 213 31 29 23 175 103 171 99
168 163 145 144 141 198 201 163 99 96 95 92 91 34 32 217 30 33 27 64 61 11 15 45 46 13 12 20 224 12
96 95 101 169 33 167 33 173 27 8 7 65 67 5 38 31 36 34 86 92 82 90 91 34 29 31 30 170 164 103
137 106 129 125 128 124 121 125 124 130 109 113 126 114 130 107 112 116 118 231 116 230 233 120 122 127 122 117 234 229
81 92 93 92 34 93 81 92 33 91 34 28 216 213 208 212 33 173 25 218 29 33 28 173 170 30 174 104 141 136
229 227 185 228 227 232 114 124 130 182 111 186 182 224 19 42 43 44 9 11 16 44 15 12 9 25 214 207 206 202
82 90 84 85 89 88 89 87 85 82 81 77 81 80 83 78 84 78 74 174 74 23 62 74 77 75 174 105 175 108
216 28 40 43 18 217 22 23 26 24 29 218 213 33 214 168 165 144 150 152 155 150 151 149 155 152 150 149 152 147
231 229 231 228 229 189 235 190 188 191 192 183 185 180 183 182 183 182 193 195 194 187 194 180 205 206 202 207 160 161
28 23 28 214 30 82 85 86 83 87 34 33 92 91 35 91 94 170 169 168 164 96 97 145 148 152 149 153 150 147
29 218 216 214 29 168 166 162 160 157 160 143 139 134 110 113 123 121 120 118 123 126 111 106 104 107 182 181 228 116
79 77 70 63 10 11 20 218 29 213 211 214 208 211 212 218 26 31 40 7 24 63 66 71 68 4 2 1 4 66
98 99 97 145 157 154 156 157 139 140 134 129 106 109 111 134 133 139 140 136 201 142 137 141 200 135 195 201 202 199
222 223 221 185 229 227 231 116 123 117 121 124 114 111 129 107 105 137 103 141 200 141 137 133 105 133 129 126 130 106
30 213 28 9 6 39 7 40 6 3 38 37 40 43 51 50 53 59 56 53 59 58 56 52 55 53 55 53 55 52
127 115 229 228 233 228 181 225 230 233 115 111 129 131 198 138 133 131 111 131 136 142 145 155 150 147 150 153 147 146
191 193 183 111 114 119 122 123 117 116 112 114 110 106 102 171 93 82 92 86 88 91 82 86 89 91 35 31 81 79
92 170 29 216 209 176 25 178 105 106 130 125 126 117 126 125 127 190 114 108 106 108 175 106 104 137 198 138 198 194
161 163 165 141 162 159 203 198 138 197 202 207 202 183 187 186 190 234 232 234 190 235 189 188 184 181 185 181 185 183
57 59 61 45 10 62 72 75 71 63 56 50 49 57 53 56 69 70 56 53 50 57 59 71 68 6 63 73 60 10
110 114 123 114 232 189 115 112 114 118 119 123 235 119 118 123 127 125 131 130 110 126 129 111 108 134 201 207 209 203
149 155 156 153 148 165 144 157 159 155 148 152 147 145 140 137 133 103 141 161 204 160 141 163 200 202 201 196 203 141
214 173 178 174 30 31 40 5 4 1 2 1 4 68 3 4 6 8 9 8 40 42 39 37 35 33 173 168 173 169
106 130 135 199 142 201 135 194 134 132 129 111 117 119 118 119 116 118 233 120 122 114 124 121 122 125 131 110 113 118
83 78 93 167 95 93 171 101 172 174 173 28 22 21 181 182 115 114 119 120 123 119 123 128 130 114 110 128 130 128
72 71 73 71 72 74 76 78 27 30 31 40 41 44 43 16 17 220 219 215 219 19 43 62 43 51 50 49 51 43
9 20 228 225 228 233 116 117 232 228 230 233 235 119 120 119 117 118 115 182 183 180 177 21 18 28 25 62 9 64
49 58 50 51 55 51 48 46 48 47 15 44 14 12 10 41 62 25 177 22 176 174 74 73 23 63 61 7 41 40
78 93 33 28 214 28 40 42 62 43 42 8 52 61 64 9 41 18 217 22 26 173 28 216 215 210 208 167 165 161
144 150 151 152 148 145 155 143 158 139 158 142 156 157 142 139 158 156 143 142 163 162 207 204 207 211 212 214 29 34
218 221 224 226 222 227 226 231 226 229 230 232 229 228 185 179 205 201 104 176 175 179 183 188 192 183 205 210 207 210
109 108 106 130 134 136 135 130 125 127 133 129 135 139 137 132 134 138 133 105 137 138 134 107 108 175 180 208 211 209
178 109 113 118 233 231 112 114 110 126 111 185 182 178 173 33 28 27 77 82 90 85 84 83 85 93 86 83 80 79
167 211 207 208 213 33 170 163 166 207 202 141 198 131 133 132 129 123 113 127 129 123 124 128 110 128 131 133 131 136
84 87 82 90 92 85 93 92 169 170 30 28 40 38 66 71 76 75 174 169 172 204 209 213 168 176 208 180 224 227
122 118 234 232 228 232 189 233 234 231 234 120 117 126 115 123 113 111 133 130 108 177 173 29 23 10 62 74 62 23
115 189 225 228 226 225 222 20 226 185 221 224 223 13 226 231 117 233 232 231 112 182 178 182 179 177 23 28 33 27
187 191 186 188 184 191 187 193 191 192 188 187 192 127 186 182 185 189 228 231 230 231 117 126 123 121 120 234 117 233
56 52 54 51 50 49 52 50 47 51 43 17 219 220 20 11 46 15 14 12 45 46 44 11 24 20 25 9 24 25
15 18 223 14 44 43 16 11 41 43 17 43 17 18 10 23 28 173 213 31 5 4 66 65 39 65 69 65 7 62
76 77 75 78 30 35 38 40 28 9 27 25 178 108 182 177 178 177 205 183 184 179 172 173 172 29 30 173 28 30
95 165 159 203 201 141 139 138 200 135 138 200 203 209 211 167 165 160 204 206 202 197 199 198 135 200 140 103 175 102
182 112 182 112 110 182 180 177 178 105 103 163 169 93 172 175 163 140 104 178 23 29 25 178 182 107 103 105 109 110
208 177 174 30 32 28 7 42 18 11 24 218 215 29 33 90 92 86 88 87 90 88 85 81 84 80 83 86 93 86
73 59 72 71 56 51 45 47 49 53 50 46 44 19 20 221 224 225 226 230 228 230 225 230 233 118 232 116 119 122
32 29 174 26 25 213 32 217 27 78 74 62 24 8 28 33 169 173 170 164 165 164 101 100 137 104 105 103 99 95
181 185 183 187 181 224 180 185 221 226 230 229 185 224 227 185 181 184 186 187 181 221 20 9 24 25 216 219 17 15
227 19 21 12 222 184 222 225 226 222 224 229 225 222 225 189 190 115 116 228 229 233 229 116 231 227 230 231 226 230
124 127 129 123 119 233 230 116 112 232 225 221 184 191 185 186 115 182 110 111 115 123 113 112 107 179 205 177 25 213
164 103 171 172 167 165 95 171 99 96 147 146 147 152 148 149 155 145 147 149 144 143 158 139 133 134 135 130 110 182
206 208 162 200 163 161 203 198 138 134 104 175 102 105 137 107 130 194 201 136 107 133 110 129 107 178 26 24 10 41
141 159 145 146 97 99 103 136 142 199 195 202 201 136 107 131 135 195 197 194 196 198 197 198 197 199 201 179 205 179
143 146 150 152 155 143 156 153 156 158 140 104 99 97 145 100 165 162 176 179 184 194 192 194 180 186 192 189 185 179
221 224 229 185 229 232 116 119 116 112 110 128 132 131 136 132 134 133 137 201 142 137 102 174 175 106 102 101 169 168
7 64 66 81 86 80 86 89 90 36 33 32 34 30 214 172 95 100 105 178 105 137 107 111 113 130 194 184 221 220
8 28 64 61 63 60 61 64 67 66 6 9 23 29 215 219 218 212 213 217 216 218 20 222 221 227 232 235 189 225
223 222 12 18 42 19 13 226 231 234 120 114 124 130 107 108 105 174 25 214 217 30 27 7 39 40 18 44 19 223
174 29 33 32 36 35 29 215 208 168 165 159 162 176 22 219 223 14 19 224 220 12 16 19 227 222 227 225 232 229
44 46 43 12 45 47 46 43 19 227 222 221 224 22 10 21 177 182 194 130 114 124 123 127 114 123 120 114 111 114
88 85 31 27 9 61 52 51 52 56 57 55 63 23 74 62 28 25 28 7 61 43 15 10 61 63 70 55 65 39
151 155 154 150 146 97 95 96 164 171 163 160 162 205 208 205 209 213 28 34 36 35 30 82 76 74 78 77 72 77
34 92 34 35 29 215 217 215 210 212 214 210 206 204 203 160 162 204 160 143 160 159 148 153 150 149 156 155 156 143
101 164 161 164 172 173 28 23 174 172 29 24 10 42 41 18 223 219 22 178 105 103 98 99 104 174 26 23 21 12
4 5 65 64 40 7 64 56 65 66 68 3 67 1 0 2 4 5 2 67 4 5 36 5 31 34 30 31 7 8
150 146 97 146 145 149 155 150 153 147 149 153 147 148 160 141 198 142 201 162 172 30 34 89 88 86 92 169 171 176
153 149 145 143 145 155 154 150 145 157 143 146 150 152 151 154 157 154 149 144 165 164 168 30 26 30 25 176 104 107
134 104 108 105 175 180 181 228 229 234 189 184 179 205 201 162 141 161 208 209 212 32 27 78 76 74 26 175 174 169
193 182 192 193 184 224 180 176 182 181 224 21 62 9 62 42 10 43 9 10 20 181 179 180 179 182 130 110 127 133
80 81 84 78 73 77 63 72 77 78 73 74 73 78 79 94 86 84 81 75 80 84 81 86 89 90 88 87 93 86
105 104 133 111 117 118 233 117 118 232 190 185 181 180 182 115 189 192 183 188 187 186 182 185 184 192 194 130 133 127
125 121 117 118 122 118 113 117 120 119 114 115 126 132 138 202 201 200 141 160 157 159 141 161 159 143 141 136 132 129
65 69 64 7 66 6 66 65 7 9 20 13 222 226 12 9 27 170 27 22 23 63 61 10 9 25 10 8 11 15
157 141 199 142 156 142 198 131 136 131 126 122 119 121 126 114 116 123 119 233 115 110 113 110 107 178 174 171 172 171
35 91 36 85 91 36 33 212 214 25 22 177 176 205 206 210 205 200 198 197 202 208 204 207 167 165 96 163 103 171
104 134 129 134 106 111 186 181 228 185 229 116 233 230 226 223 221 180 22 21 12 14 19 22 177 174 178 172 101 102
111 185 180 218 219 21 22 27 30 168 163 97 95 171 104 100 163 169 29 214 30 213 214 213 215 213 209 207 204 141
152 149 153 156 142 145 146 148 146 149 152 156 159 156 152 153 155 157 158 141 135 129 133 109 107 137 100 172 101 99
175 173 33 92 86 93 170 173 174 25 19 223 20 24 25 19 14 18 16 10 20 225 230 225 223 17 10 20 10 45
202 203 141 144 156 144 160 141 160 143 141 204 209 210 206 208 209 208 162 165 159 143 158 139 133 104 108 181 178 180
74 75 76 80 86 34 87 89 34 91 34 92 94 97 146 144 149 152 146 145 158 160 148 165 161 203 206 201 163 160
89 92 88 90 87 85 89 90 33 173 93 34 29 30 34 86 91 90 33 29 30 34 92 88 89 86 80 82 93 87
90 91 92 169 162 201 199 195 202 206 204 172 103 139 142 138 132 138 132 136 138 204 203 160 203 160 141 138 139 103
18 15 19 224 181 186 115 228 231 226 225 227 13 19 22 10 60 52 61 63 9 18 44 12 14 11 19 20 227 185
20 227 228 229 185 190 185 187 193 185 191 193 192 189 187 186 193 185 186 183 185 186 115 110 132 133 108 177 172 178
103 164 165 95 93 81 92 89 34 29 214 217 29 213 210 214 215 29 23 25 30 213 216 217 215 218 26 217 29 27
199 204 199 194 135 107 132 128 123 115 110 131 136 135 130 131 125 127 110 106 102 106 110 109 111 179 205 204 208 205
99 97 100 165 166 165 164 94 170 78 84 85 92 95 172 162 166 162 160 145 164 141 161 141 144 147 148 149 153 149
145 148 158 157 139 200 161 208 162 169 30 174 104 109 107 132 137 105 133 136 140 144 157 144 156 142 137 133 111 116
224 223 12 222 224 218 20 22 27 63 24 27 75 72 63 66 4 65 6 64 61 7 64 5 39 41 44 16 11 44
162 166 169 166 161 141 104 174 179 201 199 204 179 204 161 205 207 161 164 165 158 144 139 137 102 174 22 175 170 164
41 9 17 223 222 13 11 45 48 43 51 52 63 65 55 53 50 56 55 53 57 52 49 44 12 21 22 21 24 9
120 118 234 189 234 232 234 229 115 190 114 128 110 112 231 112 106 104 109 112 113 130 131 198 135 139 158 161 200 205
169 92 170 172 93 85 93 85 87 82 170 30 32 217 30 82 84 86 89 84 85 81 31 38 28 7 66 5 65 66
53 57 50 53 57 54 56 59 57 56 50 51 55 54 50 48 47 49 57 59 62 7 39 6 63 72 8 61 56 53
25 18 24 218 22 28 7 64 62 25 213 216 215 208 209 210 213 29 28 25 173 174 29 172 175 106 136 137 107 112
200 135 200 140 142 203 202 208 205 200 134 139 142 138 133 134 106 130 114 127 122 118 123 128 125 120 235 120 234 232
166 167 93 86 91 82 76 80 74 24 62 43 48 45 10 41 18 20 17 15 17 43 42 16 15 10 19 24 74 79
46 49 47 48 50 45 50 46 15 13 227 185 221 188 221 225 181 180 177 219 220 217 26 62 8 72 64 69 5 37
142 163 170 171 174 23 20 181 185 221 227 223 227 21 20 224 226 185 193 191 193 189 188 186 194 184 189 234 231 116
213 33 214 28 23 21 9 10 17 10 42 44 10 18 219 11 45 44 12 10 12 43 48 47 43 51 57 60 9 45
220 18 24 29 26 31 33 212 216 214 213 25 29 215 218 214 26 172 171 175 178 109 114 120 235 189 235 234 117 113
62 8 9 28 25 177 174 104 171 162 204 209 213 218 220 12 43 16 44 19 25 9 43 40 18 25 173 168 161 159
172 176 171 176 25 177 178 183 195 193 186 115 229 230 225 232 115 232 225 229 228 231 117 116 112 106 133 105 110 107
33 169 29 26 78 94 78 82 84 83 78 170 101 97 146 145 141 165 97 165 161 200 205 203 160 204 202 198 199 204
23 173 171 168 93 91 36 31 27 217 32 37 32 31 7 66 64 77 63 65 71 62 23 27 32 27 64 28 24 9
190 232 117 121 124 121 122 119 118 122 124 122 119 235 233 232 189 186 192 189 192 186 181 219 216 32 34 28 24 23
6 3 6 9 64 69 71 74 78 84 87 88 89 86 88 92 90 89 35 36 33 169 164 168 207 168 214 177 173 26
67 68 66 4 6 70 52 61 59 53 55 69 65 7 31 7 39 7 39 7 39 65 55 57 52 60 57 54 56 58
69 64 61 23 28 218 28 34 85 35 33 30 172 170 26 172 174 22 180 178 183 195 197 201 141 100 145 158 145 149
3 67 64 62 28 30 36 31 37 6 4 2 5 64 5 37 34 29 35 91 94 97 101 98 100 165 159 156 158 157
135 194 187 183 205 210 206 204 209 203 196 199 142 136 140 163 162 205 161 162 160 142 145 148 149 153 151 155 144 143
85 78 82 78 30 36 37 4 5 7 40 8 11 44 12 20 177 219 177 178 182 193 187 190 193 184 179 176 181 219
60 58 56 55 53 58 59 63 8 63 65 56 55 53 49 57 52 53 58 61 42 43 48 47 45 10 21 62 26 21
114 126 117 232 229 234 235 234 118 232 228 229 225 229 225 220 18 17 10 12 11 24 7 24 7 64 63 9 7 41
86 85 84 79 74 75 76 81 86 91 93 85 89 86 81 82 170 94 96 94 169 164 168 169 170 100 145 142 141 163
91 36 90 89 86 94 100 137 106 107 182 184 222 220 223 224 222 224 221 180 177 21 25 219 223 224 225 230 226 228
123 119 123 128 125 126 128 133 137 132 136 201 162 208 168 213 216 212 211 208 214 219 21 25 216 217 28 214 213 32
176 214 30 214 212 33 214 176 208 206 205 210 206 207 168 172 30 172 163 100 137 106 130 109 133 107 178 180 184 179
87 84 81 93 94 171 162 100 104 174 173 22 28 18 42 45 46 47 43 9 28 32 217 24 8 64 8 52 59 63
26 31 27 75 80 74 77 63 77 75 81 27 173 26 22 181 177 22 179 22 179 204 176 209 211 206 202 198 203 161
5 40 41 44 43 44 13 44 15 19 13 46 13 10 15 43 8 27 22 21 22 174 29 215 218 216 215 219 17 15
2 5 4 68 70 71 55 71 69 56 58 60 58 61 74 79 78 77 74 26 173 171 93 82 78 27 63 24 22 26
177 205 199 203 142 163 137 200 201 205 209 176 172 26 175 26 178 179 201 195 202 196 203 161 164 162 171 172 169 100
13 16 42 61 63 59 55 58 57 51 43 52 54 50 54 53 56 57 53 58 53 51 43 51 56 53 56 59 72 71
119 118 123 126 129 107 111 112 232 225 220 221 224 223 227 12 42 16 15 14 16 42 15 43 17 41 16 43 48 46
189 193 185 184 189 234 233 117 112 115 126 111 182 184 183 111 178 174 25 219 220 215 208 209 180 22 25 29 35 91
52 59 62 72 60 45 50 49 44 49 51 43 52 57 59 62 23 74 61 56 51 45 15 12 13 222 184 188 183 185
225 226 224 228 226 185 190 232 114 112 126 125 124 130 128 130 134 129 130 129 106 130 107 136 132 127 115 229 224 185
230 228 229 228 227 229 231 117 113 114 130 114 122 119 121 124 130 126 124 114 112 111 185 182 187 189 233 115 126 123
197 196 200 138 202 205 162 168 171 175 23 9 7 66 71 77 65 70 69 5 64 74 75 76 73 60 9 19 12 15
16 13 19 10 12 220 221 184 181 182 184 187 192 190 193 187 192 193 194 134 103 101 175 22 20 227 229 185 186 183
55 54 53 49 46 44 51 49 44 47 15 16 17 19 21 18 19 43 46 11 9 24 74 75 80 82 93 81 76 72
156 159 203 206 207 167 163 200 196 201 205 179 176 168 163 172 176 25 29 215 214 217 27 23 174 177 218 25 26 29
158 157 156 143 140 163 161 163 141 203 209 204 141 158 165 164 96 98 94 98 103 101 94 168 208 172 95 93 34 93
54 53 56 63 74 23 26 176 182 107 108 130 112 116 229 185 227 232 233 120 235 119 235 118 119 121 119 116 229 116
107 178 181 225 220 225 189 229 232 189 192 183 193 191 192 193 196 199 142 156 149 153 144 157 156 142 157 158 149 148
121 124 127 133 107 103 164 170 33 92 34 93 90 86 89 85 35 85 80 82 79 77 76 73 59 71 70 67 70 68
50 56 58 61 73 75 77 82 91 93 34 33 35 29 212 33 169 170 27 23 177 217 20 23 26 25 217 218 26 175
36 35 85 80 83 81 80 81 76 82 93 33 91 87 85 83 77 72 73 59 58 56 63 52 59 62 71 64 73 59
179 180 182 186 188 183 179 183 186 188 192 188 221 222 20 25 62 74 77 82 81 84 80 78 26 29 212 217 25 217
64 68 55 56 51 45 51 48 47 51 48 49 58 53 52 59 63 24 177 21 223 19 10 41 16 44 9 18 13 19
75 73 23 25 27 74 23 177 181 224 22 26 171 102 163 204 138 204 206 211 215 209 204 138 142 200 142 140 200 206
51 57 54 56 61 11 12 16 13 44 19 22 174 173 214 172 29 35 38 35 90 88 86 83 77 64 62 23 20 225
188 184 221 223 226 231 228 115 229 232 231 112 115 182 176 171 169 166 160 143 146 149 155 144 156 157 156 153 149 158
219 224 19 12 15 11 17 20 24 63 41 39 65 6 4 65 72 63 56 51 43 62 22 217 215 213 168 170 26 170
133 127 123 122 126 124 127 192 195 183 181 179 204 203 159 157 144 143 142 139 134 129 134 128 127 122 124 123 124 126
205 201 196 199 142 139 200 206 207 204 172 208 162 163 99 103 105 100 172 214 217 17 11 19 18 41 10 25 9 63
154 144 158 156 142 140 99 102 100 97 101 163 95 94 170 82 83 77 83 86 90 36 91 88 90 36 32 214 173 28
45 50 53 55 51 49 53 56 72 61 62 10 18 223 19 10 42 62 41 7 31 85 89 85 91 94 86 87 85 35
132 136 135 194 186 114 122 127 186 193 183 179 178 107 108 112 108 106 129 126 130 126 125 128 110 107 130 134 194 193
173 171 174 175 180 224 21 178 111 133 134 138 204 207 209 176 162 159 144 154 157 145 149 144 154 148 153 147 152 153
70 65 72 64 65 4 2 0 1 0 2 37 38 41 11 9 17 18 44 41 11 18 20 24 62 9 12 45 51 49
183 111 182 192 195 135 198 141 160 145 144 139 142 199 194 195 197 198 196 201 198 137 134 140 143 145 99 145 159 166
108 182 185 184 186 192 191 186 225 223 21 23 26 173 171 162 205 207 160 166 165 147 148 157 144 146 97 165 141 161
43 18 216 213 216 18 223 21 218 180 205 201 136 107 182 186 181 187 186 189 234 190 193 185 191 184 189 233 232 118
10 13 44 9 20 178 22 224 218 212 209 215 214 213 33 93 96 101 164 168 33 34 32 217 215 209 205 210 208 209
148 146 147 151 150 149 156 144 160 145 144 159 160 164 168 214 210 212 211 167 211 168 173 29 173 26 22 178 22 218
159 156 159 162 203 141 142 163 171 164 160 204 160 141 200 134 106 133 134 135 134 129 110 133 129 124 121 117 123 128
61 58 56 50 54 52 48 52 56 72 73 70 7 6 40 28 9 19 14 223 12 42 17 14 19 43 48 52 57 53
47 45 46 45 47 46 44 12 16 13 17 10 41 63 24 42 11 44 51 47 15 16 13 15 48 47 46 13 227 185
232 118 232 227 13 19 224 220 223 20 218 224 219 217 215 212 216 211 216 29 35 37 31 36 33 30 168 211 207 211
97 102 163 161 208 211 215 219 25 19 17 18 217 25 20 178 23 75 74 75 78 81 78 79 76 78 80 84 87 92
116 228 181 179 185 111 126 125 128 131 126 114 124 123 125 123 119 116 123 119 122 127 115 233 189 233 229 224 223 19
48 52 51 53 55 58 50 57 55 56 57 54 52 56 63 59 73 78 170 168 163 171 104 106 105 137 100 145 141 162
128 124 120 123 128 127 124 127 130 135 132 136 138 136 135 136 106 175 180 194 198 135 199 139 141 158 160 204 207 166
117 234 233 228 181 228 20 17 18 15 44 49 52 53 50 48 43 48 15 16 11 18 9 7 5 69 66 67 2 67
207 167 162 159 145 159 166 161 208 210 213 208 215 212 33 173 214 168 172 177 23 175 102 101 172 208 202 198 141 138
27 24 25 10 43 61 8 10 63 52 51 50 48 51 55 54 56 57 53 55 68 3 38 5 4 5 7 70 64 65
0 3 1 4 65 64 7 63 56 65 6 7 39 6 64 77 80 79 85 80 76 72 59 71 73 74 61 45 43 61
233 232 230 227 232 235 234 189 192 189 228 226 223 225 222 226 20 219 214 212 209 176 209 205 183 205 203 159 144 155
42 62 41 8 10 21 20 223 21 10 62 63 66 5 69 70 55 69 55 51 56 51 55 53 49 52 48 15 13 223
102 171 103 98 97 94 78 73 74 72 70 56 65 8 9 24 42 18 13 19 42 62 59 73 78 170 101 171 26 27
210 208 180 182 185 183 179 104 137 131 110 133 104 109 105 174 176 180 177 180 182 186 182 111 133 129 128 125 129 130
163 175 173 178 177 23 61 43 42 19 20 21 177 174 75 23 75 80 81 76 78 76 78 93 81 31 85 81 93 92
209 206 201 163 140 143 140 145 150 154 152 148 149 146 149 148 165 160 158 149 155 150 147 165 97 99 100 102 175 172
234 232 225 232 233 118 231 117 231 227 221 225 228 233 230 233 230 116 113 130 126 114 122 117 232 225 224 223 225 230
68 69 4 1 3 37 3 0 2 3 6 70 65 69 5 68 71 75 80 74 73 71 55 69 66 3 2 4 39 37
155 143 157 143 139 140 103 163 103 101 102 99 163 102 163 99 163 102 97 145 159 165 148 147 150 146 149 158 160 200
129 114 119 116 230 232 230 225 186 192 182 111 179 178 183 181 219 11 12 222 220 215 217 216 217 24 29 26 22 180
