147 136 149 136 146 140 136 139 77 81 54 51 45 129 163 90 79 73 76 83 76 79 90 83 89 86 82 90 92 93
19 18 19 24 29 27 32 31 30 26 127 129 150 152 156 159 162 160 158 162 92 91 75 72 73 64 62 61 84 85
39 41 43 49 50 47 138 135 134 43 131 43 131 47 131 133 40 29 26 23 127 126 118 122 119 117 120 122 117 122
71 102 104 106 91 103 162 90 91 92 105 164 148 136 44 135 47 50 131 44 131 128 129 45 133 51 136 50 44 129
180 179 175 177 178 174 171 169 168 101 71 67 64 61 58 81 80 84 58 85 80 78 79 81 62 57 56 141 54 56
130 133 136 141 56 51 50 55 58 54 134 133 49 44 46 133 44 135 51 140 138 48 42 48 44 148 151 104 93 91
66 63 61 81 85 84 62 81 86 88 110 113 111 115 117 119 118 27 32 28 29 31 26 42 36 127 36 123 122 126
138 77 104 103 93 94 164 95 94 71 100 169 146 167 168 166 146 147 101 146 149 164 149 166 103 163 135 44 148 102
171 168 165 100 95 99 96 99 166 70 102 163 162 152 149 131 135 134 135 50 44 149 166 96 102 96 99 71 93 105
170 169 146 132 40 128 26 40 133 50 135 51 48 44 126 132 51 132 164 146 147 132 149 164 149 44 137 133 51 55
11 14 17 14 17 16 19 115 155 128 47 42 29 27 119 125 40 38 37 34 39 124 123 125 41 42 133 138 142 55
14 16 17 14 12 9 10 8 5 3 2 0 3 4 1 3 2 4 1 2 3 4 3 4 2 4 7 10 11 10
24 28 30 27 21 25 43 132 129 40 29 33 32 39 33 42 39 125 119 120 118 156 157 153 155 117 154 106 78 73
37 33 28 26 23 127 131 44 50 51 132 129 42 26 43 38 34 35 30 25 26 27 127 118 126 132 150 128 163 129
146 136 52 56 60 55 139 133 138 55 50 138 144 145 147 146 143 139 134 139 133 137 141 144 145 136 140 139 77 79
140 52 135 137 146 145 138 143 141 51 48 50 52 49 47 128 40 128 132 133 52 56 57 53 58 56 141 144 168 147
1 2 4 3 4 5 3 4 2 3 0 2 3 4 1 0 2 1 4 3 2 5 8 10 13 14 13 11 10 7
63 60 63 66 63 66 63 60 54 59 57 62 80 88 79 82 85 83 86 84 82 78 82 79 84 81 84 85 81 87
17 13 10 12 11 8 10 12 14 17 23 25 19 18 13 12 11 8 11 12 15 111 114 16 14 13 18 22 20 18
12 11 14 12 11 12 14 18 16 21 18 13 14 17 14 11 10 9 6 9 8 10 8 5 3 4 6 3 6 4
38 43 45 46 134 44 43 129 46 130 50 135 139 134 50 134 131 128 109 113 116 117 155 152 155 112 128 126 156 157
94 92 89 82 89 80 81 135 44 42 33 32 28 29 31 26 125 119 123 118 125 123 119 121 125 37 42 130 40 124
100 70 102 93 91 106 91 90 106 104 91 79 89 78 105 103 94 95 101 166 148 44 129 43 39 44 48 52 49 52
160 158 155 127 156 158 155 112 23 28 26 125 38 29 30 40 39 29 38 35 121 118 156 118 125 118 121 36 121 122
21 20 115 117 157 161 154 112 161 90 91 90 104 151 150 129 43 42 37 42 129 127 153 162 150 129 149 146 136 147
112 114 20 25 24 26 42 45 133 41 43 44 128 161 154 161 153 162 158 161 155 127 36 42 40 127 155 118 123 36
139 144 141 54 138 142 144 168 100 70 75 104 94 165 135 48 138 145 148 165 95 103 93 94 103 93 164 163 148 149
77 76 71 77 82 86 85 83 86 88 78 89 79 87 79 88 91 88 91 79 80 62 81 88 90 105 89 80 89 87
22 17 22 24 23 21 27 119 117 118 127 150 132 47 46 130 46 129 46 130 51 138 145 140 144 137 49 51 49 46
131 111 22 28 30 39 129 45 43 49 134 52 54 47 51 52 56 61 60 61 59 65 66 65 67 66 63 65 68 67
59 62 76 75 93 95 98 95 102 164 148 136 133 41 130 129 130 47 50 137 55 53 141 138 142 137 139 55 81 88
93 94 165 151 165 167 102 103 163 160 154 106 153 157 156 154 156 126 124 39 42 40 41 43 29 27 21 22 23 115
113 115 114 115 155 115 113 23 19 115 127 23 115 114 117 122 37 126 132 137 131 163 102 94 100 166 102 92 74 101
126 155 128 125 127 131 111 22 21 22 130 134 46 40 44 136 44 133 139 167 136 48 130 47 135 51 140 48 53 138
118 121 36 39 38 37 41 46 133 42 40 35 38 125 39 41 40 128 43 132 133 40 36 124 121 124 39 127 27 29
40 127 23 113 20 26 28 24 30 125 122 118 126 41 40 133 132 136 132 136 139 136 145 141 139 145 166 102 103 106
165 104 105 109 162 163 150 127 129 132 164 101 146 139 137 45 136 138 48 49 130 132 137 55 59 62 84 61 60 64
58 64 63 61 62 58 53 52 47 138 58 57 55 142 143 144 142 143 142 52 136 132 165 132 48 134 43 39 124 40
136 49 48 51 47 138 144 145 142 56 53 50 135 163 160 162 103 93 164 148 145 166 99 71 70 100 95 94 164 163
31 39 34 122 125 153 127 156 152 154 109 161 103 91 75 93 102 103 102 101 95 101 146 164 162 91 90 89 105 92
168 145 142 138 58 56 58 64 61 60 57 62 65 64 61 63 64 61 56 57 60 61 63 61 60 57 51 48 130 44
96 102 95 165 132 134 50 138 47 44 49 52 56 52 50 47 49 52 136 44 39 32 34 33 39 124 125 36 30 25
137 142 137 52 139 134 132 129 45 46 45 48 132 137 140 144 138 133 130 49 51 52 134 49 46 130 49 54 56 59
81 54 137 132 131 132 135 131 163 164 132 43 25 29 24 30 24 22 28 22 28 27 24 18 110 108 90 83 89 90
82 78 79 78 89 77 74 92 103 165 74 165 136 134 131 43 127 126 149 147 136 165 149 132 149 136 146 148 103 74
28 24 25 30 29 39 45 47 41 44 39 126 122 123 125 40 26 42 48 134 54 49 43 130 128 155 116 113 109 113
29 38 37 34 29 25 28 39 43 25 29 31 33 30 119 121 120 123 155 157 158 154 116 155 117 118 123 156 118 117
79 84 89 88 78 89 87 81 59 57 58 53 134 45 48 43 133 43 129 40 39 29 28 27 39 33 35 36 125 121
98 95 92 93 94 104 105 102 101 95 96 95 102 93 71 74 94 74 76 78 84 82 87 80 62 84 77 58 77 71
30 28 31 28 29 35 32 30 122 34 35 37 41 38 35 34 36 34 38 44 47 136 146 165 149 132 45 133 134 47
127 126 122 126 122 125 39 127 153 154 162 158 151 158 152 155 152 149 164 132 137 144 70 101 148 163 92 103 162 90
92 106 159 160 155 112 108 90 78 91 88 89 80 89 92 77 139 52 133 135 134 140 144 136 139 134 44 128 44 46
161 153 109 111 127 115 20 112 155 156 157 158 154 153 125 128 155 123 118 124 156 157 156 126 43 129 133 139 167 166
57 58 63 58 85 86 110 88 78 80 79 88 84 81 86 15 16 113 111 22 17 21 18 111 110 113 19 23 115 112
110 115 23 114 19 23 18 111 108 161 163 161 158 152 162 158 151 165 146 149 147 133 47 41 129 46 40 42 33 38
149 129 130 45 133 135 139 51 141 55 59 64 67 74 94 93 103 162 104 89 91 78 76 67 71 76 75 79 73 70
106 162 158 154 109 154 162 150 127 115 116 119 118 116 114 19 114 23 17 22 128 125 118 124 121 35 40 124 156 154
83 87 82 85 83 79 80 89 109 89 108 160 105 90 93 104 151 160 158 162 164 149 129 132 40 36 34 30 25 26
72 70 72 76 64 76 78 105 103 149 126 132 48 53 49 44 43 45 46 42 40 43 26 43 126 122 124 127 36 35
9 8 10 11 10 11 8 6 9 10 13 18 23 20 112 111 18 20 19 110 113 16 14 16 14 11 8 6 9 10
49 53 141 143 140 55 139 48 49 52 48 132 137 53 50 48 135 165 166 147 101 146 164 132 150 104 165 164 103 151
78 74 75 104 163 128 43 44 137 136 132 134 129 125 119 123 125 119 123 119 30 40 29 35 37 122 36 40 130 136
144 70 69 73 78 79 84 78 106 105 161 155 153 128 131 43 25 23 114 113 108 110 106 152 154 117 114 23 115 19
109 112 115 114 112 115 118 122 124 156 161 155 126 123 120 117 112 19 17 14 11 13 11 12 15 86 87 88 82 86
178 175 178 179 180 178 176 174 178 180 178 179 175 178 180 178 175 172 174 171 175 179 177 176 180 178 176 180 179 178
167 70 73 64 73 76 79 76 77 81 135 131 127 128 111 86 82 77 71 69 68 69 67 74 103 163 90 105 92 91
84 62 57 54 50 48 53 58 64 80 81 84 81 88 85 84 80 83 88 110 88 84 87 86 88 106 103 149 164 166
122 120 122 34 32 35 39 26 39 36 123 124 125 37 34 30 122 120 117 112 111 18 24 28 39 43 29 23 22 111
115 155 153 150 161 103 151 161 155 152 106 154 162 153 160 107 106 89 87 110 107 109 160 109 105 78 75 76 71 76
56 60 61 56 57 53 52 50 134 139 147 133 40 129 128 40 125 37 122 117 116 115 20 22 127 125 124 125 41 43
15 17 21 19 17 21 22 127 126 124 118 124 35 31 39 129 130 22 112 128 130 46 50 49 48 45 49 52 55 134
76 75 79 90 91 103 94 92 79 87 82 79 81 79 90 104 150 132 149 148 129 150 149 136 134 53 57 62 81 88
95 165 95 93 91 79 77 89 88 110 115 118 125 36 123 122 118 121 35 40 35 124 126 37 40 43 129 39 125 37
73 68 69 70 71 70 74 67 71 75 91 107 160 108 113 108 113 116 115 110 114 111 23 27 31 26 28 27 127 36
32 34 31 39 29 35 33 31 29 27 119 27 29 42 36 125 38 37 35 38 30 34 30 25 30 38 32 34 32 31
124 35 125 124 40 42 43 132 48 139 133 49 48 137 142 141 142 141 140 135 48 51 131 137 135 50 47 133 51 131
164 94 99 101 146 147 148 133 52 55 142 139 133 49 46 47 132 163 103 166 149 148 151 165 162 165 95 103 166 167
141 142 141 145 140 139 73 68 71 77 80 75 72 77 89 81 54 138 140 136 149 103 151 150 149 165 94 100 99 97
143 170 145 143 142 141 56 52 53 56 55 59 62 59 61 63 59 57 58 138 49 47 134 43 47 136 130 45 129 131
7 9 7 5 8 6 8 7 61 58 85 15 18 111 113 108 160 151 104 78 72 66 72 74 92 93 164 165 150 152
8 11 9 8 7 5 4 7 10 13 12 15 19 115 110 109 90 91 104 93 104 162 103 164 94 92 74 77 84 83
174 176 177 174 172 170 168 170 173 176 175 176 179 175 171 172 171 170 169 170 171 169 170 172 174 171 172 170 169 144
44 47 43 128 109 128 150 151 152 158 154 117 115 111 16 114 23 112 19 15 16 110 113 115 114 110 16 18 17 21
88 87 88 91 103 101 167 165 101 148 131 50 44 128 26 30 27 127 112 111 18 110 15 85 80 82 80 82 83 76
151 158 151 158 155 156 152 163 164 150 131 148 146 149 150 165 95 166 100 166 147 148 134 139 133 139 146 164 166 149
34 122 127 126 39 44 38 37 35 40 126 129 45 130 129 42 29 24 29 31 35 34 33 29 39 33 42 37 38 42
101 147 168 170 144 167 148 136 147 166 167 168 100 166 168 144 136 165 100 168 165 163 92 78 104 103 163 103 150 149
4 3 4 5 3 4 6 4 6 4 7 61 58 53 50 47 44 132 146 147 168 171 174 177 180 179 175 171 174 175
150 165 162 150 149 146 137 132 164 103 166 103 74 93 94 93 102 71 72 68 72 68 69 67 76 78 77 76 62 57
153 150 165 151 148 146 147 164 149 131 130 41 42 130 48 50 131 149 147 146 136 133 147 139 146 135 130 43 45 48
134 138 53 56 53 55 139 146 168 166 147 168 171 175 174 171 175 177 174 175 179 178 174 176 173 176 179 177 174 177
80 78 77 71 94 101 102 165 101 93 91 89 105 90 79 91 90 78 84 85 15 13 18 15 13 14 13 15 12 14
105 161 155 158 160 158 161 128 47 45 137 45 134 44 50 52 55 141 55 60 56 51 46 51 134 52 135 52 134 140
125 118 119 27 31 30 35 38 40 36 124 123 118 125 119 120 123 122 36 34 32 35 37 39 40 44 132 47 134 54
65 64 65 62 65 66 69 99 102 71 70 71 93 74 71 102 101 74 165 162 150 149 151 164 94 99 101 167 101 97
157 153 152 150 152 158 151 158 156 152 163 103 91 90 75 72 69 72 77 92 95 100 166 102 100 96 93 101 71 70
35 122 127 112 108 105 151 105 104 165 149 151 164 146 137 143 138 50 138 135 140 137 135 139 138 47 130 128 155 128
104 94 100 98 100 70 166 100 146 147 149 44 136 147 165 147 148 149 132 164 151 148 102 105 108 161 107 105 89 105
111 110 106 160 157 117 120 117 156 123 121 123 118 119 117 114 110 113 112 154 160 109 108 90 161 103 92 77 104 93
152 126 125 121 122 117 119 123 121 123 121 124 36 125 37 125 39 27 127 153 156 152 158 160 155 117 157 117 112 113
175 177 176 180 179 177 175 172 169 100 94 101 165 74 104 165 101 168 146 165 168 101 97 96 102 100 95 96 101 95
74 165 149 152 106 88 81 86 15 18 23 20 19 113 115 117 120 119 27 24 23 18 111 115 114 117 120 118 127 36
89 91 103 162 103 164 103 149 165 101 96 102 104 163 135 165 100 168 144 136 48 130 133 49 137 50 51 53 134 51
90 77 58 61 57 55 81 86 89 107 109 153 126 37 38 125 38 36 37 122 118 120 121 119 120 118 127 111 18 23
18 22 21 18 24 23 17 22 25 20 111 115 110 113 16 19 22 24 28 39 125 128 130 132 130 48 135 50 136 48
20 17 22 20 111 127 124 39 27 21 16 21 25 21 27 28 32 29 25 28 39 26 23 25 43 127 23 21 24 30
103 148 149 147 133 147 166 169 168 100 70 101 100 146 165 104 163 131 47 134 51 131 48 52 51 53 58 81 55 134
99 70 166 99 71 77 71 72 67 64 63 60 58 60 54 57 59 63 66 69 100 69 100 71 101 148 166 103 105 162
145 142 137 46 130 111 15 18 16 22 21 19 17 16 114 23 115 114 19 17 22 17 14 12 9 8 6 4 1 0
162 153 163 106 103 166 96 166 146 170 167 139 73 72 70 68 66 72 70 69 99 166 148 101 70 72 69 66 72 74
41 133 43 40 43 37 40 45 42 26 20 112 128 126 122 36 33 42 39 37 36 39 38 32 34 121 36 39 29 26
120 119 123 120 118 122 30 25 30 39 129 43 49 45 134 55 135 137 44 48 44 133 138 143 139 136 132 134 148 167
169 172 174 172 169 171 172 174 175 177 175 171 173 171 169 144 167 101 99 95 99 71 94 164 147 145 136 147 168 100
53 51 50 49 134 130 46 130 45 43 40 30 38 36 127 126 36 126 153 156 157 159 107 109 105 102 148 129 43 127
25 20 19 115 117 119 118 127 115 155 152 150 104 151 163 160 154 153 126 123 125 40 37 40 26 31 29 31 34 33
166 168 147 165 135 131 130 47 132 51 141 137 139 140 135 131 43 38 125 118 125 127 39 40 128 125 121 120 119 27
46 41 126 153 125 129 45 129 42 33 34 31 27 30 29 27 39 124 127 22 24 29 40 42 26 22 19 110 113 16
142 137 145 142 140 139 167 139 143 138 135 140 143 146 164 103 91 78 82 79 76 81 84 62 60 62 81 62 57 59
62 57 51 56 57 53 49 48 133 41 42 46 43 38 39 124 39 31 32 38 41 44 42 33 31 39 31 29 30 24
172 173 176 173 177 173 174 172 169 166 165 163 162 154 156 123 156 122 34 36 121 35 34 36 124 35 121 123 125 124
33 35 36 30 25 43 25 28 30 38 40 30 122 118 122 34 121 35 34 30 122 121 34 39 37 42 37 43 134 136
23 113 116 112 23 111 114 112 161 159 162 154 160 105 106 162 154 112 154 162 103 92 95 165 135 136 148 147 136 144
6 8 11 9 6 3 0 2 1 4 3 0 1 0 2 4 1 3 6 4 1 2 1 0 3 1 4 1 2 3
67 76 77 74 101 148 167 101 97 99 101 168 146 149 126 41 133 50 138 143 141 56 61 62 63 59 81 79 74 79
69 68 67 73 68 67 70 69 72 73 70 100 70 76 73 75 89 80 87 109 87 15 110 16 110 109 161 106 78 105
3 1 4 6 7 8 7 9 11 14 13 16 18 19 24 21 16 14 12 14 17 20 16 17 14 13 10 13 10 13
135 136 135 137 52 142 141 54 138 55 134 46 47 52 133 52 51 49 53 58 56 57 62 81 88 78 88 78 106 107
85 54 50 47 128 161 106 90 91 92 163 160 162 158 155 125 118 125 119 30 38 32 35 40 133 134 136 139 145 168
60 58 85 88 79 73 75 74 70 67 72 69 99 167 166 146 101 148 129 42 130 51 135 55 142 139 55 137 51 54
114 116 155 154 153 163 92 91 92 74 77 71 99 94 71 67 70 99 95 92 106 89 91 93 103 104 107 160 108 154
86 111 114 116 114 23 26 128 153 163 128 126 130 45 129 44 128 161 153 159 152 153 155 118 155 117 116 119 118 155
91 107 110 87 80 89 80 78 91 88 109 106 88 108 107 89 83 86 111 108 113 109 105 89 108 107 160 107 106 104
123 121 119 27 31 28 23 25 21 19 110 16 114 112 22 18 111 130 131 47 52 137 131 129 43 45 137 132 51 54
176 173 172 171 173 171 175 171 169 172 169 100 71 72 67 74 104 102 163 150 131 134 148 163 129 133 48 133 139 138
87 82 86 89 82 90 105 163 152 153 154 157 159 161 112 22 21 18 14 11 12 9 7 4 5 8 7 5 4 1
26 125 30 36 126 125 126 40 38 43 130 51 137 53 48 50 131 132 133 135 134 53 48 138 137 49 44 43 41 36
5 8 7 5 7 5 7 9 8 7 61 55 137 143 144 138 56 55 61 62 61 62 58 84 81 135 44 128 111 20
2 3 2 1 0 1 2 5 4 3 2 4 7 61 7 10 11 10 12 14 12 14 13 10 8 9 12 9 7 5
177 174 178 176 178 177 179 177 180 177 179 176 173 177 179 178 176 180 177 179 176 179 175 171 173 174 177 175 174 176
13 12 11 13 17 22 23 22 17 13 17 22 130 48 138 141 142 145 137 136 141 138 50 47 134 54 85 86 111 16
119 117 156 127 36 29 24 25 23 22 19 113 116 154 155 115 118 120 121 36 122 126 130 126 39 34 29 32 26 32
52 141 143 141 55 58 61 60 62 80 64 65 63 65 62 59 54 85 88 86 82 84 78 89 107 89 82 84 82 79
16 18 21 27 28 26 43 48 133 138 50 55 56 53 48 44 148 167 101 98 97 101 93 164 146 144 167 170 173 170
55 135 146 166 167 169 146 148 167 170 172 173 172 170 169 171 173 170 169 100 96 102 94 96 101 148 166 100 168 145
156 160 152 126 43 38 42 39 36 37 41 40 133 49 133 138 144 137 51 133 149 136 140 143 140 145 143 140 143 142
158 162 107 108 105 89 75 78 104 165 147 148 165 148 103 93 74 93 91 92 71 101 98 100 102 167 168 170 168 146
54 47 138 54 55 81 78 90 163 162 103 74 67 65 59 57 56 58 53 137 134 139 147 133 149 103 162 105 164 104
107 109 160 109 153 155 152 157 152 163 149 165 74 69 99 71 92 103 90 93 101 74 75 74 102 92 93 91 78 82
121 36 38 33 28 39 37 35 38 37 122 37 125 155 158 151 148 102 95 99 101 146 148 166 70 76 67 72 66 65
50 137 145 136 134 135 147 164 102 92 90 163 90 103 163 90 77 104 151 160 107 109 105 91 104 77 71 99 167 102
36 126 153 161 163 92 89 86 109 107 105 108 88 85 87 80 77 72 75 78 83 78 91 107 91 90 91 105 108 161
179 175 178 175 174 171 175 176 173 172 175 176 173 170 172 171 170 171 168 146 140 145 168 170 173 172 170 146 144 142
64 58 51 55 60 56 58 138 52 142 140 145 136 140 135 134 44 136 167 147 168 101 164 148 131 111 110 16 20 114
75 70 71 70 71 76 71 76 72 75 79 75 73 72 74 103 150 126 125 153 156 126 128 40 37 124 40 129 42 39
51 57 62 60 64 62 59 65 67 73 71 94 164 93 103 94 103 94 164 147 164 162 164 102 101 98 95 100 69 99
133 43 42 38 34 29 43 130 46 42 45 48 45 129 47 45 43 48 140 55 50 137 139 147 133 148 129 43 25 28
154 159 160 156 118 119 120 121 35 31 35 38 125 122 37 38 41 40 46 137 51 130 134 133 51 141 52 142 138 50
45 40 38 125 156 126 156 154 156 118 117 122 156 160 151 149 44 135 48 46 40 45 41 38 42 37 34 32 34 31
132 137 138 50 53 134 132 44 135 134 138 52 136 49 137 51 53 138 52 47 130 128 47 134 54 50 45 42 133 41
173 175 174 178 180 179 176 173 175 171 175 173 177 178 177 176 173 176 177 174 172 175 172 174 175 177 179 176 177 174
70 76 79 81 62 59 62 84 62 84 88 109 88 85 86 84 86 84 81 86 84 87 81 76 80 88 79 90 163 165
108 112 20 111 131 128 40 41 133 47 130 40 36 124 126 127 150 152 155 159 158 161 106 105 162 152 163 151 165 162
43 45 134 47 134 55 140 137 140 145 170 169 168 100 95 98 100 97 96 100 69 67 68 69 74 72 77 135 50 51
10 9 10 8 10 7 6 5 7 6 5 2 3 0 1 0 3 4 1 3 5 6 8 11 10 7 5 4 3 0
148 166 95 97 96 102 105 161 104 162 160 109 90 78 72 78 84 85 88 84 87 109 106 154 162 161 151 104 161 109
159 160 154 127 130 136 146 165 166 164 162 163 92 74 103 74 77 139 143 140 146 144 138 136 45 133 148 145 143 144
61 62 63 58 55 81 82 77 79 82 79 91 107 161 106 105 160 156 159 158 159 155 161 106 109 160 154 156 161 108
47 44 47 137 53 58 57 61 63 65 66 63 64 76 62 64 76 83 88 89 88 90 89 79 73 74 81 62 63 61
97 94 99 94 95 165 104 74 69 71 68 69 73 68 66 64 73 64 58 51 53 50 135 136 139 142 145 170 173 174
116 155 116 115 127 126 152 164 150 103 94 97 96 98 101 96 102 104 163 148 133 147 167 145 144 146 137 135 52 136
48 49 134 140 137 133 40 39 45 51 130 44 148 135 55 53 52 141 137 134 138 144 167 99 69 100 168 147 167 70
128 43 126 128 22 23 127 126 149 133 52 139 134 132 137 146 165 102 74 69 67 76 72 71 100 166 167 100 102 165
117 118 119 125 128 163 135 131 150 149 44 48 44 41 42 40 125 30 39 40 43 48 130 50 54 138 144 168 101 74
27 22 26 29 36 124 36 126 43 133 131 43 44 42 33 37 40 43 133 134 51 140 134 131 128 153 159 157 153 156
0 3 0 3 5 4 2 4 2 0 1 0 2 5 6 8 9 12 9 11 12 9 6 3 2 5 4 5 6 8
42 44 133 138 58 55 134 55 53 134 55 134 129 43 45 43 48 45 43 42 26 29 25 19 22 17 21 24 22 18
102 96 100 102 96 100 94 93 104 107 89 104 94 74 75 70 75 92 89 90 83 77 135 130 41 37 126 43 46 51
163 128 150 148 167 99 69 99 96 101 96 94 164 165 150 152 157 158 153 160 152 160 159 153 125 155 160 151 104 107
68 71 77 75 90 108 107 108 160 109 106 90 104 162 90 107 104 150 149 147 165 94 104 93 164 132 40 44 42 37
155 125 122 118 127 124 39 28 22 25 29 24 19 115 118 123 120 121 125 123 118 155 156 153 109 111 113 114 116 113
129 125 124 39 37 41 36 30 28 32 27 30 35 37 42 43 129 43 127 26 24 25 20 15 86 110 108 88 108 107
