451 425 427 430 427 429 425 423 485 385 486 475 477 479 427 430 448 424 479 480 478 424 452 426 427 428 427 425 484 421
454 455 422 419 422 486 475 484 475 484 477 484 454 453 423 422 419 459 442 438 464 439 436 432 478 427 424 429 426 450
147 146 179 147 149 150 154 160 162 163 157 161 195 191 186 137 134 133 132 133 135 189 166 189 195 192 140 217 219 222
155 157 162 159 184 138 218 220 217 139 216 138 192 167 169 183 186 140 193 138 137 140 184 183 213 143 180 181 177 175
772 776 771 769 834 882 852 792 743 748 886 746 793 719 736 737 734 761 734 737 738 714 712 710 707 716 717 720 722 720
752 754 841 844 842 849 851 749 886 748 839 749 886 782 885 851 850 851 883 790 741 885 784 885 850 853 885 887 884 883
586 588 590 592 593 594 593 594 593 595 594 596 594 596 597 598 597 595 596 595 593 592 591 593 592 594 596 597 595 594
667 665 663 662 661 662 661 662 664 665 666 668 669 671 672 673 675 677 676 674 676 674 675 674 673 675 674 672 673 672
428 478 475 484 328 331 332 470 465 443 440 466 488 417 490 488 466 472 440 465 459 437 431 446 444 446 433 429 450 451
464 443 434 438 439 442 464 466 465 442 444 442 441 459 443 464 442 465 469 474 472 436 437 441 467 471 469 437 443 445
11 12 10 13 15 14 13 11 9 7 9 8 10 11 9 10 8 10 12 10 11 10 8 6 5 7 6 4 2 0
14 16 19 20 17 20 17 19 16 13 10 9 10 8 7 6 4 6 5 3 2 4 2 1 3 2 3 1 3 1
466 419 456 447 445 447 454 424 433 437 469 472 466 417 457 434 457 446 433 437 464 461 441 438 464 461 443 417 463 468
302 304 305 32 306 305 308 305 34 36 37 39 37 39 41 38 37 36 35 305 303 35 37 35 305 35 303 302 35 303
140 184 186 169 163 162 199 210 212 141 212 213 195 163 165 161 155 159 158 184 168 165 188 165 186 185 182 174 182 143
204 213 214 216 185 162 160 157 155 159 184 186 139 138 218 136 193 136 217 135 134 132 130 131 132 130 131 130 133 136
195 200 195 192 198 204 200 194 199 198 194 195 184 172 142 182 183 140 139 169 187 167 192 140 215 136 133 132 133 132
215 214 212 140 182 180 175 172 182 185 139 184 170 158 183 173 183 186 169 185 167 165 190 196 200 210 199 214 215 213
1 3 1 2 0 1 0 1 2 0 1 3 4 5 7 5 6 7 9 11 12 13 12 10 13 10 9 7 8 7
226 225 226 224 222 220 221 223 222 223 220 219 217 139 142 158 163 170 162 167 165 198 197 194 200 195 196 162 184 195
291 289 286 287 286 288 286 288 286 289 290 292 295 294 296 295 294 296 297 295 292 290 289 286 288 286 288 290 293 295
318 321 318 317 315 314 316 318 319 320 318 317 319 320 321 322 325 330 332 410 389 338 340 396 359 393 395 398 395 398
443 442 444 417 490 420 456 419 491 457 488 458 420 419 469 463 469 420 455 447 430 447 450 453 422 329 331 473 332 330
755 752 753 755 752 759 756 753 757 756 759 755 758 755 758 755 753 755 759 761 732 733 799 800 733 724 761 733 734 797
228 227 225 226 227 226 225 226 224 225 224 221 222 219 222 221 219 217 135 217 139 217 139 184 195 191 187 139 218 216
94 95 94 96 94 92 90 92 94 92 91 93 91 89 88 86 88 89 88 90 88 86 84 82 83 85 87 86 88 89
192 185 191 189 135 138 186 195 190 196 212 196 141 140 141 215 141 184 170 140 139 140 192 191 195 163 164 165 168 170
450 449 454 484 486 470 465 418 488 413 335 410 380 367 378 375 378 408 380 340 410 393 397 391 393 338 411 412 414 415
160 163 161 160 164 167 187 184 195 190 196 193 190 165 164 163 162 161 158 162 184 163 164 161 162 166 168 139 185 187
492 494 496 494 497 498 496 493 490 491 457 489 415 419 468 464 465 419 488 414 416 463 459 419 446 444 461 440 466 469
21 23 24 26 28 27 25 23 21 23 25 27 25 23 25 26 28 27 25 24 26 24 22 23 24 23 24 23 25 27
321 319 321 318 320 323 324 321 322 323 326 390 383 380 337 488 419 415 412 380 378 342 405 399 406 396 395 392 386 421
577 576 577 576 575 576 577 576 574 575 573 571 569 568 566 567 569 567 569 570 569 571 572 570 571 570 569 571 570 568
715 710 868 874 872 873 709 712 716 737 738 720 737 720 744 750 760 752 756 750 752 750 744 741 884 882 794 880 858 855
403 404 343 346 403 405 398 406 341 339 412 380 364 380 338 410 393 389 387 360 385 337 335 383 363 385 454 386 329 482
355 358 362 381 410 334 337 414 489 335 332 469 486 454 486 487 337 365 337 362 385 361 362 388 357 388 382 365 338 390
801 799 819 732 724 735 797 734 735 714 868 873 868 875 862 863 869 871 874 708 874 873 875 879 824 855 833 764 725 764
460 463 462 460 444 457 456 458 444 417 489 417 488 458 459 444 443 442 445 434 432 478 427 479 480 479 427 477 475 485
131 132 130 131 129 131 132 134 136 188 187 188 185 137 185 184 169 159 158 163 167 169 170 183 172 174 176 174 182 151
815 812 816 811 809 760 724 759 757 753 843 840 836 765 763 731 733 800 808 760 759 809 759 840 749 884 750 720 744 720
347 351 357 354 352 356 354 352 349 346 348 344 404 345 344 348 351 402 401 355 358 356 395 396 359 392 386 329 475 485
799 734 798 820 822 827 821 826 832 829 856 859 856 821 796 715 796 710 869 875 870 865 871 867 873 874 870 873 871 868
548 549 547 548 546 548 547 545 543 541 543 542 541 542 541 539 538 539 540 541 540 542 544 545 543 545 543 544 543 542
637 639 638 639 638 636 634 631 628 625 623 622 619 622 621 623 625 626 625 628 626 627 630 627 628 626 627 625 623 626
646 647 649 650 648 650 649 651 649 648 649 648 649 648 649 647 645 644 642 644 643 642 641 640 641 639 641 642 640 637
293 290 291 293 296 298 297 298 297 295 292 291 294 295 292 290 293 295 293 296 293 290 289 291 292 289 288 289 286 284
93 94 95 97 99 98 99 97 98 96 97 98 97 96 95 97 98 97 99 101 100 102 104 105 103 102 101 103 104 103
489 415 487 337 338 334 386 360 356 359 387 328 334 486 473 422 387 390 396 406 397 394 409 380 339 381 362 385 383 388
758 747 751 750 721 719 793 884 852 839 840 763 836 854 834 827 769 766 833 769 773 778 780 776 781 786 783 785 789 791
528 529 530 532 531 532 530 529 528 526 528 526 527 525 523 525 523 524 525 524 523 521 522 523 521 519 520 518 519 521
696 698 701 704 703 701 702 701 703 701 699 697 700 701 699 700 698 697 699 697 699 696 695 693 695 694 692 690 688 690
558 559 560 557 556 558 555 554 556 554 553 555 554 556 555 556 554 553 554 552 551 548 550 552 553 552 554 553 556 555
453 452 424 452 450 429 449 451 427 450 426 428 427 451 452 423 428 451 424 426 428 426 424 422 485 335 489 415 487 469
58 60 61 63 64 65 67 65 66 64 62 64 63 65 67 69 67 65 66 64 62 64 65 66 64 62 64 63 61 62
599 598 599 597 596 597 595 593 594 595 593 594 596 595 593 594 595 596 597 598 599 601 602 604 603 601 602 604 606 604
855 857 831 827 769 831 856 879 876 878 824 821 823 825 828 833 882 833 854 794 883 885 850 885 792 883 740 741 744 720
878 880 793 796 797 732 798 796 735 723 736 720 721 760 757 754 843 839 838 762 852 792 790 781 884 837 836 837 836 852
196 194 200 196 195 192 197 201 202 201 195 200 213 212 181 183 171 168 165 166 187 185 170 156 157 155 171 183 215 138
338 409 335 485 469 437 440 464 462 461 442 461 458 456 457 417 418 457 465 468 466 470 486 473 486 469 463 469 472 486
784 780 782 783 778 851 778 884 750 838 835 852 750 884 887 785 886 888 886 838 748 753 841 842 838 841 754 757 755 751
848 846 844 849 888 887 889 887 849 842 840 842 840 749 838 841 842 840 753 756 759 750 752 757 753 842 841 843 844 845
387 386 486 488 419 418 446 457 447 455 449 446 459 437 435 429 433 477 476 424 433 435 436 439 468 440 464 440 459 440
292 294 292 290 292 293 296 298 296 295 292 295 297 298 297 296 293 295 292 290 289 292 291 292 295 297 298 297 298 296
79 80 81 83 81 80 78 79 77 75 77 79 77 76 75 73 72 74 72 71 72 71 69 71 72 70 72 71 73 75
375 372 374 377 372 373 376 368 343 369 372 345 342 343 345 348 345 403 344 405 404 345 344 400 405 404 407 400 402 348
835 834 833 858 833 824 825 828 832 856 770 768 767 853 855 832 767 836 765 726 733 819 797 820 735 724 733 735 797 796
30 31 33 32 306 304 302 303 300 299 300 303 34 36 302 305 34 35 33 32 308 306 303 300 298 300 303 307 304 301
127 129 132 130 133 130 128 126 124 127 125 128 131 130 127 129 130 127 130 129 130 127 124 125 124 125 123 121 120 121
754 751 840 753 750 884 886 745 720 743 788 741 746 744 742 789 884 742 787 789 888 887 889 849 885 746 747 748 839 751
603 601 603 602 605 604 606 607 608 606 604 603 606 608 606 608 606 608 607 606 604 606 605 604 602 603 604 605 603 605
275 273 270 273 275 277 278 276 274 275 277 275 277 279 277 276 274 272 271 273 275 273 270 273 271 273 276 278 280 278
266 268 266 265 264 265 264 263 265 264 266 265 266 264 266 265 266 265 264 266 267 270 272 273 274 273 271 270 268 269
344 343 405 399 398 401 344 378 342 341 375 372 376 374 370 374 375 342 375 373 375 378 366 365 383 390 337 386 454 422
541 543 545 543 542 544 545 544 542 541 542 543 544 546 547 548 546 548 549 550 549 550 552 551 553 551 552 550 548 549
834 768 833 856 831 825 821 877 711 735 799 798 711 735 798 733 799 711 796 820 725 762 723 761 725 735 724 808 722 721
741 885 884 749 751 838 748 751 758 752 757 754 753 839 851 850 836 850 837 765 834 727 725 731 817 730 732 726 817 729
664 665 667 665 663 662 660 662 661 663 664 663 662 661 659 661 659 661 659 657 659 661 659 658 656 654 656 655 654 653
252 250 249 248 249 250 252 253 251 253 252 254 252 251 252 253 251 249 250 249 250 251 250 252 250 252 253 254 253 255
827 823 818 732 725 730 728 729 816 813 814 813 816 817 726 725 734 794 882 879 877 710 876 878 795 796 797 732 731 820
83 85 84 82 80 78 80 79 81 79 78 80 79 77 78 79 81 83 85 83 85 83 85 87 89 91 92 91 89 87
251 252 250 252 253 252 250 252 254 255 256 255 256 257 259 260 258 256 254 256 255 257 259 260 262 263 261 260 262 260
9 11 12 10 9 10 12 14 12 10 13 11 12 13 14 15 13 16 14 16 17 15 17 16 13 16 18 16 15 17
688 686 685 684 683 685 684 683 681 679 678 680 679 677 679 681 679 677 679 680 681 680 681 679 677 679 678 676 677 678
651 649 648 645 647 644 646 648 649 647 645 644 646 647 645 648 645 647 646 648 647 649 650 652 651 653 654 653 652 653
735 793 881 880 793 721 760 809 806 804 806 805 806 805 808 724 726 728 815 727 763 726 733 808 807 804 803 805 802 804
423 385 336 486 489 490 492 418 419 486 420 486 334 486 456 419 490 458 442 464 438 459 446 458 417 461 443 437 440 439
506 505 504 507 504 503 505 508 505 506 504 507 505 502 503 500 502 499 498 499 502 503 506 509 507 508 506 507 509 512
467 470 474 470 467 469 463 440 465 464 441 463 467 439 438 434 432 437 441 464 438 437 467 441 462 463 468 486 328 327
592 594 596 594 595 596 597 596 598 600 598 596 594 592 594 596 595 597 595 597 595 597 598 600 599 598 596 595 596 595
397 391 392 391 395 393 359 360 392 408 398 408 394 408 339 407 343 401 351 348 351 350 347 345 343 403 406 396 340 381
836 835 832 769 833 854 852 850 748 743 721 760 724 798 711 877 879 796 795 714 738 718 743 789 783 787 741 791 792 720
470 471 474 473 329 387 335 389 409 408 407 397 393 408 379 349 348 402 348 402 345 343 376 369 372 375 378 347 404 403
326 330 333 411 410 336 333 412 337 410 333 331 335 332 485 423 486 468 464 417 415 488 491 493 494 492 494 492 491 458
631 628 626 627 625 624 627 625 627 629 626 629 626 624 625 627 628 626 629 627 625 624 625 627 630 629 626 623 626 627
831 769 772 771 774 771 773 771 775 770 827 880 823 730 823 818 817 816 813 814 815 813 815 727 729 814 817 731 819 824
863 867 865 793 735 714 738 743 742 740 793 719 722 808 722 798 736 794 740 794 739 740 792 852 851 839 849 845 848 844
95 93 92 93 92 90 92 93 95 97 99 100 99 100 99 98 97 96 94 96 97 99 97 96 97 95 94 95 97 96
379 367 352 347 351 402 405 403 405 397 398 395 391 389 388 384 363 361 383 387 423 428 424 452 453 426 450 449 448 424
740 738 741 789 850 853 881 864 793 737 736 737 740 792 737 882 855 862 858 832 831 856 770 860 864 863 869 875 857 859
208 204 207 204 211 210 212 203 199 205 199 193 189 166 164 163 159 158 153 157 161 156 159 158 206 203 211 213 196 165
436 439 437 446 447 454 450 428 424 428 423 385 383 392 397 395 399 402 352 355 350 355 358 359 354 353 361 388 392 357
501 499 497 494 496 494 497 499 501 503 506 504 506 507 504 505 508 511 508 505 504 505 503 501 504 505 508 507 505 503
804 803 804 807 808 723 724 727 764 837 849 886 781 776 775 777 778 853 850 851 886 786 783 786 783 779 774 780 782 783
869 710 871 875 708 706 871 713 711 713 707 705 708 873 870 872 871 875 710 713 872 873 867 872 713 707 710 708 705 707
259 260 259 260 262 261 260 261 262 261 260 261 259 258 259 261 259 257 258 259 261 259 261 263 261 259 257 259 261 260
759 753 839 849 888 887 886 849 837 853 764 836 839 759 809 807 760 808 723 762 750 752 753 748 850 745 885 779 775 774
7 9 11 10 9 10 13 10 8 7 8 6 5 4 2 0 1 2 1 3 4 3 2 1 2 3 4 2 0 1
174 180 146 149 145 207 211 146 208 207 210 209 212 214 140 193 215 216 213 199 194 200 197 203 202 200 202 204 203 198
675 677 679 681 680 682 683 681 682 683 684 683 681 679 678 677 675 674 672 671 669 671 673 671 673 672 674 676 678 677
499 502 503 502 503 505 507 510 512 509 506 509 510 513 510 507 504 505 504 506 509 507 509 507 505 502 503 501 498 501
695 693 692 694 692 691 689 688 690 691 689 690 688 686 687 685 684 683 682 681 683 685 686 685 683 685 686 687 686 687
536 537 536 535 533 534 533 531 530 531 533 535 533 535 533 535 536 534 536 534 536 538 539 537 535 536 537 536 538 536
734 798 801 802 799 819 796 820 725 762 852 839 759 721 747 743 742 787 791 782 886 888 889 848 887 850 852 762 760 724
34 32 33 32 305 304 307 303 34 304 302 305 33 304 33 35 36 302 300 301 299 300 302 35 305 306 307 308 310 307
267 265 266 267 270 268 269 270 272 273 276 273 274 275 277 275 277 278 280 281 279 281 282 280 279 277 275 276 273 275
491 416 415 489 415 414 416 488 486 328 327 330 332 331 474 477 484 475 484 477 483 475 480 477 423 425 481 423 385 361
4 5 4 2 3 4 3 2 0 1 2 0 2 1 3 4 5 4 3 2 0 1 3 2 1 3 2 1 3 5
327 474 330 331 332 487 335 410 334 332 329 483 330 332 474 328 330 332 487 485 328 335 337 488 336 410 338 335 328 330
150 148 147 154 145 206 158 162 160 164 165 196 193 140 186 140 216 142 184 140 182 142 181 184 185 183 172 173 174 172
417 460 418 491 489 492 490 416 459 418 416 487 416 489 488 466 467 465 437 435 438 433 437 432 477 424 485 482 423 385
359 393 325 326 328 325 324 326 323 394 397 393 396 356 359 389 410 413 412 335 410 390 387 329 473 487 337 384 336 328
672 673 674 673 671 672 674 676 677 675 676 675 676 675 676 678 680 679 681 683 685 683 684 686 688 690 691 689 687 689
685 684 686 685 686 685 684 682 681 680 678 679 680 682 683 685 683 684 686 685 683 681 680 679 681 683 682 683 681 683
682 681 680 682 683 681 680 678 680 678 680 678 676 674 673 674 672 670 671 673 672 670 669 668 666 668 666 664 666 665
152 150 149 147 145 146 179 177 175 180 172 184 182 181 175 182 142 172 180 146 144 143 144 178 181 176 179 177 181 142
368 371 372 369 375 343 403 405 341 380 410 333 329 326 329 475 484 483 482 423 483 476 424 433 431 446 433 457 434 438
683 685 684 683 684 683 685 686 687 686 684 685 683 685 687 686 684 686 687 685 683 684 685 686 685 684 686 685 684 683
415 416 491 490 492 418 487 385 363 360 357 383 363 383 384 336 387 390 392 394 397 405 403 346 344 369 379 380 379 366
796 881 864 859 857 865 869 873 866 872 867 869 862 864 867 862 863 860 859 860 770 830 767 768 775 781 777 778 773 772
791 740 738 746 748 886 884 778 853 835 882 835 853 767 853 833 824 828 832 768 834 852 882 884 746 790 885 791 789 887
236 238 240 238 237 238 239 238 236 238 239 238 240 242 240 238 236 234 232 230 229 227 228 227 229 231 233 231 229 228
74 73 71 73 72 70 72 70 68 70 71 73 74 76 77 78 79 77 79 81 83 84 85 84 82 80 81 79 81 79
316 314 311 309 308 311 308 306 309 308 32 308 311 309 307 308 305 302 305 302 304 301 299 301 299 297 299 297 299 298
406 378 380 412 336 382 388 390 385 337 410 411 381 366 352 365 380 365 381 408 378 342 404 344 348 343 403 402 348 352
400 406 343 342 343 342 344 403 347 378 366 367 343 377 369 370 374 376 375 370 369 374 373 371 375 378 341 380 368 366
612 610 612 610 608 607 605 606 603 601 599 601 602 603 604 605 603 602 600 598 600 602 600 601 600 602 603 602 604 605
888 849 842 837 766 853 836 765 835 763 836 839 851 853 766 768 827 769 833 775 768 835 833 775 778 782 787 782 884 885
103 104 105 107 109 107 108 106 104 103 104 103 104 102 100 98 100 99 101 103 105 106 107 109 107 108 106 105 106 105
874 709 876 874 876 878 823 824 854 794 738 794 720 717 718 714 717 794 881 793 880 794 796 714 716 707 705 707 708 875
588 589 588 587 589 587 589 588 590 591 593 591 590 591 589 591 592 594 596 594 595 596 598 600 602 603 601 599 600 602
764 725 730 814 812 811 724 761 723 798 819 817 726 823 726 727 725 733 725 730 823 818 732 798 733 723 759 839 840 850
269 266 265 264 263 262 263 265 264 262 260 262 261 262 260 262 261 263 262 261 259 257 258 257 256 257 258 259 260 261
334 411 338 412 380 378 406 407 408 394 390 337 364 363 365 363 384 336 489 456 449 429 477 478 477 481 482 475 484 483
162 163 160 155 161 204 205 202 203 201 200 198 195 192 166 164 162 191 195 198 194 198 197 194 192 189 166 192 138 216
483 484 478 426 424 429 449 450 430 432 435 430 429 426 451 427 478 479 481 477 482 423 421 424 430 431 437 431 428 424
224 225 227 229 231 230 228 229 231 230 232 233 232 231 232 234 235 233 234 235 236 238 236 237 238 240 239 237 236 238
120 117 119 117 114 117 120 119 117 114 116 119 116 115 118 121 118 115 113 111 114 117 119 121 123 120 118 117 116 119
166 162 166 164 160 168 160 161 195 161 199 201 196 141 172 155 154 157 206 208 206 157 153 150 153 158 155 160 161 163
46 44 42 44 46 47 45 46 45 44 43 45 43 45 43 45 46 45 44 45 43 42 40 41 43 45 46 44 46 48
343 340 337 413 488 466 471 474 471 475 486 386 390 409 412 334 413 333 487 414 415 412 413 334 328 390 396 400 405 341
601 599 600 599 601 603 602 603 605 606 607 609 610 612 614 613 611 610 609 611 613 611 612 614 613 616 618 621 622 619
393 410 390 396 408 381 378 343 407 404 342 344 403 400 398 405 342 404 342 403 406 396 398 395 399 397 394 395 396 398
572 573 571 572 574 575 573 572 571 572 571 569 567 568 566 568 569 567 566 567 565 566 567 565 563 565 566 565 563 564
33 306 33 305 32 306 304 303 301 302 304 34 305 304 303 306 32 34 306 34 303 301 303 306 308 305 32 305 32 305
23 22 21 19 17 20 19 18 19 20 21 22 21 20 22 20 22 23 24 25 23 22 21 19 17 18 19 17 16 13
304 35 304 36 37 35 302 35 305 302 36 35 34 304 302 304 33 305 308 310 308 311 313 314 316 317 316 318 321 325
3 2 3 5 6 8 7 6 4 6 4 5 4 3 2 4 3 1 3 4 3 4 6 5 7 6 4 6 8 7
496 494 497 498 495 493 491 490 416 490 417 460 462 466 467 470 471 437 464 417 460 418 446 419 446 459 461 442 460 459
498 500 498 501 499 501 504 507 509 510 509 507 505 506 503 502 505 503 500 497 496 498 495 493 494 496 497 500 497 500
662 660 661 662 661 663 662 660 662 661 663 664 662 660 659 657 658 659 657 658 656 654 652 654 656 658 656 654 652 650
114 113 112 110 111 114 112 110 113 110 111 110 112 110 109 111 110 108 109 108 107 109 108 107 105 103 102 104 103 102
123 124 122 124 122 124 125 128 131 130 129 132 133 135 218 217 220 218 216 218 220 217 139 214 216 213 144 211 210 144
306 303 35 34 35 302 305 302 35 36 37 38 39 38 37 40 42 43 45 47 49 50 51 52 54 52 54 56 55 57
282 281 280 281 279 277 278 276 275 274 276 278 277 279 281 283 285 284 286 288 290 291 292 293 295 294 296 298 299 300
271 273 270 268 267 265 263 265 267 269 270 268 266 265 266 267 265 266 269 270 268 269 267 269 271 270 267 269 267 265
197 192 197 191 168 165 161 159 164 161 195 200 194 189 193 195 184 142 183 185 170 172 173 179 145 147 181 147 145 178
177 176 175 174 176 175 176 177 178 145 143 182 172 141 184 141 172 181 176 179 175 182 154 146 147 145 179 177 176 175
312 309 312 311 312 315 316 318 321 319 321 322 320 322 324 323 321 319 321 318 319 320 323 325 326 334 410 334 411 380
360 388 387 384 382 339 379 411 408 395 392 394 398 397 405 403 405 404 401 402 399 405 344 404 376 343 375 369 377 344
52 51 53 51 53 52 54 52 50 49 50 48 46 48 46 44 43 45 47 48 47 49 51 49 47 48 49 51 50 52
298 299 298 300 299 298 297 299 298 296 294 296 294 291 290 289 286 289 288 286 285 286 289 291 289 291 294 296 295 294
557 558 559 560 561 563 562 563 564 563 564 566 568 569 567 565 563 562 563 564 562 561 562 560 561 559 558 555 556 557
156 157 152 156 153 154 159 164 161 158 162 194 189 186 139 185 137 188 168 162 191 187 190 192 193 138 218 216 142 140
158 160 164 167 185 171 185 169 184 215 184 139 191 192 189 137 185 168 184 181 176 181 175 180 172 173 181 144 142 140
750 761 759 809 759 750 852 886 785 784 782 781 778 783 780 774 780 781 885 789 887 786 787 742 786 742 738 739 742 744
121 124 126 124 125 122 123 122 121 118 119 118 116 117 114 111 109 111 112 114 111 114 111 113 114 117 120 119 118 117
456 488 419 416 414 490 492 494 497 498 496 498 497 495 497 499 497 496 494 496 497 495 496 497 495 498 499 498 497 495
702 704 705 704 701 703 705 704 707 716 713 715 714 735 736 794 792 737 795 792 739 868 869 872 867 869 864 866 861 866
686 685 684 682 684 682 681 680 682 683 684 685 686 684 685 687 689 688 690 688 686 685 687 689 687 685 686 685 684 685
727 724 759 762 765 835 855 883 835 854 768 854 836 850 852 792 853 881 880 883 854 767 766 833 824 879 876 877 874 870
64 66 68 70 69 70 68 70 69 68 70 69 67 66 68 67 66 65 64 62 60 58 57 58 59 57 55 57 58 56
720 717 739 793 714 707 709 712 717 712 716 710 879 881 860 865 870 871 867 873 874 708 872 707 706 708 709 708 711 796
51 50 49 51 50 51 53 54 55 53 52 51 52 54 52 54 52 51 50 51 52 51 52 54 52 50 48 50 52 50
770 769 774 779 777 776 775 773 778 782 779 782 777 780 774 769 772 773 775 769 768 771 768 855 883 885 741 792 743 721
219 137 136 134 132 129 128 126 125 126 124 126 128 129 128 131 129 128 131 132 130 129 132 133 132 133 136 137 189 139
567 565 564 563 564 563 561 562 563 562 564 562 563 562 563 562 563 565 566 568 566 564 565 563 561 560 559 558 556 559
285 283 284 282 280 281 282 283 281 282 280 281 283 281 283 282 284 282 284 286 289 292 295 297 295 292 289 290 289 287
362 365 366 380 338 341 343 369 378 370 374 369 376 371 368 379 367 368 367 343 400 406 403 404 341 340 410 411 408 394
305 306 33 32 305 306 305 306 303 305 308 309 310 309 306 309 311 313 311 308 309 311 309 312 315 312 313 314 316 317
421 433 428 429 427 450 455 433 429 425 422 456 420 454 420 336 410 338 339 407 342 344 346 349 365 383 361 363 336 328
290 289 290 289 287 288 287 288 289 287 286 285 284 283 284 286 285 287 286 288 286 287 285 283 285 283 282 284 283 285
173 180 151 155 161 155 172 181 174 179 180 142 214 196 142 211 210 211 207 204 201 196 194 199 195 163 170 163 167 166
569 571 570 568 567 566 564 566 568 566 565 566 567 565 563 561 559 561 562 563 564 566 568 570 569 571 570 569 570 569
432 429 434 439 468 436 437 469 468 441 465 488 421 386 387 360 383 365 338 392 397 405 342 340 397 398 404 341 342 403
508 510 512 513 510 511 508 509 510 513 512 509 507 505 508 507 506 505 507 506 508 509 510 512 514 516 515 514 515 516
640 642 641 640 637 635 637 636 635 632 634 637 639 640 639 638 636 635 633 631 634 633 635 634 633 636 633 632 635 632
629 630 632 630 632 634 636 637 634 635 633 631 633 631 633 630 633 635 634 631 630 629 630 627 625 626 627 630 628 626
689 690 688 690 688 689 690 689 691 693 691 693 695 697 696 697 695 693 694 695 697 695 693 692 694 696 697 700 702 699
671 669 671 672 673 671 672 673 671 672 674 672 673 675 676 677 678 680 682 684 686 684 686 687 685 683 685 687 685 683
843 847 849 889 887 784 782 786 886 850 836 850 837 853 882 861 856 821 878 797 800 733 760 761 733 820 880 823 824 856
821 797 732 727 765 834 835 832 826 856 853 778 775 860 881 864 866 869 867 869 866 864 859 862 856 825 824 821 823 827
818 732 818 726 733 724 732 822 732 735 736 735 736 794 736 738 741 742 741 884 791 782 790 744 742 786 782 785 788 745
714 738 720 792 720 739 720 718 721 746 748 838 837 766 763 762 724 817 815 729 815 730 822 821 819 817 729 814 730 732
555 554 556 557 560 562 561 559 557 558 555 553 552 551 553 554 553 555 557 558 560 557 555 553 552 549 550 548 551 549
159 171 155 182 154 145 212 143 183 170 162 158 154 146 150 146 154 153 156 153 150 153 151 150 149 150 147 180 145 179
663 662 663 661 663 665 663 662 661 660 658 659 658 656 657 655 657 658 657 659 657 656 657 659 661 662 663 661 660 659
694 696 699 696 698 696 699 697 698 699 700 701 700 702 704 707 705 708 710 877 874 868 872 866 867 866 870 869 862 859
857 854 882 794 795 882 861 864 792 794 795 798 801 799 798 797 734 725 764 840 837 851 836 851 852 764 833 857 824 820
280 279 278 276 277 275 273 272 274 276 277 275 276 277 279 281 282 283 282 283 285 286 285 286 288 290 288 287 289 288
587 585 586 584 582 580 579 577 576 578 580 578 579 578 577 578 577 576 577 579 577 576 575 577 576 578 577 575 573 575
862 866 868 710 869 710 715 719 737 714 735 798 734 796 881 857 827 821 826 828 823 727 763 836 884 838 851 887 785 886
116 115 118 121 120 122 124 127 130 128 126 125 128 129 128 125 128 130 131 128 130 133 136 137 217 137 215 137 217 136
117 119 118 121 122 125 126 125 127 124 121 120 123 120 123 121 124 123 122 123 124 127 128 126 123 121 122 125 127 125
829 824 856 831 828 830 826 831 857 881 857 878 823 824 833 827 823 828 833 882 854 855 832 827 822 819 733 799 802 805
27 28 29 30 29 28 29 28 29 30 32 305 302 301 303 306 34 304 302 301 303 34 33 32 33 305 33 32 308 309
0 1 0 1 3 5 3 2 0 1 0 1 3 5 7 5 6 7 9 7 9 10 11 13 15 14 15 17 19 16
446 459 438 442 441 461 466 487 489 421 472 485 331 333 410 333 411 409 334 329 474 331 473 475 473 330 328 325 393 359
42 41 43 44 46 45 46 45 44 46 48 46 47 46 44 42 44 43 41 39 41 38 40 41 38 36 38 41 42 43
102 101 103 104 106 105 104 103 102 101 100 98 96 97 96 94 96 98 96 97 98 97 98 96 94 96 98 96 94 93
245 243 241 243 244 245 244 242 241 242 240 241 242 244 245 244 243 245 247 246 248 246 244 246 245 247 245 243 241 243
559 558 557 556 553 554 556 558 559 557 558 556 557 560 557 556 553 552 551 552 550 548 546 548 550 549 551 553 552 553
249 247 248 247 245 244 242 243 244 243 241 242 244 246 245 246 248 246 248 246 248 246 247 246 248 247 249 251 249 247
257 259 261 260 261 260 261 260 262 260 261 259 260 262 260 262 264 263 264 263 264 265 266 268 270 267 269 266 269 266
542 544 542 541 543 542 540 541 542 544 543 541 542 543 542 543 541 540 539 541 539 538 539 538 537 538 540 542 543 545
163 169 183 213 210 204 207 205 209 204 207 146 151 147 144 145 142 139 142 196 213 214 211 205 208 210 143 183 181 172
488 337 384 361 363 337 362 363 384 382 385 454 453 448 455 453 452 450 449 447 454 386 388 390 329 473 468 466 463 441
751 838 751 749 850 748 744 720 794 717 719 794 854 852 837 749 837 852 883 851 836 834 856 859 860 770 859 857 879 875
573 575 573 574 575 574 573 575 577 578 580 579 580 581 580 578 577 579 582 581 579 580 578 577 579 582 579 580 581 582
487 385 390 335 412 380 381 380 365 352 349 351 349 367 349 351 354 362 388 390 394 408 341 404 345 347 379 352 343 346
733 797 735 794 711 709 872 710 711 710 872 873 875 874 708 710 871 870 869 864 740 739 881 862 859 863 864 739 719 717
209 145 147 151 153 158 162 192 136 216 138 187 168 138 218 220 219 218 220 217 215 140 141 182 151 152 150 152 156 152
517 515 516 515 517 516 514 515 517 518 517 519 517 516 515 516 517 516 517 518 519 520 521 520 518 516 515 514 512 510
656 654 656 655 654 652 653 655 654 653 654 656 655 657 658 656 655 654 655 653 652 654 655 657 658 659 657 655 653 651
348 346 349 353 365 366 365 363 384 363 361 364 366 364 353 364 353 349 381 367 368 377 340 409 406 400 396 340 381 382
129 132 131 128 130 127 128 125 123 124 121 118 120 122 125 127 130 128 130 128 129 130 129 130 127 126 125 127 125 122
39 37 40 38 39 37 38 41 40 42 43 44 43 44 43 45 47 49 51 49 51 52 51 52 51 50 48 50 52 50
574 576 578 576 574 573 571 573 572 571 572 570 571 572 573 571 572 573 575 576 577 578 577 579 577 579 580 579 578 579
692 690 688 687 685 684 685 684 682 683 682 681 679 678 679 678 677 676 674 673 674 673 675 676 674 676 678 677 679 681
534 536 534 533 535 536 535 533 531 532 534 535 537 539 541 543 544 545 543 542 540 542 541 542 541 539 540 539 537 535
769 827 830 825 828 833 835 833 827 825 821 818 732 762 761 758 752 760 810 808 723 798 797 732 822 878 710 874 869 874
71 70 72 74 72 71 73 71 72 70 69 67 66 64 63 62 64 63 61 60 62 61 62 64 62 64 65 63 65 66
744 743 746 744 750 752 753 841 844 848 745 791 782 886 847 888 785 784 887 838 843 847 888 784 779 782 788 789 746 886
66 67 66 65 63 65 63 64 65 64 65 63 65 67 69 67 66 64 66 67 66 68 67 65 64 63 62 61 59 60
635 632 633 632 633 636 633 636 633 630 627 624 622 619 622 623 621 619 620 619 618 620 619 617 614 616 614 617 616 618
138 218 217 138 191 166 192 191 139 188 166 191 166 167 159 155 182 180 176 181 180 143 140 192 139 217 140 182 144 180
171 181 145 144 210 202 205 206 211 203 212 205 204 208 146 150 154 146 147 150 155 182 172 173 175 182 144 206 158 153
729 726 817 820 732 815 812 809 760 808 811 724 725 734 736 798 800 797 820 732 821 824 827 834 823 880 823 827 822 826
311 312 311 309 308 32 306 303 35 305 308 309 307 304 306 34 305 308 306 32 33 304 36 304 302 301 303 35 36 302
480 477 474 485 332 329 331 334 412 337 365 382 388 360 362 383 338 334 328 486 454 447 446 449 430 431 433 457 456 418
399 395 389 356 357 350 357 360 389 337 384 383 335 411 414 412 334 411 413 334 387 392 357 356 396 406 402 348 344 378
530 531 529 527 528 526 528 527 529 528 527 528 530 532 534 533 531 529 530 529 531 530 529 527 525 523 524 522 523 524
212 142 212 214 196 212 145 212 204 207 211 212 205 202 197 202 203 205 212 214 217 218 220 223 221 222 219 220 221 220
679 681 679 680 682 684 686 685 684 686 688 689 687 685 683 685 686 684 682 680 682 684 685 684 682 683 682 684 686 685
543 542 540 538 540 539 538 539 538 536 538 540 539 538 539 540 538 539 541 540 538 537 536 538 537 535 537 535 537 539
288 286 289 288 287 285 283 281 280 279 281 283 284 286 288 286 287 289 288 289 292 293 292 294 291 289 291 294 291 293
211 200 199 213 144 212 210 211 199 193 139 192 215 196 191 192 168 167 166 192 189 186 191 166 168 160 158 154 147 150
299 301 304 35 303 34 36 37 38 39 41 42 44 45 46 48 50 49 50 49 48 47 48 46 47 46 48 47 48 47
100 98 100 101 103 101 102 101 100 98 96 94 93 92 93 94 93 94 96 95 94 96 98 96 95 96 94 93 91 93
482 479 478 482 425 422 487 469 415 463 459 418 457 434 439 443 445 442 460 444 459 466 467 439 464 442 440 466 463 441
330 334 409 339 408 407 339 407 408 341 375 377 367 347 344 343 375 342 345 342 344 343 347 343 379 368 376 371 376 341
217 139 215 142 183 169 187 189 166 195 186 139 137 218 135 134 133 134 131 130 131 132 129 127 128 131 133 135 189 166
539 538 540 539 537 538 540 541 539 541 542 540 539 540 541 539 540 541 540 539 537 539 541 539 541 542 541 543 544 545
332 487 456 447 446 431 436 433 455 450 426 429 427 430 446 418 460 441 444 443 440 465 468 473 468 439 468 473 472 469
139 218 217 214 215 193 138 136 190 196 194 190 191 193 215 140 212 144 181 173 174 175 174 177 174 180 178 176 179 146
509 510 511 513 515 513 515 513 512 514 513 515 517 516 518 516 517 519 517 516 517 515 517 519 517 515 514 513 515 514
721 734 736 723 724 762 840 753 758 747 751 754 751 749 748 751 840 761 764 853 881 855 827 830 829 828 827 834 835 851
676 674 676 675 673 671 669 670 668 670 672 670 668 666 667 666 667 666 668 669 667 668 666 664 666 667 669 670 672 673
300 303 301 303 301 303 302 36 38 41 42 41 42 44 43 41 40 38 36 35 37 38 40 39 41 38 36 304 33 31
533 531 533 535 534 535 533 535 537 535 534 535 536 537 536 535 537 538 537 536 537 538 539 537 539 538 540 539 540 542
742 884 852 883 852 762 760 751 755 751 757 756 754 841 839 851 850 888 885 849 839 851 749 744 749 837 850 790 787 784
59 57 55 54 55 57 59 58 57 59 57 55 56 54 56 57 55 57 55 56 54 53 55 57 55 57 59 61 59 60
850 839 841 754 752 749 747 749 848 889 886 791 720 795 722 760 724 761 764 725 854 852 762 764 728 763 764 727 730 731
194 162 157 161 155 153 149 147 181 179 145 144 179 144 179 178 142 216 215 196 200 211 145 207 209 205 204 199 142 196
411 409 410 336 334 329 332 334 328 485 330 326 329 331 328 333 328 386 454 420 454 420 455 421 487 456 487 335 332 326
812 816 729 817 820 733 725 817 726 733 725 722 721 743 744 791 742 746 884 836 854 832 769 770 827 825 830 827 768 766
677 679 680 681 683 682 681 683 681 680 681 682 680 681 679 678 679 681 683 682 680 681 679 678 679 677 679 680 682 683
532 534 532 533 532 533 531 533 534 533 534 535 534 533 532 533 534 532 534 533 531 532 533 534 533 534 533 534 535 537
118 116 113 115 116 119 120 122 120 118 120 123 121 124 125 122 124 121 119 118 121 123 121 124 125 126 127 130 129 130
846 888 784 780 784 780 778 774 776 771 770 828 824 826 825 824 821 879 824 825 826 827 769 767 764 762 839 837 749 852
858 859 864 863 867 869 870 868 866 868 709 876 872 869 865 793 719 720 750 753 748 749 849 885 782 786 888 847 888 887
165 161 199 212 181 175 174 179 175 143 145 205 207 211 213 210 144 182 173 175 181 212 213 182 174 176 374 176 177 181
809 807 804 806 808 807 810 811 809 812 813 814 815 729 728 816 815 817 819 732 724 809 811 760 750 760 751 838 841 839
658 656 657 656 657 656 658 659 658 660 659 657 655 654 652 651 653 652 650 648 647 644 642 641 643 644 645 647 648 645
738 791 790 782 787 742 791 886 889 847 845 842 839 751 756 755 752 749 746 738 792 883 791 885 782 789 742 743 788 742
31 32 308 311 314 313 311 309 307 309 306 308 305 35 303 34 36 35 305 33 34 304 33 306 32 306 304 303 34 306
841 838 842 845 846 847 846 845 847 844 841 837 766 834 853 836 851 749 886 889 888 785 787 789 787 783 779 782 887 889
722 737 722 734 819 730 817 733 732 724 730 823 880 823 731 818 733 725 762 759 750 757 753 841 838 884 790 745 790 786
630 628 627 630 631 628 630 629 631 630 629 631 629 632 635 636 634 631 628 625 627 630 631 628 627 628 627 625 628 625
661 660 662 660 659 661 663 665 663 665 664 663 662 663 662 663 662 663 664 662 661 662 660 662 661 659 657 659 657 658
556 555 554 556 558 556 554 552 550 552 553 552 553 555 557 559 560 559 558 559 558 557 558 559 561 563 565 567 568 567
476 484 478 479 483 486 470 473 331 474 423 422 386 485 330 333 334 331 333 336 410 331 334 331 334 328 484 454 448 455
28 30 28 27 29 31 29 31 33 34 36 35 34 306 303 34 305 302 305 35 36 38 40 39 40 41 42 41 38 41
29 27 28 29 31 30 28 26 28 26 24 26 27 25 27 28 30 31 29 28 30 31 33 31 30 32 308 306 305 303
647 648 645 646 645 648 649 647 646 647 644 643 645 648 645 647 645 648 650 652 650 652 651 653 652 654 652 653 654 653
633 630 628 629 631 633 631 628 625 624 625 623 621 623 626 625 627 629 626 624 626 625 628 629 626 624 627 625 626 628
354 357 383 386 384 386 385 362 359 362 357 358 391 390 396 355 359 357 358 361 385 335 486 472 474 469 437 446 459 461
161 199 196 197 191 197 195 200 199 202 201 197 193 198 202 197 194 197 202 210 202 203 205 207 210 144 210 209 206 204
591 592 590 589 588 590 592 594 595 593 591 593 591 592 593 594 596 598 596 594 592 593 591 590 592 593 594 593 594 595
110 109 108 106 107 105 104 105 107 106 108 109 108 107 105 107 105 103 105 106 108 106 107 106 107 108 109 107 108 110
106 104 103 104 106 108 110 109 107 106 107 105 104 105 104 103 105 106 108 110 111 110 111 110 113 112 113 110 113 116
313 311 312 314 316 314 312 313 315 317 315 317 316 318 317 318 321 325 322 320 323 326 330 326 328 386 454 451 428 423
322 325 321 323 322 319 317 316 315 316 318 321 323 394 396 359 354 349 351 352 381 349 381 349 381 349 347 377 374 369
218 221 218 217 215 192 195 192 195 192 138 137 190 186 189 137 140 184 141 140 170 163 165 196 198 203 202 198 199 203
274 275 277 279 280 278 276 274 275 273 270 268 267 269 268 269 271 269 267 269 268 266 268 270 269 268 266 267 270 273
435 436 433 428 424 430 428 429 478 429 428 426 428 427 432 434 446 418 456 491 416 419 468 437 431 432 433 438 440 441
824 834 836 838 840 837 853 885 886 851 883 738 882 791 782 780 775 779 783 781 887 781 790 781 782 886 790 782 789 742
760 811 813 816 726 823 829 830 824 880 820 724 820 818 823 820 733 799 711 796 878 877 710 869 868 866 871 709 712 706
519 521 522 524 523 524 526 525 527 529 527 528 527 529 528 529 528 527 526 525 527 529 531 532 534 532 534 533 535 536
56 55 57 59 61 62 60 62 63 65 67 68 67 69 71 69 68 67 66 68 67 69 70 69 71 70 68 69 71 70
337 336 411 339 341 405 341 376 342 404 345 367 345 370 375 370 373 376 343 405 406 343 348 402 403 346 402 406 399 402
566 568 570 571 569 571 570 571 573 571 573 571 569 568 567 565 566 564 565 567 568 569 567 569 570 572 570 568 567 566
441 460 459 443 438 434 437 438 440 472 466 464 437 431 435 431 446 443 459 417 489 421 385 335 410 331 334 338 335 488
699 696 695 694 693 692 690 692 691 693 691 689 690 688 687 685 687 686 687 689 687 686 687 689 688 690 691 690 689 691
401 343 404 399 406 341 338 334 332 331 328 325 321 324 327 474 473 474 332 327 485 422 487 469 466 419 469 487 469 473
708 711 715 710 716 712 706 704 701 700 703 704 706 704 706 704 706 703 700 697 698 699 702 705 703 704 702 703 704 707
779 776 771 769 830 827 855 828 770 773 776 774 768 769 831 825 830 767 765 726 823 824 854 824 826 822 730 724 734 731
182 175 178 145 144 147 148 145 209 144 205 199 202 199 201 197 213 203 211 145 147 144 209 145 180 143 175 177 180 179
585 586 587 589 591 590 589 591 592 590 588 586 584 583 584 583 584 583 584 582 579 580 581 579 578 579 581 579 577 579
371 372 373 370 368 343 377 341 405 342 340 342 375 376 370 376 344 341 379 367 377 371 370 371 377 368 345 348 352 357
479 482 423 477 433 431 429 450 448 421 455 453 428 453 448 449 453 422 386 487 418 419 469 471 467 465 442 437 441 440
768 774 769 767 834 853 854 833 766 764 766 767 835 763 726 729 727 763 834 765 762 836 850 886 852 836 839 842 839 748
461 466 472 440 465 470 473 331 332 330 474 475 329 422 385 337 380 341 368 379 381 340 377 369 377 345 347 367 366 382
44 45 46 44 45 44 42 40 41 42 40 41 40 39 41 39 41 40 41 43 41 42 40 38 40 39 38 41 43 42
88 86 84 85 84 83 84 86 84 82 80 81 80 78 79 78 76 78 79 77 79 77 76 74 75 74 72 73 71 70
575 577 576 574 573 575 573 571 570 572 573 571 573 574 573 574 572 571 572 571 569 570 571 573 575 573 575 576 574 575
618 617 615 613 615 613 616 613 610 612 614 617 619 617 615 614 613 612 610 608 606 603 606 608 609 610 613 611 610 612
805 808 811 761 733 723 734 880 827 770 772 771 775 772 774 780 783 779 774 776 781 775 773 772 777 774 772 777 772 860
457 456 488 337 380 367 340 407 409 340 379 365 352 367 341 368 371 369 370 375 342 401 400 397 392 338 340 408 399 402
615 617 618 616 613 616 613 612 613 611 612 613 614 615 616 615 614 615 614 612 611 613 614 613 611 612 611 612 613 615
670 672 674 676 675 673 671 672 674 673 671 670 669 667 665 667 666 664 663 661 663 661 659 661 662 661 659 658 660 659
817 733 819 796 880 882 833 764 837 852 855 857 878 875 877 709 713 868 869 868 862 881 855 883 740 743 746 749 849 839
151 154 151 145 210 211 145 182 143 140 142 158 170 162 199 197 199 198 196 200 210 202 201 199 200 210 202 198 197 200
879 794 855 882 856 861 882 884 749 746 750 721 723 725 735 723 732 725 823 727 762 765 836 837 849 842 837 884 791 883
440 436 435 438 464 463 416 415 490 458 461 416 466 417 459 437 459 457 459 441 464 441 462 460 459 460 464 459 445 442
876 878 875 877 876 877 878 821 825 829 826 828 855 860 881 739 795 720 791 788 885 851 853 885 883 793 795 882 834 765
526 528 530 531 530 529 530 532 533 534 536 537 539 538 540 539 541 540 542 541 543 541 542 544 543 545 546 548 549 552
502 499 498 497 496 499 500 501 504 503 504 505 503 506 507 505 502 501 498 500 501 498 500 498 500 497 495 492 493 490
767 836 837 836 854 853 836 765 764 854 794 792 882 856 795 797 736 722 721 723 722 724 817 819 734 725 732 731 729 814
319 322 323 320 318 316 314 312 314 312 310 307 303 306 309 308 310 311 312 310 308 306 307 308 309 312 311 312 311 313
856 795 855 862 858 833 853 882 795 882 791 882 737 719 794 714 713 717 714 709 874 873 866 869 873 869 710 869 868 874
622 624 623 622 623 624 627 624 627 624 623 622 619 621 618 617 619 618 617 619 621 622 619 621 624 626 628 630 628 625
80 79 80 81 83 85 87 85 86 85 86 84 85 86 87 85 87 89 90 92 90 92 91 92 90 91 92 93 94 96
353 381 352 340 393 397 395 392 391 328 330 331 330 485 331 325 330 327 329 482 477 479 424 455 454 455 419 446 456 420
65 63 62 64 63 65 64 66 67 65 67 66 64 62 64 63 62 63 64 63 62 60 61 60 58 56 57 58 56 55
639 641 639 641 639 638 637 638 637 638 636 633 630 631 630 632 634 636 637 634 631 634 635 636 634 632 634 637 639 641
35 36 34 35 305 304 301 304 302 304 36 37 38 41 39 40 38 36 38 39 37 35 34 305 306 309 311 308 305 303
352 355 356 354 355 396 406 342 378 381 367 340 396 408 406 396 401 342 408 341 368 366 381 365 382 384 362 353 350 353
865 869 865 870 867 872 707 714 713 737 715 796 799 711 709 712 713 872 712 707 872 710 875 879 855 824 825 823 730 817
175 180 147 150 148 147 180 175 180 144 211 200 198 203 199 210 200 197 192 167 163 195 201 197 195 190 193 190 195 196
396 400 406 396 392 394 391 389 387 385 453 424 427 432 437 440 438 432 437 469 332 329 486 471 469 437 432 433 431 433
270 269 267 268 270 269 270 273 270 272 271 270 268 270 271 270 273 274 272 273 271 269 271 269 271 273 274 273 275 277
743 789 746 750 757 752 760 807 808 805 808 810 807 804 803 801 799 733 796 715 737 796 881 860 776 771 772 778 782 787
497 494 492 418 460 459 466 463 417 489 458 462 467 469 474 483 472 487 419 417 415 419 421 420 488 457 488 336 420 385
418 462 460 461 464 461 441 439 443 444 418 416 465 437 442 441 462 458 417 458 420 455 424 453 425 451 454 452 448 456
90 88 87 86 87 85 84 83 84 82 81 83 82 84 85 87 86 85 84 82 84 85 84 82 80 81 80 81 79 80
238 239 241 239 240 242 244 246 247 246 248 249 250 249 251 249 248 249 247 246 245 247 245 243 242 240 242 240 239 238
18 16 15 17 20 22 23 24 26 27 28 27 29 27 26 27 28 30 31 33 32 30 31 32 34 32 34 304 307 305
20 17 18 19 20 22 20 21 22 23 24 25 26 24 23 24 22 23 21 22 23 24 26 27 29 30 31 33 31 32
342 400 396 355 358 361 358 362 381 411 413 412 333 411 340 378 369 376 375 342 340 397 396 355 350 354 353 348 347 401
552 551 549 548 549 552 554 555 553 555 554 553 551 550 548 551 552 554 556 555 558 555 553 556 558 555 554 553 552 549
268 270 272 273 270 271 270 273 271 270 267 269 267 270 269 266 269 271 269 266 269 267 270 271 270 268 267 266 269 267
339 407 341 376 343 406 343 379 342 401 352 347 344 346 351 357 361 364 380 364 363 385 421 423 454 453 426 450 452 422
199 198 165 191 138 191 163 191 185 171 185 191 197 192 188 166 189 186 185 183 215 216 218 136 189 190 186 185 216 139
145 207 210 212 141 212 211 145 148 150 151 152 154 172 180 143 145 209 206 154 159 156 159 154 172 141 213 214 143 182
583 581 580 579 581 580 581 582 579 580 579 581 582 581 582 581 580 581 583 581 579 577 575 573 572 571 573 575 576 577
864 739 720 750 852 839 751 749 745 850 837 852 884 850 887 838 884 886 786 783 778 772 777 780 781 782 789 850 853 833
673 674 676 674 676 678 676 678 680 678 680 682 684 685 687 686 687 689 690 691 692 693 692 690 688 690 689 687 689 690
253 251 253 254 255 256 258 260 261 260 262 264 266 264 265 264 266 265 264 263 265 264 266 269 267 270 267 266 267 270
504 503 506 508 511 513 515 513 510 512 511 509 511 509 507 505 506 507 504 505 503 500 502 499 498 499 502 500 499 500
614 616 618 621 619 620 623 626 625 622 623 622 623 620 618 616 618 619 621 623 621 623 625 626 628 627 625 622 623 622
709 708 875 878 875 873 866 867 862 868 709 711 712 707 714 736 723 733 732 798 819 821 797 711 735 723 736 880 736 738
169 187 184 186 187 169 186 140 193 196 141 212 210 209 206 204 213 216 218 221 223 225 226 224 225 226 224 226 225 226
424 451 450 453 454 450 426 423 426 425 422 487 488 458 461 466 464 438 443 434 433 446 449 456 489 335 387 393 356 361
25 26 27 28 29 31 33 305 307 305 302 300 299 298 300 302 304 302 300 298 297 295 293 290 293 296 297 298 300 298
200 212 144 142 215 135 132 134 132 131 130 132 130 128 130 131 128 130 131 128 126 127 126 125 128 126 124 126 127 130
370 374 370 369 372 369 376 369 368 380 378 379 411 333 336 383 384 389 334 331 335 386 329 332 329 482 425 428 426 450
545 546 545 546 548 549 550 551 550 552 551 552 551 549 547 548 549 548 551 548 550 548 550 551 548 551 552 550 549 547
142 139 186 166 191 188 189 190 187 190 193 197 194 200 211 206 209 203 202 210 145 144 142 139 137 140 216 137 190 166
538 539 541 540 538 540 539 538 537 539 541 543 542 540 539 538 540 541 542 540 539 538 537 538 536 535 536 535 537 535
220 219 221 223 221 223 220 218 216 139 183 169 162 161 165 168 187 185 192 168 166 162 185 168 170 185 171 173 175 173
471 486 332 333 330 333 330 327 331 325 331 328 329 423 482 483 425 453 423 481 480 477 436 472 487 337 383 357 353 349
62 64 63 61 60 59 61 63 64 63 65 66 64 63 64 66 65 63 65 66 68 70 69 71 73 71 72 70 72 74
627 628 630 632 633 635 632 633 632 631 629 631 629 626 628 630 629 628 629 627 629 626 628 626 628 626 624 621 622 621
250 249 248 250 249 248 247 245 243 242 241 240 241 240 238 240 239 238 236 238 239 241 242 240 241 242 244 246 244 246
833 857 824 827 880 734 794 711 714 716 718 737 882 861 862 868 875 865 870 874 876 873 874 869 874 876 875 862 861 883
825 830 829 828 856 826 821 827 767 769 767 832 831 826 831 828 825 827 831 857 828 831 855 834 767 832 855 831 828 825
444 443 445 447 456 421 420 469 415 466 415 465 463 469 467 469 473 330 483 485 330 334 412 380 339 341 377 372 376 368
710 796 733 724 725 731 725 735 714 736 882 834 766 767 827 831 826 856 858 833 769 830 832 856 857 827 880 855 856 881
6 5 7 8 7 6 4 6 4 6 5 4 3 1 2 1 2 3 2 3 5 3 5 3 4 3 4 6 8 9
690 688 690 692 694 696 698 699 698 699 697 696 697 695 697 695 693 691 690 691 689 688 687 686 687 685 684 683 685 683
620 622 623 625 628 631 629 626 629 631 629 628 630 627 630 629 628 631 633 630 628 625 626 629 627 626 625 627 625 623
780 778 775 772 770 859 861 863 859 863 864 867 864 792 736 735 799 802 799 797 711 708 712 709 714 868 714 710 877 876
86 84 85 83 82 84 85 87 85 87 86 84 83 82 84 85 87 86 85 83 81 83 84 82 83 82 84 85 86 88
60 61 60 59 60 62 61 59 58 60 58 60 61 63 65 66 64 63 62 64 66 65 66 68 67 68 67 66 67 65
871 875 710 878 821 879 855 828 856 831 855 857 855 860 855 834 835 766 764 761 809 759 756 755 753 758 751 750 720 747
431 435 437 434 446 443 465 487 488 418 461 442 438 432 434 432 477 436 468 463 417 460 459 444 442 465 418 420 422 482
308 32 31 30 28 30 31 32 30 32 31 29 31 33 34 36 34 305 303 300 301 303 35 303 35 34 303 34 306 33
391 388 360 383 385 420 487 465 415 416 458 418 444 443 460 417 419 417 466 419 459 462 461 418 443 434 429 448 454 386
87 89 88 86 85 83 85 87 85 83 85 87 88 89 87 89 87 88 90 89 90 89 88 89 88 90 89 91 90 88
287 289 286 289 291 289 287 289 292 291 293 292 295 294 291 293 295 292 294 296 295 292 289 287 289 286 284 282 283 281
5 4 2 3 2 3 5 3 4 6 5 6 4 5 6 4 2 0 2 1 2 1 0 1 3 1 0 2 1 3
2 1 3 5 6 4 3 5 6 5 3 5 6 8 7 5 3 4 5 3 2 0 1 3 4 3 2 1 2 0
398 395 399 407 393 395 391 360 386 387 390 396 400 344 341 405 344 347 348 345 342 404 405 400 343 377 375 369 376 343
13 11 12 13 10 8 9 10 11 10 9 7 5 3 1 3 2 1 3 4 5 3 5 3 5 6 8 7 8 7
455 422 421 473 469 464 465 415 469 418 462 467 472 485 487 337 381 380 383 362 389 391 356 360 388 392 383 390 326 324
554 553 556 555 558 556 557 556 557 555 553 551 549 552 553 554 553 556 553 551 548 549 551 552 551 549 552 550 552 549
475 329 483 423 426 478 477 436 431 446 419 490 458 444 417 462 465 488 491 490 415 418 466 471 466 419 422 387 327 485
638 636 638 636 638 636 634 637 639 640 642 644 643 642 643 645 643 644 646 645 647 648 650 652 651 649 648 649 650 648
691 693 692 690 691 689 691 690 692 690 688 686 685 687 688 687 686 684 685 687 685 687 685 686 685 683 682 684 682 683
349 365 349 353 349 347 377 378 408 380 364 362 353 364 365 362 365 353 348 351 356 355 353 348 351 349 364 337 382 384
426 450 448 447 450 427 477 423 474 473 485 422 484 422 454 447 450 455 422 486 423 422 386 421 386 421 455 424 429 426
262 260 262 263 264 262 260 262 260 259 258 259 261 263 264 262 260 259 257 256 257 255 253 254 252 253 254 255 256 254
36 35 36 38 40 41 38 41 43 41 39 38 37 36 35 302 35 36 34 32 308 311 308 306 309 307 304 36 304 303
549 550 551 548 551 550 552 551 550 551 549 550 549 548 547 549 548 549 552 551 552 551 553 551 552 549 550 549 550 548
75 73 75 77 79 78 80 81 82 84 86 88 89 87 88 90 92 93 94 95 96 98 97 96 95 97 96 98 97 95
607 606 603 604 605 607 606 605 606 603 606 604 605 603 601 599 601 603 604 602 600 601 599 598 596 595 596 595 593 591
748 749 837 763 840 753 840 843 848 849 885 785 780 774 772 777 775 768 853 834 766 836 767 833 826 831 833 767 853 885
358 392 390 394 393 396 395 399 396 340 342 375 378 341 380 367 343 401 399 398 395 394 397 407 405 403 402 348 347 344
445 446 448 450 430 428 450 429 434 435 439 442 440 439 440 461 459 463 440 467 466 417 444 443 438 433 448 449 455 419
45 47 49 47 45 44 46 45 43 41 39 38 37 40 42 43 44 43 45 43 45 47 46 47 48 47 48 50 49 48
746 745 747 750 760 808 805 808 724 734 735 737 717 716 712 714 868 874 709 873 709 711 797 880 793 735 798 801 798 801
242 240 242 240 239 238 236 235 237 238 237 238 239 237 238 240 239 241 240 241 240 238 239 237 238 240 242 241 243 241
716 717 715 717 794 735 794 795 722 721 746 745 742 787 790 884 851 839 842 843 845 839 849 748 886 786 885 786 886 788
108 110 108 106 107 109 110 113 110 112 113 111 113 111 110 112 110 112 114 113 110 108 107 106 105 107 105 103 102 100
148 150 149 148 150 148 146 149 151 156 159 167 164 166 192 137 186 188 186 166 168 186 193 165 162 191 194 199 195 184
540 538 539 540 541 542 541 543 541 542 541 543 542 543 542 543 545 547 549 551 549 552 551 552 554 552 550 552 549 551
853 836 767 834 764 833 767 835 836 850 789 887 782 886 850 884 782 780 783 789 787 783 885 883 793 719 721 758 756 758
61 62 63 61 59 58 57 58 56 54 53 55 57 59 60 58 57 55 56 57 59 58 56 57 56 57 58 59 58 60
870 868 865 864 869 867 872 709 874 710 877 709 868 869 872 868 739 741 745 741 883 852 835 834 766 727 766 767 833 854
486 483 479 481 479 427 429 477 484 421 454 448 451 454 484 475 471 440 437 472 469 418 466 469 485 483 480 481 479 425
747 748 744 748 750 758 757 751 753 752 754 757 752 755 754 843 753 841 752 754 755 754 752 761 762 765 728 815 814 817
410 393 389 335 338 413 411 412 414 489 457 465 419 422 386 421 473 421 433 431 429 430 448 454 424 453 451 449 448 455
97 99 100 102 104 103 105 104 103 101 99 100 98 96 94 93 92 94 93 95 94 93 91 92 94 95 94 95 97 98
281 279 277 275 274 275 276 273 276 277 276 275 274 272 270 267 269 266 268 269 271 270 271 270 272 273 274 275 276 278
753 754 755 751 750 749 744 742 791 742 741 746 749 759 747 746 793 794 711 796 735 720 717 794 737 882 792 883 880 883
48 49 50 49 47 48 46 45 46 45 46 44 46 48 47 46 44 46 47 49 47 48 50 48 49 51 52 50 52 50
128 129 132 133 131 133 131 133 131 128 131 132 134 133 136 193 136 190 137 191 185 183 142 158 157 161 162 199 196 140
803 806 804 803 805 802 801 799 734 796 880 827 824 830 769 770 832 829 831 827 770 832 835 833 835 767 764 725 733 800
560 561 559 557 558 555 556 554 552 553 554 556 557 559 560 559 560 558 556 557 559 557 560 557 559 558 559 560 558 556
210 207 206 210 144 147 146 180 144 146 149 153 150 148 151 154 152 154 152 157 152 153 150 149 148 151 180 176 174 179
700 699 696 694 693 692 694 696 695 694 695 697 699 698 696 695 696 694 692 691 693 695 696 695 693 694 693 692 690 688
777 778 883 885 788 886 887 888 786 782 778 772 860 856 861 857 859 863 860 862 859 860 856 827 768 767 764 725 733 724
642 644 647 645 647 646 648 647 646 644 642 641 640 642 643 644 645 644 645 648 645 644 642 640 637 638 640 642 643 642
468 466 418 457 491 457 488 417 464 463 462 467 469 488 491 457 444 445 444 459 443 439 467 466 416 462 458 456 458 418
448 453 428 425 453 452 426 423 428 429 430 433 446 456 457 489 488 466 464 465 467 440 461 440 468 441 438 434 431 437
392 408 409 408 407 339 366 379 380 381 408 410 389 338 383 389 334 332 410 334 413 411 379 382 380 340 410 412 335 411
493 491 416 462 463 462 415 414 489 458 459 445 457 444 443 417 459 461 462 461 444 443 434 439 438 436 437 441 462 441
478 426 428 477 479 483 479 482 329 473 330 484 422 424 423 455 424 425 426 478 425 454 448 447 445 442 441 440 465 417
776 782 787 784 785 782 784 888 786 790 789 788 787 790 746 721 795 854 795 738 795 856 834 853 855 879 881 792 736 795
580 582 584 585 583 582 580 581 580 579 577 579 582 584 583 584 585 587 585 587 585 587 589 591 593 592 590 589 590 591
365 337 335 338 386 423 452 451 452 448 424 479 478 433 421 455 433 477 478 429 433 432 434 438 441 467 469 466 459 443
68 69 70 68 69 68 66 68 66 65 66 64 66 68 69 67 66 65 66 68 70 69 71 69 67 66 65 66 67 69
778 773 776 781 780 779 782 778 779 781 887 850 789 746 791 742 792 739 882 794 740 794 865 881 738 736 796 881 795 796
386 420 488 421 420 336 337 340 396 401 399 400 342 376 375 370 369 377 367 380 382 388 391 356 354 356 396 393 390 337
324 325 330 327 391 393 407 393 392 383 387 336 383 336 383 364 383 385 361 363 381 340 342 375 370 377 369 371 374 176
180 173 174 180 146 207 204 207 211 214 212 143 210 205 206 207 145 211 212 203 199 212 144 179 178 175 177 175 143 183
320 323 320 318 317 315 317 318 316 317 319 320 323 322 324 325 321 319 320 322 320 322 323 321 320 319 322 321 325 322
373 375 377 346 347 402 404 342 401 406 340 342 341 407 406 404 405 402 343 347 378 375 341 375 372 370 374 377 343 367
369 367 343 344 403 342 408 342 376 377 367 365 363 336 390 360 357 362 384 336 335 339 382 365 380 379 347 404 376 375
408 378 366 364 362 353 364 349 348 345 372 376 374 376 368 367 377 347 402 399 395 391 386 392 388 359 362 365 380 410
795 734 735 820 731 723 761 762 750 745 744 742 738 721 758 760 758 723 762 838 748 752 755 753 758 761 732 822 878 824
307 304 33 34 32 305 308 305 303 302 300 299 301 300 302 303 302 301 303 35 36 38 41 38 41 39 41 42 40 37
346 377 374 369 375 371 374 373 371 369 370 377 367 380 412 415 416 491 456 489 486 334 326 328 336 333 487 419 418 415
24 23 22 20 18 19 20 18 20 18 19 20 19 16 17 18 16 15 13 14 12 10 11 12 13 12 13 12 11 13
520 518 517 516 514 515 516 515 517 515 513 511 512 511 508 507 508 507 505 502 501 500 503 504 503 500 502 501 498 495
303 302 300 303 305 32 30 31 30 32 305 33 31 30 31 29 27 26 27 28 26 25 26 28 26 25 26 27 26 28
146 211 208 205 208 210 211 200 194 199 194 195 200 201 197 193 199 202 201 200 212 209 207 205 212 204 209 208 210 144
514 515 514 512 514 515 516 518 517 518 520 521 520 519 517 518 519 517 519 517 516 517 516 514 512 511 509 508 506 503
201 199 193 196 195 140 170 140 213 183 158 172 175 172 180 176 177 175 172 142 180 176 177 181 141 215 216 141 142 145
390 392 395 393 394 398 399 396 394 325 331 485 329 485 484 485 422 452 451 428 450 447 448 430 431 428 430 448 421 484
703 701 699 696 695 693 692 690 691 689 691 693 691 692 691 692 690 691 693 695 694 693 692 693 692 694 695 694 692 693
623 624 627 629 627 630 629 631 628 626 623 622 619 617 618 617 618 616 615 613 616 617 619 622 623 620 617 616 617 618
17 19 18 20 18 16 15 16 18 16 19 16 13 15 16 19 20 22 23 25 27 25 24 25 27 25 24 26 24 25
535 534 532 533 535 537 536 535 534 535 537 538 537 539 537 536 538 539 540 538 536 535 536 537 536 534 532 534 535 534
659 660 658 656 655 653 651 653 652 653 654 653 654 652 650 649 650 648 650 649 647 648 650 651 650 648 650 648 649 651
12 14 16 15 14 12 10 12 13 10 9 8 10 13 16 18 16 14 12 13 16 19 21 19 18 17 20 22 20 18
605 607 608 606 604 606 604 603 604 606 607 605 607 609 608 607 605 602 603 604 605 606 607 605 606 603 606 607 609 610
576 577 575 577 579 577 578 580 578 579 581 583 581 582 579 580 581 583 584 583 585 587 588 586 584 583 581 580 578 580
861 859 856 828 856 770 769 768 771 774 775 769 766 765 764 762 723 760 724 721 746 793 739 717 714 709 871 872 871 706
447 445 448 449 430 429 430 446 459 441 462 416 489 420 455 420 447 420 336 328 330 485 469 463 460 463 464 469 472 484
810 807 760 810 811 808 811 808 722 735 721 736 717 720 718 743 745 791 882 737 795 820 734 798 734 724 759 753 758 722
628 630 627 629 627 629 632 630 627 624 621 624 627 630 632 635 632 635 636 633 636 633 631 629 630 633 634 635 634 636
712 710 874 876 873 866 862 858 861 857 860 770 827 880 858 828 826 821 818 821 826 829 827 768 766 764 853 851 849 846
452 453 385 390 326 327 329 472 471 475 472 436 434 436 431 429 430 447 454 386 382 364 349 355 401 400 402 347 367 339
512 513 511 512 514 512 509 512 510 511 509 507 505 504 506 503 501 498 497 499 498 500 502 505 508 511 508 509 506 505
781 777 775 779 781 779 773 772 771 773 779 776 773 778 776 780 781 887 838 835 832 858 881 883 854 834 855 833 764 833
367 345 376 404 376 374 373 370 345 344 403 344 343 341 377 347 349 365 352 347 367 365 364 337 487 469 471 465 457 448
331 473 471 469 486 420 419 468 436 440 461 440 464 438 434 433 421 489 490 417 461 464 462 459 463 416 458 491 418 488
77 79 77 76 78 76 78 80 78 77 75 76 74 76 78 76 77 75 74 75 77 78 77 76 78 80 78 80 82 81
719 793 739 881 738 791 746 720 743 746 750 746 793 794 883 853 768 831 832 829 856 833 834 827 833 832 766 727 730 728
420 422 482 474 470 471 468 419 466 468 441 460 445 443 444 458 490 458 420 486 487 420 419 488 491 494 493 492 495 493
366 365 362 360 358 391 356 358 356 381 383 338 389 390 328 486 385 420 486 386 390 329 331 334 328 391 388 389 391 396
283 285 284 286 288 286 287 289 290 289 286 284 283 281 279 280 281 283 282 283 284 285 284 283 281 280 278 276 277 275
22 24 25 23 25 27 26 24 25 27 25 27 25 26 24 23 22 24 22 20 17 16 13 10 8 10 12 13 11 12
429 433 435 430 424 454 450 452 451 425 423 421 484 478 476 483 425 478 428 426 450 452 426 429 424 422 421 420 386 329
775 770 831 826 829 856 859 858 861 858 881 833 764 726 731 729 730 724 763 840 761 811 817 729 726 733 818 820 795 794
255 254 255 253 252 250 249 250 251 253 251 252 250 251 250 249 248 249 250 251 250 248 250 252 253 255 253 252 251 252
350 354 356 388 382 385 363 360 384 361 356 362 337 339 409 337 383 337 364 380 368 376 374 370 372 375 377 344 347 350
808 723 735 720 745 749 744 741 787 785 887 884 851 853 851 886 786 742 738 714 711 708 706 705 704 703 701 698 700 703
621 622 625 628 629 628 630 629 630 632 634 633 630 627 626 627 625 627 630 627 630 633 632 635 632 631 634 632 635 636
842 840 749 758 746 789 741 788 743 741 742 741 790 851 778 885 851 778 851 887 848 889 849 839 750 838 836 835 853 854
851 838 837 842 844 841 754 755 759 760 758 723 734 721 735 794 881 792 853 837 852 764 837 849 837 851 839 850 836 764
515 517 519 517 515 516 517 516 518 517 519 518 517 519 521 523 522 521 522 521 519 518 517 519 520 518 519 521 522 523
626 627 624 626 629 627 630 628 626 623 620 617 615 618 616 615 614 613 615 613 615 613 615 614 612 614 615 614 615 613
40 37 39 38 36 35 302 300 302 305 35 33 32 305 32 306 33 31 32 305 308 311 312 313 315 316 315 316 318 317
731 723 760 762 750 747 743 742 738 719 722 734 880 877 711 797 879 794 864 792 853 792 864 740 793 736 793 740 743 720
434 429 430 449 455 421 419 456 486 483 480 478 426 451 449 448 455 452 422 425 426 424 478 429 434 435 436 438 440 438
590 591 593 594 592 594 595 597 596 594 595 594 595 597 596 597 595 594 593 595 594 592 594 593 591 592 593 591 592 593
136 188 165 195 201 200 195 184 138 192 136 133 131 132 135 132 135 138 168 160 164 191 162 196 141 183 215 183 186 138
787 791 884 852 886 786 785 779 883 794 855 882 795 739 881 795 714 738 719 743 741 746 743 720 735 799 802 803 801 798
547 546 547 549 552 551 550 549 547 548 550 552 549 547 549 552 553 556 558 560 559 556 559 560 557 558 557 556 555 554
701 698 701 704 707 714 793 737 881 793 881 738 794 714 737 714 736 881 795 881 858 833 769 827 828 856 795 880 827 767
363 385 486 334 413 338 365 381 356 389 383 387 385 420 458 490 489 488 458 488 416 413 488 413 489 486 488 419 417 419
636 638 640 637 636 633 634 637 634 632 634 636 637 640 638 636 637 635 634 632 631 633 630 631 634 637 639 640 638 636
381 339 407 404 342 379 341 404 405 406 341 344 378 368 369 370 376 372 375 373 370 368 366 379 365 367 348 349 364 349
96 97 99 98 96 97 98 99 98 96 97 95 97 99 98 97 96 94 95 93 95 94 95 96 94 95 94 96 97 99
645 644 645 644 643 644 645 648 647 648 645 646 648 645 644 647 645 646 648 649 650 651 653 655 657 656 657 658 660 661
81 80 78 77 75 76 78 77 78 80 81 83 81 83 81 80 78 79 80 81 82 80 78 77 75 73 74 75 73 71
524 526 524 523 525 527 529 528 530 528 526 525 527 529 527 525 527 525 527 526 527 528 527 526 528 529 528 529 530 532
698 696 694 693 695 694 696 698 700 701 703 705 704 705 704 702 705 706 872 867 864 881 793 739 738 736 880 854 824 820
419 418 445 444 417 460 462 461 459 441 467 439 438 435 438 442 464 438 433 430 424 428 425 428 433 435 439 468 441 460
345 344 343 403 402 345 377 345 403 346 347 344 406 400 396 393 387 383 365 379 343 367 339 378 345 368 376 368 343 369
216 139 192 190 189 191 188 190 194 192 195 189 187 167 192 139 183 171 185 140 215 183 170 172 174 173 151 180 146 150
649 648 645 643 644 642 643 642 641 642 644 643 642 644 642 643 644 645 648 645 647 648 646 647 649 647 644 642 641 640
711 798 801 799 734 794 740 737 792 852 837 840 839 837 839 852 835 837 840 837 853 835 763 727 725 734 761 758 756 758
427 424 422 485 329 332 486 419 490 416 488 337 363 364 380 368 377 343 400 342 401 404 402 345 342 407 397 391 392 360
885 749 884 854 768 771 774 776 782 885 745 749 747 759 760 809 761 725 817 730 725 820 731 723 726 816 732 815 730 814
98 99 97 96 98 99 98 100 98 99 97 95 93 94 95 93 92 90 91 90 92 90 89 88 87 85 87 86 85 83
263 262 264 266 268 266 268 267 266 269 267 268 266 267 270 269 271 270 273 274 275 277 278 277 279 277 278 280 279 281
884 741 792 881 794 740 864 794 738 795 733 735 719 717 712 716 737 881 739 719 736 794 796 879 875 873 867 739 741 790
246 244 243 245 244 246 247 248 246 247 249 248 247 245 244 246 247 246 245 243 245 244 242 241 240 242 241 240 241 239
814 729 816 811 724 721 738 794 738 746 886 850 888 784 778 773 777 781 886 838 751 750 748 753 752 759 753 751 747 751
92 93 92 90 89 87 88 86 88 86 84 86 87 88 87 85 84 82 80 81 83 84 86 88 89 87 89 88 90 92
505 506 503 502 501 503 501 498 497 494 492 418 420 336 381 389 328 330 483 424 482 424 485 483 477 436 472 436 435 439
581 579 582 585 587 589 591 589 591 593 591 592 590 592 593 594 596 598 596 598 600 602 605 603 605 606 608 610 612 614
771 770 773 774 769 830 826 829 831 830 769 771 772 774 769 830 831 857 881 795 736 798 819 796 735 725 762 724 731 762
72 71 72 74 75 77 79 80 81 82 84 82 83 84 82 80 81 80 81 82 84 85 83 84 85 83 84 83 85 86
736 734 820 733 795 734 761 731 816 818 816 813 812 816 729 816 811 817 725 760 810 808 810 808 723 735 711 713 716 710
78 80 78 77 78 77 79 81 79 77 76 75 76 74 73 71 69 71 69 68 66 65 66 68 67 66 65 63 62 64
144 211 213 141 216 140 139 142 178 142 214 213 183 171 155 161 199 197 202 197 194 193 137 138 216 140 196 192 193 191
652 650 651 652 653 655 657 659 660 661 660 659 660 658 660 661 660 661 662 661 660 659 660 658 656 658 659 658 656 658
494 495 494 492 491 492 418 420 386 420 489 416 459 437 434 429 432 435 438 439 442 440 441 468 441 460 418 421 424 483
854 881 794 864 866 865 861 883 740 793 735 796 714 712 714 718 719 743 745 848 839 751 747 750 745 747 751 748 848 889
849 748 743 721 738 736 721 719 793 881 795 879 856 882 834 763 726 816 811 813 812 731 817 811 808 810 807 760 723 721
84 82 80 78 79 80 79 81 83 82 80 78 79 78 80 81 83 81 80 79 78 80 81 80 78 76 74 76 77 78
122 121 119 118 121 122 120 123 124 123 126 125 122 125 122 121 119 120 122 123 120 123 120 122 124 126 128 130 132 129
187 169 162 195 192 197 199 210 145 151 172 180 173 183 141 183 140 138 137 219 221 223 224 221 219 220 222 220 217 215
404 401 343 375 342 401 398 406 396 401 405 403 400 396 397 395 389 394 323 394 393 392 393 390 396 408 379 365 353 349
553 556 553 552 551 553 554 555 558 560 562 561 559 558 559 557 559 557 556 559 557 558 557 555 558 555 553 551 550 552
782 741 792 741 884 835 833 768 827 856 860 881 792 743 746 720 795 879 710 872 708 713 871 713 707 872 709 708 871 713
76 74 76 77 79 78 79 80 81 82 84 85 87 89 91 89 90 92 91 89 88 90 92 91 92 94 92 94 93 91
243 242 240 239 237 238 237 239 238 239 241 240 241 242 244 246 247 248 246 247 246 244 243 244 246 245 244 243 241 240
310 308 309 307 310 312 315 312 309 308 310 312 314 312 315 314 313 312 309 306 309 306 307 308 32 33 306 34 35 302
329 390 359 356 354 352 349 379 380 410 340 410 390 386 336 412 414 490 418 459 468 441 464 463 464 466 418 456 420 419
430 424 453 385 335 389 336 487 415 416 419 491 488 416 491 417 460 442 437 442 445 456 454 451 450 452 423 484 476 481
351 353 358 359 355 396 397 393 387 334 337 335 411 336 385 486 475 473 476 477 423 486 456 445 459 445 418 488 335 336
589 588 587 585 586 585 584 582 581 582 584 583 582 579 581 579 577 578 579 577 575 574 573 571 569 568 570 572 573 571
774 778 884 836 763 766 837 850 885 792 741 791 745 720 719 737 721 722 758 753 749 850 790 885 781 785 780 776 860 775
847 846 888 850 839 752 755 758 759 809 760 751 750 850 836 884 854 832 835 763 766 834 836 884 750 748 839 848 838 842
73 72 73 72 73 71 70 71 72 71 69 70 68 69 68 70 72 70 71 73 71 69 67 68 67 68 70 71 72 73
469 473 468 464 438 464 437 441 440 468 473 421 418 460 459 441 467 462 464 441 459 468 465 464 438 441 439 441 460 462
665 664 663 665 666 668 669 670 668 666 664 662 664 665 664 663 664 663 664 662 663 661 662 661 662 661 662 660 661 662
507 506 503 501 504 501 499 500 498 499 497 499 498 500 497 499 502 501 500 502 499 497 498 495 496 498 495 496 497 496
181 145 144 209 146 151 182 140 195 199 198 193 199 142 139 140 185 188 137 217 135 189 135 218 216 138 187 166 195 201
571 573 574 575 574 573 574 572 570 572 574 576 578 577 578 579 582 579 577 576 575 576 575 576 575 574 572 570 568 570
124 123 121 122 124 123 124 125 123 126 123 126 127 126 124 122 125 127 129 131 133 132 131 133 132 131 130 132 135 215
164 161 199 214 142 180 151 155 151 154 206 144 178 181 212 211 203 205 208 211 204 211 200 197 202 197 194 165 195 189
237 236 235 233 231 232 230 229 230 229 227 229 227 229 228 229 228 226 227 224 223 221 224 226 228 227 224 222 223 221
438 442 444 442 439 437 469 486 332 486 336 334 329 485 329 422 487 469 487 420 457 421 433 477 432 437 435 430 447 455
794 738 739 793 714 793 736 796 736 722 737 720 738 882 736 881 882 834 727 728 816 732 818 819 824 823 820 732 797 879
143 182 154 159 154 150 154 146 149 148 150 151 145 142 215 141 171 159 169 168 166 187 166 189 195 196 214 143 142 143
595 597 596 598 599 601 599 600 599 601 602 600 599 601 600 602 603 601 600 598 596 594 595 597 596 595 594 592 593 591
579 581 579 580 582 584 582 584 586 587 589 591 590 591 590 589 587 589 588 587 585 583 582 584 582 585 583 582 584 583
8 9 8 7 6 8 6 8 7 5 4 3 1 3 4 3 4 6 8 10 12 13 16 13 11 12 13 10 13 14
389 410 335 337 410 339 393 395 397 399 407 342 340 337 336 390 336 488 420 419 457 417 465 442 440 467 462 416 418 462
372 376 342 400 342 404 407 393 396 356 358 391 397 391 360 359 358 359 358 356 389 328 333 328 336 389 390 385 383 360
819 821 822 826 821 822 819 731 732 726 730 724 820 817 815 730 731 726 763 726 815 730 728 730 815 727 729 816 812 816
820 818 730 726 724 725 854 793 854 853 885 851 884 882 736 792 794 719 721 736 792 884 749 750 757 759 723 736 719 739
439 443 442 464 465 418 456 454 451 426 427 428 479 483 472 329 333 331 474 470 469 418 416 419 455 422 487 418 446 418
786 789 885 887 846 887 885 888 781 884 791 886 745 747 742 738 881 860 864 860 859 861 862 861 881 736 723 759 756 755
602 601 599 597 598 600 601 599 600 602 601 599 597 595 593 591 593 591 592 590 592 593 595 596 594 595 596 594 593 591
474 482 484 475 483 424 479 477 474 473 470 469 473 329 482 474 471 475 476 424 452 426 452 423 424 453 426 428 451 453
193 215 140 143 212 196 194 162 199 196 165 168 186 189 194 196 193 198 193 198 193 196 192 191 137 134 131 129 130 127
600 601 603 604 606 608 606 603 602 601 599 597 599 601 602 601 602 600 602 605 603 602 605 604 602 605 602 604 605 604
265 267 269 270 268 270 271 270 268 269 271 273 276 273 274 273 276 273 275 277 278 276 274 272 273 276 274 276 278 279
513 515 514 513 511 510 508 510 513 514 512 513 514 512 511 512 511 508 506 504 505 508 509 507 509 510 513 510 513 510
650 649 648 647 649 648 646 647 649 651 652 653 652 650 651 649 648 647 644 642 641 643 641 642 643 645 648 645 646 645
437 472 485 421 423 428 453 428 433 457 465 467 439 437 443 459 444 458 460 418 487 337 364 381 367 352 365 349 352 357
707 716 711 797 735 820 797 795 719 735 720 744 748 839 852 884 854 836 839 840 838 835 852 855 824 834 766 764 854 853
111 113 112 111 113 115 117 116 118 121 119 120 121 118 115 117 115 117 120 117 119 118 117 116 114 116 114 116 119 118
527 529 531 532 530 532 531 530 532 530 531 532 533 532 531 530 529 530 529 530 529 527 529 527 529 531 529 530 532 533
798 732 725 734 795 714 707 711 795 739 864 861 865 881 853 766 853 855 882 854 767 834 832 835 766 837 765 763 766 853
449 429 448 455 419 468 467 472 475 482 478 429 428 479 424 448 453 425 451 426 453 428 431 436 433 434 433 437 446 445
279 278 279 278 280 282 280 278 279 278 276 277 275 274 273 276 275 273 274 276 277 276 274 272 271 273 270 272 270 269
730 822 827 831 855 882 833 857 862 864 865 863 864 861 866 863 866 865 868 873 866 864 860 864 740 743 720 793 740 793
89 88 90 91 92 94 96 98 99 97 98 96 97 96 95 97 99 101 103 102 100 101 100 101 102 100 101 102 100 101
402 343 376 344 342 405 402 348 349 365 366 382 365 379 343 375 372 369 346 351 401 404 406 403 344 347 343 400 405 397
241 239 238 239 241 242 241 240 238 239 238 239 240 241 239 240 239 237 239 241 239 237 236 238 240 238 239 241 239 237
597 595 596 594 592 594 592 593 594 595 597 598 600 598 599 598 596 595 597 595 597 598 596 594 596 597 598 599 597 598
256 254 255 256 257 259 260 262 264 262 260 261 263 261 260 262 261 262 263 262 264 262 263 262 261 262 260 262 261 263
462 467 471 470 487 418 443 444 441 462 459 457 443 417 419 491 494 492 495 492 494 495 498 495 493 495 493 492 491 494
481 476 424 425 481 484 422 420 418 456 488 491 458 459 416 414 412 413 333 411 339 410 336 486 336 337 362 365 380 378
773 771 773 779 860 864 861 856 821 818 820 724 733 725 735 799 802 803 804 807 808 724 798 733 820 798 819 821 877 796
99 100 98 99 98 97 96 98 100 101 103 104 106 105 107 105 104 103 101 100 101 99 101 100 98 96 95 97 96 98
726 816 818 731 723 758 760 811 760 722 723 735 799 798 733 799 735 719 716 707 711 712 706 708 710 711 710 871 875 865
277 278 280 282 281 283 285 284 286 288 287 285 286 284 283 282 281 283 284 282 283 282 283 282 284 282 284 286 289 288
643 641 642 644 646 647 648 646 647 649 651 649 650 652 651 652 653 651 649 647 649 648 645 646 648 645 643 641 642 644
53 52 51 50 51 49 48 49 51 50 52 53 55 56 57 58 57 55 56 55 56 57 55 54 52 54 53 51 49 50
737 717 737 720 744 745 742 786 782 781 779 773 779 860 862 868 862 864 867 739 793 792 737 714 738 882 853 852 851 883
616 618 615 613 612 611 612 610 609 608 609 607 605 604 605 607 608 609 611 613 614 617 616 613 610 608 609 608 607 605
333 412 336 388 392 393 391 388 336 385 388 391 359 360 383 389 335 385 390 395 389 382 386 486 386 420 455 447 430 455
613 610 612 610 612 614 615 613 615 614 613 611 610 611 612 614 616 613 610 609 607 608 607 606 603 604 602 605 604 605
608 610 613 611 609 607 606 603 605 607 605 602 600 599 601 603 605 606 607 609 611 610 611 612 614 617 618 621 622 624
606 608 610 608 606 604 603 606 607 606 605 604 605 607 608 607 609 610 609 610 613 612 610 613 611 609 611 610 609 608
845 844 842 844 841 839 851 886 884 883 741 788 886 782 883 884 838 836 884 791 788 742 884 778 776 777 772 769 771 773
172 183 186 170 162 163 184 168 171 168 169 186 185 184 169 166 164 163 168 164 161 199 210 211 204 207 210 202 204 200
678 677 679 680 681 683 685 686 687 685 683 681 679 678 676 678 676 675 677 676 675 673 674 675 677 679 680 682 683 682
561 563 562 563 564 562 561 563 565 564 566 564 566 568 567 568 566 564 562 563 565 564 562 564 563 565 566 567 566 564
190 166 165 198 165 168 167 188 189 187 138 217 220 223 225 224 226 227 228 229 231 229 230 231 230 231 229 227 229 231
284 286 287 285 287 289 287 289 286 284 286 287 286 285 287 285 287 285 284 285 286 287 286 289 286 288 286 289 286 285
705 702 699 697 700 703 701 702 704 705 706 707 709 875 870 874 872 866 864 866 871 865 864 794 738 737 795 737 881 864
763 726 817 811 724 721 736 734 722 795 879 794 720 791 793 714 795 797 820 734 820 798 800 808 800 733 796 733 731 819
69 67 66 68 69 70 71 70 69 68 69 70 71 70 71 73 71 72 73 75 77 78 79 78 79 78 79 80 78 76
674 673 674 673 674 675 674 672 673 674 675 676 675 673 674 673 675 676 677 675 676 678 679 678 679 681 680 682 683 681
135 132 133 132 129 130 132 131 133 134 132 131 129 130 129 132 129 130 133 132 130 129 128 126 123 120 121 124 125 126
378 408 411 339 408 394 398 407 343 348 345 346 348 352 402 352 351 401 396 406 409 389 390 335 414 489 457 419 459 444
797 821 797 879 857 859 862 859 860 858 832 827 854 767 768 770 771 773 776 779 885 790 792 882 835 851 853 856 828 857
872 712 709 714 796 735 820 818 817 814 813 816 729 816 728 726 731 818 732 735 714 739 793 740 739 865 794 882 879 795
91 90 89 88 90 91 93 91 92 91 90 91 89 88 87 89 91 93 95 96 95 94 92 91 89 90 92 93 95 97
516 514 513 511 512 511 513 514 516 518 516 515 516 514 516 518 520 521 522 523 521 519 520 521 520 518 519 520 518 520
176 178 179 177 181 177 179 144 180 173 151 148 147 149 146 148 147 146 145 180 143 141 140 217 140 142 145 178 174 172
785 784 887 790 740 737 713 714 738 718 739 795 736 793 721 736 795 738 737 739 720 792 864 859 863 864 869 873 866 872
26 28 26 27 26 25 24 26 25 24 22 24 25 27 29 30 28 30 29 31 32 31 29 28 29 31 32 305 304 305
840 841 752 841 842 843 754 843 842 838 748 751 747 759 721 734 797 796 880 794 710 708 875 870 869 863 859 863 867 872
239 237 235 233 231 229 230 232 231 232 234 233 234 232 233 232 234 235 234 233 232 233 231 229 228 227 225 227 226 228
830 831 827 770 858 832 854 768 827 833 880 878 877 875 708 710 714 707 871 866 862 875 870 867 739 720 746 789 785 784
119 120 118 121 124 123 125 124 125 123 125 126 125 127 126 127 128 127 126 124 125 123 125 123 124 121 119 116 114 115
189 185 186 195 200 194 192 195 184 142 196 212 210 145 143 210 213 212 204 203 210 205 212 204 200 194 198 193 192 186
511 513 511 513 515 513 515 513 512 511 508 509 512 510 512 513 514 515 517 515 514 512 509 511 513 510 513 511 513 514
867 868 714 716 713 872 867 873 866 872 871 875 869 875 710 876 709 874 877 880 877 879 882 793 717 713 716 707 711 710
16 15 16 13 12 14 13 11 13 12 13 15 13 10 9 7 5 3 1 2 4 3 2 1 3 5 4 5 7 8
477 478 477 479 482 479 476 423 452 448 452 455 454 486 454 420 458 416 461 416 415 419 455 486 468 486 488 418 456 421
757 756 758 755 751 750 753 750 884 882 854 835 763 728 816 730 816 726 765 727 764 726 818 823 880 734 731 728 726 731
875 869 875 862 866 867 739 882 794 719 743 742 739 867 869 863 859 861 882 791 739 793 865 870 868 865 870 874 876 878
54 56 58 57 55 56 58 59 58 57 56 54 52 51 49 47 45 44 43 45 47 46 48 47 48 46 48 50 51 52
883 741 740 791 788 787 742 786 788 742 787 790 789 745 789 888 789 888 789 887 848 745 746 884 742 787 786 788 742 744
286 285 286 284 286 287 288 286 285 287 285 287 286 289 286 289 287 289 287 286 288 289 286 287 289 288 289 287 285 287
376 378 377 379 365 380 368 378 344 369 374 376 404 403 342 406 342 340 397 406 398 405 342 405 398 400 342 403 342 376
653 655 654 656 658 660 659 658 657 656 657 656 658 659 661 662 660 661 662 664 662 663 665 666 667 666 664 663 665 663
294 291 294 291 289 287 286 287 288 290 292 290 292 294 291 293 290 288 289 288 290 288 287 285 283 285 283 284 283 281
531 529 531 533 531 532 531 529 528 527 525 526 524 522 523 525 526 528 526 525 523 521 523 524 522 524 522 523 522 520
188 191 137 139 136 133 131 134 132 129 131 130 133 135 138 215 183 182 183 213 143 145 181 184 185 137 216 141 196 212
563 564 566 568 566 567 565 563 562 561 563 564 565 566 568 569 570 568 566 567 565 567 565 563 561 559 558 560 559 556
380 337 488 335 489 413 334 409 337 365 350 351 346 351 353 357 353 350 356 381 367 349 381 382 385 485 328 485 474 471
132 129 128 125 126 128 131 130 129 128 131 134 131 130 131 132 131 133 131 133 131 133 136 217 220 219 217 139 137 135
385 421 418 416 459 444 443 417 443 442 458 490 491 417 491 494 496 494 493 491 492 491 493 492 418 462 416 488 466 463
634 635 634 633 630 633 634 631 634 635 633 636 633 634 635 637 638 637 639 641 639 641 642 640 642 643 645 643 645 643
70 72 73 74 73 74 76 75 76 75 77 79 81 80 81 82 84 83 84 83 84 82 83 82 84 85 87 88 86 87
273 272 271 269 267 266 265 266 267 268 267 265 266 267 266 267 265 264 262 260 258 260 259 260 262 264 262 263 262 264
364 366 339 409 339 337 381 411 340 341 378 341 376 369 368 369 345 370 345 404 341 377 340 396 405 408 410 332 413 336
523 525 526 527 528 526 528 530 528 526 525 526 525 524 525 523 521 522 521 519 518 517 515 517 516 518 519 520 518 517
500 498 501 500 501 503 505 507 510 511 510 513 515 513 511 509 511 509 506 508 506 509 507 506 504 503 506 503 501 504
660 659 657 658 657 658 657 658 660 661 662 664 665 666 664 663 664 665 663 664 666 665 667 668 666 664 665 667 668 667
43 41 42 44 45 44 46 47 46 48 50 52 53 55 54 52 50 49 50 51 52 50 49 47 46 48 46 45 43 42
10 9 8 9 8 6 4 3 1 0 1 3 1 2 4 3 1 2 0 2 1 0 1 2 0 1 2 0 2 0
562 561 559 556 558 557 559 557 560 558 560 562 563 561 562 561 560 562 561 559 561 563 565 566 567 565 566 564 563 562
301 304 307 305 308 305 32 306 309 311 314 311 312 309 312 313 311 308 306 303 305 35 37 36 38 37 40 38 40 38
839 850 836 854 884 854 883 741 746 884 741 739 714 711 796 878 825 820 795 882 791 790 787 783 784 885 850 838 836 851
232 233 231 229 227 229 228 227 226 224 221 218 216 215 193 192 184 181 172 173 182 175 182 174 180 181 183 143 175 173
240 242 240 242 243 241 240 241 243 242 240 238 237 235 233 234 233 232 230 232 234 232 231 230 229 230 229 230 229 227
260 259 260 258 257 259 258 259 257 256 258 260 258 259 258 260 258 259 260 262 261 263 264 262 260 258 257 256 258 256
490 492 495 494 491 418 420 385 454 421 454 421 457 434 446 434 433 431 436 431 430 448 445 434 430 455 452 454 424 421
844 845 847 886 745 885 781 887 781 783 781 887 786 886 887 786 783 777 781 778 784 887 785 781 783 778 853 852 833 856
258 260 262 260 262 261 260 258 260 259 257 259 260 262 261 260 262 260 262 263 265 266 267 269 268 266 265 266 264 266
314 311 313 312 314 312 313 312 311 308 32 31 32 30 31 29 31 29 27 25 24 22 23 22 21 23 21 19 18 20
295 294 291 289 291 289 288 290 293 290 289 291 293 296 294 293 294 291 292 291 290 291 289 288 290 289 292 289 291 289
335 486 420 419 456 454 456 455 423 424 455 420 488 466 417 458 446 457 419 490 493 490 489 421 473 421 453 428 451 453
361 389 386 387 360 385 362 365 383 335 334 487 421 418 487 466 417 415 417 459 460 443 439 464 460 445 456 418 491 456
598 596 594 595 594 593 592 591 593 591 590 591 589 591 593 595 594 592 591 590 591 589 590 591 590 591 590 592 594 593
749 838 748 752 757 752 753 843 841 838 841 842 837 849 846 844 848 887 786 785 889 888 848 847 844 848 888 885 786 783
357 383 335 332 413 416 488 413 412 409 397 340 381 337 411 410 331 474 483 484 485 487 336 389 336 382 339 340 409 334
484 422 386 486 485 327 334 411 381 362 361 356 392 386 485 483 474 482 479 482 474 330 485 454 447 420 421 489 418 460
550 548 551 553 552 550 551 550 548 547 545 544 545 547 546 548 547 545 547 549 552 553 555 558 555 556 557 558 555 558
234 232 234 232 234 233 235 237 238 240 241 240 241 243 244 243 244 243 244 246 248 247 245 244 242 243 241 240 242 243
356 357 360 389 393 340 341 377 341 339 337 411 379 340 343 347 343 345 344 377 374 371 376 378 408 338 413 416 415 418
433 429 432 435 431 436 477 476 472 485 472 485 328 389 337 384 386 389 334 335 386 423 428 424 476 474 330 328 389 335
826 831 857 856 862 856 821 826 827 830 827 824 879 796 794 796 734 820 797 880 824 819 731 734 794 719 715 710 878 875
881 860 779 776 777 772 773 770 774 779 785 782 776 775 769 767 769 773 779 784 887 790 850 789 745 747 750 838 837 762
19 18 17 16 13 14 15 17 18 16 17 16 18 16 14 13 16 13 10 13 11 12 10 9 11 12 10 13 10 9
609 611 609 607 608 609 610 611 612 613 614 615 618 616 617 615 614 612 611 610 611 613 611 612 611 613 614 612 611 609
762 726 765 762 765 834 852 835 854 835 883 794 740 739 736 734 880 795 721 795 721 743 792 795 798 819 818 732 817 816
297 299 300 303 306 303 301 300 303 304 307 306 307 303 301 300 302 303 34 35 303 306 304 306 305 34 33 32 30 31
723 721 758 722 798 722 758 721 746 751 759 721 746 792 852 836 766 767 836 834 832 834 763 762 731 733 818 732 797 711
340 407 396 400 407 400 402 352 355 351 402 401 403 342 403 342 406 344 376 342 343 367 348 353 349 350 347 351 353 356
130 131 133 135 189 139 170 185 188 168 185 171 172 180 172 182 154 159 170 173 151 150 154 182 174 181 182 143 140 170
641 643 642 640 642 641 639 638 637 636 638 640 642 644 643 645 648 649 650 648 645 644 647 645 648 646 644 646 644 643
529 527 529 527 525 526 527 526 527 525 523 524 522 524 522 523 522 523 522 520 521 519 518 517 516 518 520 518 516 518
582 580 581 583 581 583 581 580 581 579 582 583 585 582 580 581 582 584 583 585 587 588 589 588 587 585 586 585 587 586
860 863 861 864 739 868 867 739 792 782 791 882 794 795 794 861 860 881 858 856 861 858 831 855 856 827 824 826 830 833
170 186 169 171 168 163 166 195 197 196 140 183 168 162 169 159 156 152 157 161 165 161 160 161 164 162 185 191 164 159
473 469 470 466 469 486 468 467 469 468 470 472 440 442 464 462 460 461 442 437 432 435 431 429 424 485 486 423 476 423
235 233 235 236 235 234 236 237 236 237 239 241 243 242 244 243 242 241 242 241 240 238 237 239 237 236 235 236 235 234
518 520 522 520 518 520 519 521 520 518 516 514 516 517 518 516 515 514 512 509 510 507 510 511 512 509 512 514 515 516
732 822 828 827 770 830 769 831 827 856 859 861 881 793 741 740 739 717 739 740 738 736 721 743 721 738 793 854 764 836
828 857 881 796 877 879 797 878 797 732 762 839 752 748 750 721 737 796 799 819 731 733 723 758 755 758 746 885 838 885
37 36 35 305 33 34 306 307 309 308 309 310 308 306 309 310 309 308 310 308 32 33 34 303 307 310 309 306 307 310
185 168 163 170 182 155 152 172 158 170 182 171 172 141 216 139 185 186 191 167 184 183 216 218 220 222 223 224 225 223
624 627 625 623 626 628 629 631 628 625 627 624 627 630 632 634 631 634 635 633 630 628 630 628 626 624 622 620 617 616
247 245 247 246 245 243 242 241 239 238 237 238 240 242 240 241 242 241 243 241 243 242 243 241 242 244 242 240 239 237
63 65 66 68 69 68 66 65 64 63 65 67 65 64 63 62 63 64 66 68 69 70 72 73 74 76 75 76 77 78
38 40 41 38 36 304 34 304 36 38 39 38 39 37 40 41 43 44 45 46 45 47 46 48 50 49 50 51 50 49
203 210 207 149 150 152 154 160 161 195 166 164 166 168 183 181 146 145 154 160 157 158 172 180 143 140 186 189 192 138
309 308 310 311 310 313 315 316 314 316 314 311 309 311 314 316 317 319 318 316 315 312 314 316 315 316 317 316 318 319
859 862 865 875 865 794 740 738 743 748 749 884 746 789 744 741 744 743 720 722 796 819 822 827 830 769 771 772 775 781
728 764 761 723 760 762 723 735 798 723 760 809 808 800 802 804 806 803 805 807 809 812 731 818 819 731 762 763 761 811
644 647 648 645 647 646 647 648 645 643 641 642 644 647 645 648 647 645 644 646 645 643 645 643 645 648 650 648 645 643
112 111 114 111 113 115 113 115 116 119 121 122 124 125 123 122 124 125 126 125 126 124 126 124 126 124 127 126 127 130
184 142 144 182 154 206 203 204 213 197 199 205 208 211 210 205 202 197 201 195 193 140 192 137 216 183 215 142 145 154
681 682 680 678 680 682 681 679 681 679 678 677 675 673 671 672 673 674 673 675 676 678 677 678 677 676 678 680 678 680
632 634 631 628 626 629 626 629 631 633 634 635 633 636 638 640 638 639 637 640 639 641 639 640 637 634 631 630 629 630
697 698 700 701 704 701 704 702 701 700 703 701 698 700 701 704 703 706 713 709 868 870 867 869 871 869 862 865 862 866
544 542 543 544 542 544 543 542 544 546 544 545 547 546 548 551 548 550 549 551 548 550 548 546 548 550 552 551 553 556
886 789 886 884 850 838 886 788 741 788 742 786 789 887 848 887 886 889 847 849 837 842 845 848 844 842 837 763 840 751
113 116 117 114 113 112 110 113 111 113 110 111 114 117 119 121 120 117 116 114 112 111 113 112 113 115 118 120 119 116
126 123 122 124 122 120 117 119 121 118 117 119 117 118 121 120 121 118 115 116 113 115 117 114 115 118 120 122 120 117
565 567 565 563 565 564 563 562 563 561 562 561 560 561 563 561 563 562 563 562 561 559 561 562 563 565 564 563 564 563
186 169 162 196 201 198 201 202 197 201 198 203 210 203 206 205 212 210 203 200 196 199 193 137 215 216 140 183 139 188
832 766 763 761 752 756 752 757 754 751 756 755 759 751 755 756 755 754 757 754 752 841 837 749 751 752 751 752 753 840
198 197 200 199 198 203 200 196 212 205 144 182 174 172 152 150 152 149 152 149 150 152 150 148 147 154 182 145 147 144
525 526 524 522 523 524 525 526 527 525 524 522 521 522 524 526 528 526 528 526 527 528 529 528 527 526 528 526 528 526
168 186 139 218 221 223 224 223 225 224 226 228 229 230 228 227 226 224 225 223 224 225 227 226 224 227 224 223 225 227
388 389 394 409 410 337 382 363 382 385 335 328 327 326 330 484 475 482 480 475 484 454 484 485 484 422 482 483 486 473
254 256 254 256 258 256 257 259 261 259 260 262 261 263 261 263 262 261 262 264 262 263 262 260 258 259 260 258 257 259
296 293 294 295 297 299 301 302 35 304 301 299 300 298 300 303 34 304 35 304 36 302 303 304 305 304 35 34 305 32
137 139 142 215 196 197 202 197 213 196 192 139 186 192 136 134 137 140 185 191 185 187 168 188 193 165 188 139 136 192
413 414 413 488 421 472 421 420 421 488 457 433 457 434 429 424 483 479 427 477 482 485 423 452 424 428 430 433 430 455
229 227 224 226 224 222 219 137 136 216 137 216 184 187 191 195 161 163 191 196 215 139 184 168 187 166 164 163 160 155
783 779 860 858 833 775 774 771 774 776 775 768 827 830 827 832 834 763 834 853 767 834 856 862 859 862 875 862 875 877
822 828 827 828 770 858 857 881 793 743 790 743 745 749 752 756 755 756 755 759 752 755 753 751 749 746 741 782 790 786
82 81 79 78 76 78 80 79 80 82 81 82 81 79 77 75 73 71 70 72 70 68 67 68 67 66 64 66 68 69
231 229 230 228 227 229 227 228 227 226 225 227 228 229 231 233 231 232 231 229 230 232 234 236 237 235 236 237 235 236
766 767 765 728 764 727 834 764 765 762 761 722 725 726 823 878 825 821 827 857 860 858 856 795 737 715 714 717 736 880
866 867 870 871 865 863 864 881 738 720 747 751 760 723 759 750 758 747 748 751 838 842 844 839 750 850 748 838 843 839
222 223 225 226 228 226 227 226 225 227 228 230 229 227 224 221 219 216 183 184 186 183 143 179 180 176 174 179 177 176
551 549 547 545 544 542 541 539 540 539 537 535 536 534 533 531 529 528 530 532 530 531 532 534 533 535 534 532 531 533
191 188 167 168 167 192 190 188 189 137 217 215 138 184 168 191 162 168 170 172 152 153 156 159 156 155 170 183 140 183
793 714 711 713 708 871 867 863 869 867 868 875 710 712 713 706 705 706 709 712 706 704 702 700 698 697 696 694 692 693
761 811 813 816 731 817 816 815 727 816 815 732 818 822 819 820 825 822 825 830 768 766 836 840 752 748 848 886 788 885
57 59 57 56 58 60 61 62 61 59 61 60 58 56 58 60 59 58 57 56 57 56 58 60 61 59 57 58 57 55
336 338 390 409 406 405 396 356 393 391 388 360 389 390 326 328 474 471 468 436 468 441 465 443 441 460 464 468 436 435
149 150 153 156 152 157 154 157 160 163 166 192 168 162 165 162 164 167 168 186 168 159 154 182 155 160 159 158 184 158
214 200 203 200 199 193 192 140 170 183 143 180 178 174 172 173 179 173 171 182 151 154 153 155 150 146 151 172 155 154
655 656 658 656 657 658 659 658 657 659 657 656 654 652 653 654 655 657 655 656 654 653 652 654 653 652 651 650 652 651
472 466 464 442 440 436 434 438 435 429 424 426 450 452 422 420 384 389 386 337 335 332 473 472 329 332 473 472 486 474
654 656 657 658 659 658 657 658 657 659 661 662 660 659 657 659 657 659 658 657 659 657 656 654 656 658 656 658 660 661
463 440 469 468 470 487 420 469 419 417 443 458 488 413 332 335 412 336 412 339 341 406 401 402 399 406 396 359 390 359
414 412 414 335 331 335 387 334 329 326 330 485 476 477 427 429 433 478 425 483 478 432 434 446 431 434 445 442 444 459
546 545 543 545 547 546 547 546 545 546 544 545 546 544 546 545 546 544 542 544 543 544 546 544 542 541 543 545 547 548
248 247 246 247 249 248 250 251 253 252 250 252 251 253 255 254 253 254 255 257 255 257 259 260 261 260 261 262 264 263
852 838 748 743 748 849 843 754 753 759 751 756 752 761 809 723 759 840 837 852 834 764 852 836 854 793 717 739 718 720
49 51 53 54 56 57 58 60 59 57 56 55 56 54 56 55 54 56 58 56 54 52 51 53 55 53 51 52 53 54
693 695 693 691 690 688 687 688 687 685 687 689 687 689 691 690 692 693 695 694 693 694 696 699 697 698 700 701 700 702
109 107 108 106 104 103 105 107 105 106 107 106 107 108 109 111 112 113 116 119 117 120 117 115 116 113 115 118 117 114
178 144 146 145 180 145 211 213 199 161 162 196 198 193 139 188 167 192 188 137 193 197 213 199 200 197 195 197 199 194
167 188 193 188 191 190 137 217 218 216 184 183 172 183 182 181 172 171 173 174 172 180 182 180 177 174 173 151 155 154
115 113 111 110 108 106 107 108 109 108 106 108 107 109 110 113 115 116 117 119 121 122 125 123 121 119 121 122 124 123
15 17 15 16 19 21 23 24 26 27 25 23 22 23 24 25 26 27 26 25 24 25 23 22 24 26 24 23 22 23
704 701 700 703 706 712 714 711 877 879 877 878 822 825 830 768 775 773 777 778 885 886 838 750 757 755 756 752 757 754
756 751 840 749 849 843 838 839 841 754 843 847 888 847 850 789 781 776 782 785 888 786 885 746 790 788 787 786 782 786
717 715 718 736 739 738 743 747 759 752 840 841 840 849 749 748 744 788 786 886 789 786 788 741 787 783 779 885 792 738
394 392 391 397 405 407 405 396 397 406 405 397 407 393 397 393 410 340 339 381 364 362 383 386 454 451 452 425 481 480
32 305 307 309 308 311 308 32 305 303 300 303 301 300 301 303 304 307 306 304 303 300 301 304 35 303 301 302 36 38
823 730 729 728 764 763 766 727 764 727 763 725 762 840 842 753 841 842 843 845 844 845 843 842 840 751 746 793 739 865
227 229 231 229 231 230 232 234 232 234 232 231 230 229 227 225 226 224 226 227 229 231 229 231 230 231 229 228 230 228
889 846 849 844 841 844 842 844 847 888 784 789 884 793 714 716 712 872 866 870 875 878 821 796 879 710 875 710 877 874
317 318 316 314 315 317 316 314 313 311 314 316 315 312 314 316 314 311 314 313 310 309 311 312 315 314 316 317 319 318
813 811 808 809 811 731 818 730 816 731 729 730 724 808 723 758 723 733 808 722 737 736 722 723 731 762 763 761 764 837
206 204 205 211 205 203 197 199 202 197 203 205 212 145 182 180 175 180 175 180 179 174 179 147 179 173 172 158 183 170
382 383 380 382 384 420 419 457 420 486 489 456 489 491 488 421 473 469 419 420 486 336 486 420 384 336 412 339 340 381
141 196 140 138 189 193 186 140 170 158 155 170 184 186 165 188 193 139 138 184 215 138 135 134 135 218 221 224 225 224
221 218 221 224 221 222 220 221 224 225 227 228 227 225 227 225 227 226 227 226 224 223 225 227 225 227 228 230 229 227
882 738 882 736 714 710 879 882 852 833 827 834 764 833 775 768 827 880 821 823 818 820 724 763 724 721 718 719 716 714
223 224 225 223 225 227 225 224 223 224 227 225 224 223 221 219 218 139 140 212 141 140 183 141 142 196 197 192 140 193
806 805 802 799 802 799 819 796 714 737 792 736 739 795 798 734 732 734 799 733 799 711 879 876 710 715 713 708 711 710
745 791 744 745 720 746 742 745 742 789 850 836 838 836 837 764 727 763 764 725 735 734 880 827 769 830 825 830 827 769
244 245 246 248 246 245 246 247 245 243 244 243 245 244 242 241 240 239 241 240 241 240 242 243 245 243 241 242 243 241
669 668 666 665 663 661 663 664 665 667 669 668 666 665 663 665 667 666 667 668 667 669 671 670 668 669 668 669 670 672
684 683 681 679 680 682 684 686 684 686 684 685 686 685 683 684 683 682 683 684 682 684 685 687 686 685 687 686 687 685
101 103 101 102 100 99 101 100 99 98 96 95 96 98 96 98 99 101 103 105 104 103 102 104 106 105 103 104 105 107
593 595 596 594 595 593 595 597 598 600 601 603 606 608 610 612 611 612 613 612 613 612 610 612 610 608 610 609 607 606
153 149 145 181 175 179 180 178 143 181 182 171 184 168 192 193 189 187 138 216 183 140 137 216 141 212 210 145 212 181
412 335 412 409 333 411 408 380 338 392 338 408 340 337 409 389 388 361 359 387 485 329 332 486 386 338 412 338 408 340
134 133 132 130 128 130 131 133 135 138 186 167 188 187 189 192 196 215 141 172 180 173 182 180 147 154 159 169 168 139
807 805 808 722 725 823 878 795 878 824 856 881 795 734 736 734 732 733 724 820 819 799 802 800 799 735 719 793 718 793
289 287 286 288 286 289 288 289 290 291 289 288 290 291 290 293 294 292 290 291 294 292 290 293 290 291 293 295 297 295
105 106 108 106 108 109 111 113 111 114 116 115 114 116 114 117 120 122 121 120 119 118 115 114 111 113 116 115 116 118
125 123 124 123 121 124 125 128 126 125 123 124 121 119 116 115 113 116 119 116 119 117 115 114 116 118 119 118 121 120
838 840 842 753 750 839 753 840 839 842 849 842 840 753 843 848 748 848 889 847 846 887 786 887 781 790 782 887 884 851
157 159 156 159 171 173 151 145 148 145 179 181 146 211 146 207 204 203 211 204 213 140 138 139 187 191 196 197 196 193
104 105 106 104 105 104 105 106 107 109 111 114 112 114 115 118 115 117 118 120 121 118 115 114 115 113 112 114 112 111
383 385 420 488 486 475 423 387 383 385 454 425 451 424 421 457 419 417 489 415 490 415 466 488 413 332 473 469 440 469
510 507 509 511 508 505 503 500 499 501 500 503 501 500 501 502 499 500 502 501 503 504 505 504 502 504 506 507 508 505
458 462 415 418 492 493 492 493 496 494 496 497 495 497 500 501 504 501 503 500 499 502 500 503 505 507 506 505 502 501
611 609 610 612 613 615 616 613 612 613 614 615 614 616 614 612 611 612 614 617 616 614 616 614 612 613 615 616 617 618
272 271 269 266 264 263 261 259 257 258 259 257 259 261 260 261 260 261 263 265 264 265 267 269 270 269 266 269 271 273
459 464 458 419 422 424 454 451 453 451 426 450 429 424 482 425 424 483 479 477 475 482 480 479 427 477 482 475 477 476
625 626 627 629 630 629 628 625 622 625 623 625 623 625 628 630 629 626 625 624 627 625 626 624 623 625 624 627 628 631
202 201 198 194 191 193 195 197 196 201 199 197 191 185 192 194 196 190 195 166 162 169 170 159 170 140 137 138 190 138
278 280 281 280 281 279 281 279 280 278 276 275 274 276 274 272 271 270 269 270 272 274 273 275 274 272 274 276 273 274
495 497 495 497 498 501 502 504 505 508 509 507 504 506 509 512 509 510 507 505 506 504 501 503 504 502 500 498 499 498
868 873 870 869 868 873 875 865 866 862 860 772 775 833 882 835 855 854 853 835 834 833 766 765 766 763 724 735 820 734
341 338 341 408 381 362 356 362 360 388 358 388 359 360 358 362 383 337 414 489 417 489 421 473 468 486 489 487 415 416
887 847 843 753 749 885 887 889 785 885 782 787 784 782 781 885 749 746 747 749 886 889 849 839 841 842 838 887 885 745
725 817 820 823 824 822 818 817 730 819 731 733 818 822 819 823 725 722 724 733 724 727 815 816 730 815 812 814 812 815
816 726 728 729 816 729 816 815 732 762 837 842 849 837 762 723 809 723 808 807 809 759 752 755 753 752 839 748 850 837
718 737 720 736 881 738 719 793 794 737 738 739 714 736 882 881 853 882 736 717 794 710 708 705 702 701 699 702 705 708
657 656 655 657 659 661 660 662 661 662 660 659 658 656 657 658 660 662 660 662 660 658 659 661 662 663 665 667 665 663
713 717 712 716 717 720 794 795 736 735 795 735 720 744 789 783 885 788 744 741 789 784 888 781 885 749 850 849 887 786
41 40 37 38 36 302 35 34 32 306 307 304 35 37 38 39 41 42 40 42 41 40 39 40 38 36 304 301 300 303
409 393 340 393 408 406 409 333 412 339 406 398 408 342 379 368 379 408 338 381 365 353 354 358 361 363 384 361 389 360
668 670 672 671 669 668 670 669 668 670 668 670 668 670 671 673 672 674 673 674 676 674 675 677 675 674 675 676 674 676
568 569 568 567 569 570 572 574 572 571 569 570 569 568 566 564 562 563 565 566 567 565 567 568 570 572 573 575 577 576
837 842 843 838 837 838 749 852 791 885 790 787 790 789 888 781 784 887 838 885 786 785 787 788 782 777 780 783 782 886
261 260 259 261 260 259 260 258 260 262 260 262 260 258 256 258 260 262 264 265 264 266 267 265 263 264 262 264 265 267
395 408 410 333 412 339 380 340 393 398 405 341 378 377 376 370 374 375 374 371 370 378 370 367 370 377 379 369 346 345
666 665 663 664 666 667 669 671 673 674 673 671 669 671 673 671 672 674 676 678 676 674 672 670 669 671 669 668 666 664
578 576 578 577 579 577 578 579 580 582 580 581 580 579 582 585 584 585 582 581 580 578 576 574 572 573 572 573 574 575
617 614 613 610 609 607 605 607 608 609 610 612 614 615 616 614 617 615 616 615 614 617 620 623 621 624 626 628 625 624
584 583 584 583 585 586 587 589 588 589 588 590 592 593 592 593 594 595 597 598 597 598 597 599 598 600 599 600 598 596
213 140 212 203 209 208 210 145 205 207 206 146 145 179 173 180 179 178 180 177 174 176 175 172 181 175 174 181 175 181
503 506 503 505 506 507 506 507 505 504 503 502 504 503 506 509 507 506 509 510 512 509 507 504 505 506 508 506 503 501
790 887 850 745 885 792 793 719 735 720 737 721 746 792 791 787 784 780 785 781 776 780 779 784 778 776 775 779 774 779
594 596 595 596 598 597 595 594 595 593 591 589 590 592 593 595 593 595 596 598 600 601 599 597 596 598 596 595 597 596
877 879 877 709 714 709 877 878 876 877 710 869 862 855 833 828 855 834 769 768 769 832 826 824 855 879 824 822 732 822
264 263 261 260 259 261 263 262 263 264 266 267 265 267 268 267 270 272 270 267 268 270 273 271 269 266 265 266 268 269
442 443 440 436 439 434 443 460 444 441 444 459 464 469 421 456 486 473 329 330 328 486 423 486 334 411 339 412 335 413
67 69 71 69 71 73 72 70 72 73 72 73 75 77 75 76 77 75 76 75 76 78 80 79 77 76 75 77 79 77
811 808 800 733 722 737 736 794 711 712 708 872 708 874 868 713 872 868 869 866 861 879 820 733 808 800 798 820 735 797
425 454 485 329 472 329 328 486 474 471 474 469 473 421 457 417 465 440 461 465 459 437 443 458 490 492 490 418 456 491
85 84 86 84 82 80 79 77 76 77 79 81 79 77 79 77 79 80 82 80 81 79 77 76 74 75 74 73 74 75
405 398 400 343 400 396 356 358 360 362 385 363 384 362 365 380 412 334 336 363 360 387 386 420 458 461 443 457 445 444
789 788 790 783 780 779 780 784 790 786 784 790 887 782 785 887 782 785 889 887 785 779 883 779 781 886 749 851 849 840
328 325 324 320 321 322 325 323 321 318 316 317 319 320 321 325 323 321 325 323 325 330 331 410 409 338 365 353 357 354
225 227 228 230 232 234 235 233 231 230 231 229 230 229 230 232 231 233 235 236 237 238 236 234 233 234 235 236 235 233
706 872 868 713 715 717 738 714 713 871 875 709 874 869 710 796 715 711 877 876 877 710 708 709 714 868 713 737 721 758
619 617 620 622 623 626 627 626 624 625 622 624 626 627 628 630 629 628 629 626 623 620 622 620 618 617 619 621 622 619
230 231 229 228 227 229 228 230 231 232 233 232 233 235 234 236 234 235 237 238 237 239 240 242 243 244 245 247 245 247
800 808 809 810 760 752 759 724 733 818 820 819 823 880 820 725 730 822 824 826 828 826 828 822 732 823 828 823 856 829
570 572 574 575 574 575 573 571 572 571 569 568 566 567 566 565 564 566 567 566 568 570 572 574 572 573 571 573 571 573
325 321 325 324 327 391 328 486 419 459 465 467 437 443 459 458 443 441 444 459 457 444 457 434 438 468 440 467 466 487
465 440 472 437 435 433 424 423 425 424 484 482 425 454 425 451 428 451 454 484 329 327 324 320 322 325 327 330 483 330
323 394 390 325 323 326 332 486 472 436 432 430 427 430 455 446 457 447 458 446 418 416 462 460 418 487 333 334 327 332
407 408 381 352 355 396 406 403 401 342 404 344 345 378 407 339 410 337 382 386 487 468 441 463 464 466 417 463 464 439
55 53 54 56 54 52 54 53 51 50 49 48 49 47 48 50 51 49 47 48 47 45 44 43 44 43 41 43 41 42
802 804 802 801 800 798 732 735 799 711 879 797 821 796 880 827 823 819 822 824 854 836 837 763 725 817 724 722 759 752
648 647 644 643 641 640 639 638 637 634 631 634 636 634 635 632 634 636 637 639 640 639 637 634 631 632 630 632 629 630
107 109 108 107 106 104 103 105 106 105 104 106 105 104 102 104 106 104 102 103 104 103 105 107 108 109 111 113 112 113
610 613 616 615 618 621 620 622 619 617 620 621 624 623 622 623 621 619 620 622 621 618 620 617 619 620 622 625 623 625
765 767 836 852 791 738 740 741 789 888 887 886 848 844 845 849 851 849 837 884 750 720 719 794 864 792 741 740 738 736
792 795 793 743 741 790 784 781 885 886 885 745 720 739 883 881 739 868 869 874 873 869 867 871 713 712 710 709 707 712
50 48 50 52 54 55 56 58 59 57 58 60 59 58 57 58 60 62 64 66 67 68 70 72 73 75 76 74 73 71
179 174 182 185 169 159 158 157 152 154 156 158 170 173 174 173 180 173 183 142 172 151 147 144 213 210 207 149 153 152
133 130 131 133 132 129 127 124 122 124 126 124 122 120 121 124 126 125 123 122 121 122 123 125 123 124 122 123 122 123
205 144 180 145 154 156 160 154 145 207 146 181 143 212 211 214 211 142 215 183 172 182 143 175 177 178 142 178 144 212
154 153 159 157 162 186 195 194 195 199 201 198 195 190 191 196 191 189 186 137 218 139 185 167 185 183 158 161 159 171
416 487 486 334 329 387 327 387 393 391 327 485 329 332 470 332 335 487 486 335 385 361 364 380 367 352 401 404 401 400
680 679 680 681 680 679 678 680 681 679 677 679 681 682 684 685 687 688 689 688 690 689 690 691 690 688 686 684 685 687
873 870 869 862 875 872 712 711 710 708 712 716 710 715 711 794 734 736 795 856 826 822 818 817 815 732 733 798 723 761
183 142 215 214 211 146 143 142 199 211 207 149 150 154 157 153 151 155 153 156 151 182 185 182 171 181 174 176 175 176
422 423 483 472 473 330 483 425 452 451 425 479 483 474 484 475 436 437 443 418 459 417 418 421 419 487 386 384 362 356
596 598 596 595 594 592 593 591 590 588 589 588 590 588 586 587 588 590 592 590 589 588 587 585 583 584 585 582 581 583
788 791 742 746 886 850 851 887 784 787 791 742 792 883 782 791 793 739 794 796 880 881 882 883 885 792 737 720 722 723
564 563 561 559 560 561 560 559 556 558 556 559 560 559 556 559 560 558 559 560 559 558 560 557 558 556 558 559 561 562
687 685 683 681 679 677 675 674 676 675 676 674 676 677 679 681 682 684 685 686 685 683 684 683 682 683 684 686 685 684
47 46 44 43 44 45 47 45 43 45 47 46 47 46 47 45 46 47 49 47 49 48 50 49 48 46 44 46 48 50
724 760 810 807 806 808 807 804 805 807 808 807 805 808 805 802 800 799 735 797 799 802 801 804 801 799 733 735 714 735
485 473 486 421 473 474 476 475 486 456 488 416 419 415 490 416 415 466 418 415 489 415 412 380 409 337 383 359 395 393
276 278 279 280 278 277 279 277 276 278 276 277 275 277 276 273 270 272 273 275 274 275 273 275 276 273 271 270 268 270
374 376 404 402 343 340 339 407 397 340 396 408 339 409 411 333 332 473 475 485 331 332 328 389 390 337 488 487 333 336
207 206 203 202 197 203 205 145 151 147 145 205 209 212 200 198 202 197 213 199 204 207 145 149 150 148 151 147 180 177
521 520 519 518 516 518 517 516 517 516 518 516 517 518 519 518 520 518 517 519 520 519 521 520 522 520 519 517 516 517
739 867 864 860 863 859 770 832 834 765 837 749 744 791 745 743 719 720 793 735 793 721 720 746 750 753 841 752 750 758
233 234 232 231 233 235 234 233 234 233 232 231 229 227 224 223 222 221 222 219 221 224 222 220 218 135 215 213 144 179
537 538 536 534 535 536 537 538 536 535 536 538 539 538 537 538 537 538 540 538 537 536 535 537 538 536 537 535 537 538
880 878 875 871 869 870 875 709 712 711 735 724 735 734 880 796 733 760 733 800 798 736 719 737 719 717 714 735 737 721
604 605 604 606 607 608 609 607 609 610 613 612 610 611 609 608 606 608 606 608 610 611 612 614 616 617 619 617 619 622
377 378 343 404 401 351 347 349 352 356 383 363 381 337 381 337 384 364 366 367 378 366 349 347 402 406 402 352 402 348
384 382 338 340 338 365 381 383 361 356 388 393 398 404 402 352 349 355 350 355 357 352 402 352 349 353 365 363 383 363
522 521 520 518 517 516 517 515 514 516 514 513 514 512 511 512 513 510 511 509 511 509 508 511 512 510 509 512 514 513
315 317 316 315 312 310 307 308 305 302 305 34 305 307 303 300 303 305 32 33 32 34 32 308 307 303 305 307 305 34
