451 448 452 482 449 483 479 510 512 507 474 439 477 483 457 458 456 461 467 461 495 496 498 496 473 510 505 500 534 512
454 449 448 446 447 452 448 446 480 485 514 520 488 486 481 519 258 256 757 486 481 515 511 512 477 443 407 411 409 375
147 178 174 172 169 164 163 150 166 173 209 208 211 173 175 150 153 159 195 194 197 198 194 199 202 203 201 176 171 167
155 107 133 127 128 133 127 130 135 130 107 105 111 115 157 160 161 162 153 160 199 204 212 228 227 201 216 215 204 201
772 775 774 775 779 447 451 484 257 520 555 586 624 597 592 627 185 187 188 191 189 594 593 590 592 185 187 193 186 182
752 627 748 759 760 757 778 760 549 767 774 769 766 771 509 546 542 507 542 507 543 505 502 499 493 518 516 488 522 523
586 619 650 615 579 580 569 563 562 557 590 588 585 589 587 590 754 626 628 591 626 657 658 653 621 599 604 618 655 636
667 629 628 624 586 617 619 656 667 670 666 630 628 631 636 651 646 611 614 610 612 650 614 603 600 604 617 613 579 572
428 425 423 427 430 433 435 440 446 443 477 464 495 477 478 444 409 375 742 785 909 784 882 880 910 907 751 752 754 750
464 463 477 510 547 549 512 514 512 515 547 543 547 531 532 550 764 774 765 775 367 362 359 719 720 723 721 719 723 716
11 14 11 44 58 20 55 21 16 14 15 14 12 15 18 19 44 19 17 15 19 7 2 5 9 7 8 36 34 69
14 16 20 15 20 23 22 4 32 1 4 35 37 66 35 32 0 29 32 37 8 23 18 10 11 15 14 10 12 9
466 469 474 506 504 470 508 477 474 475 464 470 507 496 513 496 473 472 443 440 441 426 425 445 426 420 425 424 431 426
912 911 788 799 894 802 890 889 887 908 905 891 802 805 804 890 905 909 784 341 380 409 373 382 407 440 479 449 450 453
302 300 298 299 301 299 301 302 300 298 299 300 298 299 297 298 299 298 297 299 297 296 298 297 298 296 297 299 297 296
140 144 138 135 132 87 80 100 80 128 81 75 71 74 77 82 56 48 44 41 8 7 6 5 2 1 0 2 7 19
204 176 214 173 178 177 174 169 144 169 165 149 164 161 149 164 166 161 134 161 166 167 203 166 175 181 180 214 201 210
195 157 112 109 110 111 122 117 122 118 121 119 123 120 117 118 115 110 108 112 116 112 111 114 118 122 113 111 107 106
215 211 215 219 255 253 328 325 329 451 486 520 519 493 495 477 495 494 499 477 464 472 473 464 496 499 498 499 507 546
1 3 37 32 0 33 36 39 42 45 59 23 10 12 22 16 14 11 17 22 4 32 3 1 33 36 4 3 8 41
226 231 247 251 247 244 243 239 242 914 916 898 897 898 916 919 918 915 914 242 239 235 243 244 239 240 244 245 323 329
291 290 289 291 292 291 289 291 290 288 289 288 289 287 289 290 291 293 291 290 289 288 286 284 281 280 282 283 280 281
318 316 317 314 311 313 310 308 307 306 307 304 303 305 304 305 306 304 307 304 307 309 310 309 312 310 309 307 305 306
931 934 931 342 346 341 786 881 879 788 882 340 786 789 794 242 246 245 249 251 260 248 330 253 750 250 910 337 342 341
443 481 483 443 474 470 468 465 473 496 477 464 460 461 463 465 466 463 473 468 470 435 432 425 440 398 366 362 395 391
755 756 753 754 255 753 220 222 216 250 217 255 217 219 217 222 217 220 223 218 223 256 257 484 518 553 548 544 547 545
228 231 232 243 903 213 903 901 899 800 797 915 900 911 246 213 212 211 210 211 207 204 201 216 211 216 221 557 587 623
94 91 93 98 94 99 74 80 73 64 77 76 81 132 81 60 57 82 64 72 70 71 75 80 86 81 87 79 67 79
192 196 180 214 212 247 216 215 205 207 173 211 209 205 211 201 203 167 161 163 158 152 148 137 153 157 115 109 106 129
450 479 475 477 446 441 440 402 436 439 400 369 405 439 444 482 476 470 504 543 535 546 550 509 512 550 520 257 255 749
160 199 162 161 156 108 111 109 115 117 113 116 114 117 111 122 120 121 114 122 114 124 126 107 108 103 128 127 130 104
492 487 262 266 268 265 266 265 263 232 248 325 265 268 321 320 324 321 320 323 793 792 913 243 902 912 788 790 795 794
21 25 28 0 4 1 2 4 30 63 47 11 17 13 19 17 19 12 13 18 9 6 2 0 32 35 70 66 36 66
321 317 316 319 315 313 310 308 306 304 307 309 310 311 310 308 306 304 305 304 307 306 308 305 303 305 307 305 304 307
577 582 577 573 572 576 549 587 558 585 583 623 762 777 765 771 770 767 763 619 650 766 619 620 621 601 606 647 642 646
715 729 688 687 674 651 689 728 686 655 658 657 623 655 618 653 659 692 689 686 732 728 683 671 667 634 631 630 665 702
403 406 443 438 469 467 466 461 456 461 457 484 482 484 518 554 550 764 771 768 774 763 583 582 616 766 619 620 583 580
355 371 366 365 730 727 728 715 730 735 373 410 408 403 402 395 390 393 391 395 362 368 731 371 734 735 375 734 691 656
801 891 892 893 901 900 913 898 896 895 892 905 910 253 753 749 750 752 627 631 632 621 650 645 648 640 648 654 652 671
460 477 442 480 445 450 483 445 443 408 422 442 445 409 374 733 731 370 376 347 372 349 347 372 407 405 409 412 415 445
131 126 129 130 107 101 105 111 155 108 157 159 157 193 191 115 158 150 179 181 182 177 182 176 200 202 201 197 184 186
815 348 349 816 814 816 348 375 371 352 353 354 359 365 356 353 350 354 351 348 737 691 656 692 693 744 736 375 351 372
347 379 341 380 412 338 343 927 342 378 414 334 333 339 342 931 933 931 343 927 343 926 929 930 342 931 341 346 813 697
799 899 799 893 904 901 915 901 915 917 920 917 915 900 898 917 919 916 914 242 791 913 911 910 913 790 880 799 897 896
548 578 613 611 616 580 547 509 507 472 473 506 543 547 546 516 488 523 562 558 559 188 185 591 622 590 558 559 594 559
637 641 637 670 637 635 625 635 634 638 640 639 648 642 639 644 649 646 616 650 617 615 612 579 584 551 549 763 757 747
646 613 570 600 596 589 623 759 765 779 745 778 762 764 513 543 511 550 527 519 528 532 535 551 581 562 552 516 481 493
293 292 294 293 294 295 296 295 296 297 295 294 293 292 291 290 292 290 292 290 292 290 289 287 288 289 290 291 290 291
93 97 91 90 87 79 45 48 58 84 58 55 47 11 12 10 7 3 6 22 17 22 21 24 62 68 98 101 99 77
489 518 553 522 486 482 485 487 256 253 254 753 221 197 215 213 751 748 756 557 553 764 550 520 486 487 454 458 453 448
758 745 662 696 740 736 374 779 447 441 405 475 471 469 472 441 424 426 441 446 450 777 773 443 449 445 442 443 442 423
528 524 529 533 534 536 534 531 534 532 527 515 500 496 514 549 576 578 610 579 545 767 769 766 767 549 509 543 510 515
696 741 740 376 349 376 341 380 411 379 411 414 413 378 342 927 339 338 341 785 883 888 885 750 751 217 255 257 258 521
558 590 593 592 185 592 557 588 560 566 588 592 559 190 192 194 197 195 200 214 751 251 751 749 254 749 253 751 907 909
453 455 460 459 462 461 480 510 474 514 515 547 508 498 493 489 488 493 484 453 449 413 331 336 341 931 929 338 344 339
58 79 80 61 63 68 77 102 107 104 155 152 150 148 149 164 141 148 146 175 165 172 176 181 184 178 182 179 151 183
944 945 946 947 944 942 943 942 945 942 940 942 943 942 939 942 945 947 948 951 950 949 950 951 949 947 948 951 949 951
599 596 589 592 595 596 594 559 558 190 187 192 191 192 183 151 153 156 115 191 116 117 114 121 114 117 120 118 117 116
855 854 855 857 858 856 854 857 854 855 857 860 829 828 825 821 825 823 829 831 835 833 858 833 838 837 831 833 829 833
878 875 891 890 805 887 809 808 872 869 867 865 863 861 863 864 867 866 867 870 872 869 872 870 872 807 805 873 808 698
196 194 197 200 204 206 201 211 216 221 256 485 515 510 505 504 505 507 470 467 464 463 466 469 473 480 510 543 503 509
929 381 379 347 352 375 742 695 743 374 731 732 686 689 667 690 693 665 662 660 744 738 375 737 734 730 716 712 732 730
338 412 450 451 257 452 415 452 485 514 492 497 514 549 548 513 518 517 520 485 446 456 445 480 510 506 508 505 538 534
784 744 781 762 758 755 756 254 752 181 752 181 184 185 181 752 184 179 174 173 179 162 154 196 201 203 166 149 150 162
848 849 848 847 851 852 853 852 853 851 853 855 854 852 854 857 855 856 859 858 833 838 844 838 843 842 839 837 842 839
387 392 385 372 730 371 376 377 378 342 376 378 377 734 688 684 730 734 732 685 729 723 716 714 708 729 734 733 737 691
918 916 918 920 917 916 917 916 897 799 894 895 896 900 789 910 787 884 787 909 905 787 883 787 877 891 801 879 881 880
292 293 292 290 289 291 292 294 296 294 295 296 294 295 294 296 294 292 294 293 295 293 291 293 292 293 295 296 295 297
79 45 62 45 79 83 82 80 99 105 108 156 162 163 196 192 116 122 110 112 157 114 115 158 163 199 160 164 150 154
375 377 743 786 337 340 378 342 340 341 336 340 786 742 377 342 339 343 379 342 929 414 380 376 370 366 361 362 359 716
835 834 839 845 842 843 838 840 835 838 842 847 849 848 844 842 840 843 842 841 844 839 842 844 848 845 839 833 828 826
30 32 0 4 30 32 3 2 3 4 30 36 32 36 8 10 20 26 63 65 77 79 61 64 77 80 88 84 83 56
127 129 130 129 104 132 81 129 107 110 123 117 114 123 125 129 132 103 78 75 70 69 66 76 64 58 44 60 55 60
754 590 759 747 591 592 187 182 187 592 624 623 590 620 651 671 656 652 685 652 647 642 639 651 632 624 622 658 621 636
603 597 624 598 620 597 602 604 608 578 608 613 582 584 569 579 604 605 608 605 582 583 620 657 693 688 732 691 729 724
275 278 276 277 275 278 277 275 278 276 275 277 280 279 282 283 286 288 290 288 286 287 289 287 289 287 288 287 289 288
266 229 232 235 229 270 266 267 228 219 221 223 218 215 231 228 247 246 913 901 902 905 889 891 906 908 888 885 662 629
344 379 931 932 935 936 940 941 940 942 945 948 950 949 950 952 951 950 951 950 951 949 948 945 948 950 948 946 947 949
541 538 505 539 542 512 514 484 452 483 453 485 486 516 517 483 443 439 437 402 395 402 366 730 359 355 356 351 348 352
834 833 839 838 844 848 846 843 841 844 842 841 835 838 843 847 851 853 855 857 858 860 857 858 861 864 861 858 855 857
741 375 374 779 408 442 404 407 377 782 785 745 692 663 694 696 662 629 667 665 662 661 658 628 629 655 632 658 633 631
664 702 694 692 691 728 686 651 650 618 619 605 639 602 606 601 618 621 618 617 585 624 621 651 654 633 665 659 690 672
252 248 243 244 240 244 248 326 248 251 249 332 328 330 451 482 446 456 454 483 485 517 552 554 557 754 759 760 756 757
827 824 821 824 822 817 821 817 350 354 717 716 714 710 711 675 725 721 725 683 687 671 668 670 636 640 641 636 632 624
83 86 57 87 58 80 58 56 23 58 80 96 90 136 131 132 137 165 162 146 144 170 166 203 197 199 201 216 248 253
919 916 914 915 914 243 232 228 263 261 329 331 327 324 328 251 327 329 261 259 260 220 251 751 213 248 252 257 255 754
251 219 251 330 248 216 217 250 249 253 749 758 761 764 768 772 366 400 366 361 363 366 730 725 682 673 671 676 675 681
9 11 9 22 6 5 8 3 0 1 0 29 3 5 40 36 5 4 37 4 36 5 6 5 8 36 37 66 68 70
688 728 684 731 370 366 362 723 724 682 647 636 635 638 651 646 682 680 684 722 720 717 713 710 714 716 715 721 680 724
651 616 581 580 552 521 588 566 561 565 532 537 532 528 565 561 559 190 221 224 218 198 222 225 263 261 486 256 521 555
735 733 691 693 659 660 629 632 634 635 638 641 648 647 682 680 645 642 641 644 643 646 652 675 684 688 693 661 696 885
423 425 442 445 448 410 374 410 447 442 474 504 501 497 499 512 515 510 505 538 501 503 538 535 530 529 530 526 525 526
506 511 516 511 496 515 551 531 500 543 504 505 504 509 545 548 509 544 546 767 765 759 756 757 759 745 743 781 783 743
467 465 460 476 439 436 401 773 776 374 734 369 404 405 475 405 409 411 373 410 409 444 776 768 771 772 771 773 765 763
592 588 590 759 746 662 630 627 631 632 654 659 690 708 672 673 669 666 663 661 692 735 696 738 374 735 696 699 697 741
397 434 432 434 439 474 464 459 456 457 446 477 514 512 549 515 497 531 534 531 534 538 534 512 542 539 503 509 508 513
836 837 843 838 835 837 833 834 833 860 829 860 829 833 860 861 860 833 859 860 861 863 864 866 864 865 862 863 864 862
470 473 477 446 441 475 439 426 443 480 518 484 485 517 551 517 549 512 515 478 473 468 467 427 438 435 427 429 432 426
326 323 241 243 902 901 912 789 797 880 339 928 931 341 743 375 734 351 347 351 349 383 385 381 380 410 411 377 738 742
631 633 640 638 634 639 648 685 725 686 725 679 725 683 724 723 716 722 725 723 729 690 729 727 687 675 681 686 688 727
831 833 831 827 823 827 828 829 823 819 818 821 825 826 827 828 825 830 824 828 827 824 825 828 825 830 833 859 833 839
863 864 866 863 860 858 856 859 833 832 830 826 824 821 818 821 822 818 817 350 353 348 737 695 742 375 374 409 374 738
95 96 90 92 96 91 92 88 89 132 100 103 102 74 106 107 111 106 129 132 84 128 129 133 128 127 129 81 84 81
379 376 374 731 775 776 402 367 734 351 355 371 732 730 728 723 681 725 681 679 680 676 678 676 679 678 676 678 677 671
740 377 407 376 342 932 935 932 930 932 930 928 929 414 929 342 377 409 776 780 759 762 780 765 763 767 765 768 775 765
208 210 211 212 243 248 329 334 329 452 454 487 490 489 519 487 454 487 260 256 451 485 453 481 511 506 546 514 483 485
436 437 400 366 399 363 724 730 372 374 368 367 775 762 777 768 763 553 515 492 487 259 257 484 515 488 524 529 530 497
501 500 509 474 480 479 478 514 550 516 527 530 531 547 551 520 556 520 516 520 485 484 480 464 459 456 462 456 450 453
804 890 804 805 803 889 887 890 874 873 874 877 883 787 908 888 906 889 908 785 885 786 879 882 787 881 344 341 343 927
869 867 868 869 866 864 862 859 857 859 856 857 854 852 851 853 856 854 852 851 848 844 840 843 846 840 844 842 845 844
259 256 521 554 521 517 482 476 473 465 499 496 492 514 480 453 447 410 407 382 380 382 379 410 379 931 379 377 737 740
759 765 762 777 773 765 771 769 766 774 768 769 775 776 408 411 407 448 443 773 771 398 399 395 392 388 387 386 392 369
7 23 18 14 19 8 10 21 23 28 62 80 67 71 76 72 67 78 83 81 126 81 129 126 128 131 81 77 60 65
174 172 207 173 204 206 202 197 192 188 185 180 181 183 177 181 184 186 189 183 182 186 187 184 592 185 591 184 180 178
675 682 687 656 668 671 656 693 667 663 692 744 784 741 341 882 879 877 876 894 898 900 902 913 789 790 796 926 924 796
499 494 500 498 500 547 544 534 538 505 541 544 549 547 545 551 565 567 566 570 574 572 567 564 569 577 575 611 575 610
695 661 747 759 746 744 782 757 257 260 262 264 266 225 258 260 258 521 558 588 597 560 597 600 599 602 614 619 586 623
536 531 550 549 513 517 487 453 479 440 408 449 448 483 517 481 487 261 262 258 486 257 329 325 326 330 452 331 414 413
734 738 695 660 689 686 649 674 669 670 674 681 649 681 678 683 652 688 727 687 692 657 620 597 596 599 595 596 597 559
34 29 34 36 38 30 66 67 69 67 79 81 57 47 49 59 47 19 17 15 10 13 8 5 2 7 8 19 12 7
267 230 263 224 227 263 267 321 322 321 319 323 793 792 915 791 242 244 234 238 237 233 237 233 234 229 233 232 238 233
491 495 490 489 490 493 516 531 547 577 544 532 537 534 539 538 505 507 477 496 518 490 491 461 465 467 469 439 425 439
4 5 2 29 27 22 16 19 44 8 10 23 17 22 17 14 13 17 55 53 52 56 59 26 7 24 7 2 7 24
327 324 264 261 263 261 265 325 326 328 249 248 247 213 251 250 249 912 911 250 216 227 223 227 222 218 223 225 259 225
150 145 144 148 151 183 185 181 186 182 178 172 175 177 214 177 181 179 200 196 195 190 195 198 196 179 197 180 176 200
417 415 420 422 441 404 437 425 431 424 431 434 440 471 472 438 475 474 509 503 507 511 500 511 481 453 479 456 449 447
359 730 688 735 738 743 745 695 735 745 783 743 781 747 758 746 692 696 698 812 742 344 379 380 410 381 407 441 476 438
672 708 704 698 703 706 699 813 812 742 881 878 801 800 799 800 789 881 785 882 884 883 877 803 888 804 874 891 892 800
685 652 688 653 621 657 658 662 629 657 653 651 620 598 599 604 599 621 635 638 641 643 642 641 636 602 597 596 595 188
682 683 685 649 615 613 578 608 575 577 532 536 539 540 544 537 539 544 539 544 550 511 480 496 464 463 464 467 427 423
152 156 110 109 106 104 100 136 104 98 96 98 95 64 76 75 71 74 75 73 98 77 60 86 89 97 96 95 98 93
368 372 403 367 363 368 373 385 388 392 369 352 375 376 345 341 344 343 880 796 336 788 880 878 881 882 344 347 381 931
683 726 687 682 680 677 681 722 728 689 652 654 618 652 675 683 680 724 679 722 684 653 684 682 646 612 614 644 649 615
415 449 450 480 449 415 331 325 265 325 324 323 321 264 260 329 332 326 264 268 265 266 226 259 228 234 228 247 245 247
796 791 901 904 903 902 903 908 885 888 786 879 923 790 911 789 798 923 879 800 894 803 801 897 801 881 800 798 789 880
791 901 900 895 893 901 791 793 796 924 880 796 921 919 917 914 900 916 899 799 878 802 878 880 882 785 782 779 775 761
236 239 240 234 233 234 233 270 233 267 226 262 226 262 257 263 262 229 235 241 243 236 237 317 320 315 318 322 268 271
74 67 63 23 19 25 20 47 49 43 47 42 43 41 39 41 64 69 72 73 99 77 98 99 80 60 47 44 38 69
316 319 323 329 328 333 334 332 327 251 217 201 212 211 212 217 219 216 213 251 245 241 247 244 240 235 231 215 218 197
406 366 370 734 377 413 447 405 408 443 472 477 492 518 258 519 555 565 529 565 551 550 764 758 748 756 521 488 258 486
400 369 403 408 450 447 449 408 410 381 930 381 410 447 483 454 449 408 403 437 424 433 426 442 479 474 472 441 439 442
612 576 580 544 512 534 501 496 515 531 537 532 527 497 512 513 551 516 552 582 583 601 586 559 190 193 188 189 188 185
888 886 662 667 654 652 671 666 637 639 650 614 616 767 616 614 644 614 644 640 636 634 667 636 639 636 650 616 578 610
103 128 125 124 126 124 114 125 123 114 109 111 116 112 115 110 114 113 108 153 157 111 125 127 126 81 57 84 132 128
874 805 890 906 905 908 889 886 887 883 787 878 877 803 893 799 897 894 897 915 791 795 788 909 912 242 902 914 915 899
588 559 587 584 578 569 581 551 529 530 529 531 512 548 549 517 493 515 496 507 469 473 476 439 478 483 478 439 434 438
764 778 761 778 764 767 763 774 775 766 771 772 363 368 373 379 413 333 909 912 903 904 907 787 908 910 911 788 882 880
269 270 269 273 271 320 324 328 261 256 220 217 254 216 214 215 200 202 206 207 203 200 199 204 209 204 210 213 251 228
334 338 378 411 415 413 338 411 410 382 410 374 778 763 764 766 778 745 743 695 694 695 694 695 696 810 807 873 807 808
162 156 150 156 133 138 144 138 165 169 174 170 166 174 166 203 210 207 206 203 206 203 197 217 201 218 217 218 199 201
483 517 551 552 550 584 585 620 584 550 512 508 543 548 578 569 571 581 583 582 600 605 618 623 619 582 585 566 578 616
224 262 264 269 263 228 263 260 220 256 251 260 248 251 328 333 328 331 414 410 405 445 423 426 444 440 406 373 735 733
905 891 805 809 807 803 877 807 877 878 879 789 910 913 916 898 897 800 881 785 884 786 884 885 887 888 890 874 876 893
120 121 123 110 112 115 157 108 153 133 156 153 162 157 162 158 157 156 150 158 160 158 108 102 104 101 100 98 101 100
890 886 885 887 891 883 786 341 337 379 341 378 339 341 337 784 882 880 798 795 788 909 911 790 242 248 252 248 244 240
166 179 175 178 173 207 173 175 180 197 201 214 219 217 221 256 257 256 251 245 242 243 913 242 792 913 902 899 800 880
46 49 46 41 62 65 30 62 37 30 28 62 26 31 33 36 38 63 62 60 77 98 102 105 106 103 78 128 103 98
343 339 925 797 913 903 911 909 880 879 340 336 413 337 339 926 795 798 880 790 246 242 901 914 791 242 794 323 329 257
601 582 615 649 648 681 684 674 649 681 684 731 728 725 684 723 729 715 729 716 720 721 717 359 363 362 361 365 369 731
393 395 362 364 367 361 366 731 368 372 403 405 440 471 507 509 545 544 512 481 493 494 493 515 494 489 488 524 519 554
572 575 571 570 571 566 569 570 569 548 580 551 519 517 518 496 514 476 459 458 454 452 457 483 454 456 454 456 484 454
33 5 33 2 7 10 17 18 7 5 8 11 15 12 18 15 12 19 17 54 47 50 49 60 49 53 48 59 24 55
23 28 32 37 29 30 38 65 64 61 65 80 103 102 107 104 105 107 125 111 122 116 121 117 122 119 114 111 155 109
304 302 303 302 300 299 298 299 301 300 299 297 296 298 300 298 300 301 299 300 301 302 301 300 298 296 297 295 296 297
3 4 0 2 6 9 6 3 1 32 34 62 80 61 58 47 57 48 43 45 63 66 30 66 38 63 41 62 65 63
496 480 485 256 255 225 220 214 200 198 204 199 200 177 214 219 201 200 218 180 185 627 659 664 660 659 745 781 746 660
498 511 507 471 506 504 508 498 502 508 510 512 547 542 506 509 506 511 546 543 548 578 616 653 654 657 759 778 775 731
662 744 781 780 777 764 777 768 775 772 776 778 763 552 553 586 621 635 602 598 595 596 594 559 592 186 183 185 591 624
935 936 933 929 417 419 425 437 402 443 442 446 479 510 542 512 499 496 493 497 515 477 510 511 506 540 508 510 507 546
114 111 116 121 120 122 116 122 117 123 126 129 126 81 76 74 80 64 65 27 23 29 28 27 66 68 72 73 75 71
123 126 129 130 126 107 156 162 165 164 169 165 145 146 147 145 140 134 138 135 137 148 145 143 142 140 146 169 164 162
306 307 308 306 304 307 309 307 304 307 309 311 312 314 311 310 309 308 310 307 310 312 309 307 306 308 305 303 301 299
282 279 281 280 277 278 277 274 272 267 322 318 320 241 239 236 241 243 914 916 914 902 911 901 790 793 796 880 337 379
271 272 318 321 325 328 322 327 323 793 794 913 898 919 918 919 917 914 242 248 242 792 791 790 242 901 905 904 901 902
197 179 180 184 193 218 222 217 219 217 197 192 157 154 186 183 178 177 173 174 166 176 179 197 221 217 753 627 630 626
177 179 147 169 171 170 144 165 146 169 171 169 166 179 150 159 192 189 559 189 193 192 191 188 183 151 147 146 168 164
312 309 311 309 312 315 317 319 321 324 325 263 225 266 261 262 224 225 262 267 230 231 247 242 793 791 792 796 912 792
360 363 395 403 437 443 473 470 508 510 543 505 510 475 446 484 488 490 491 492 480 450 449 454 453 481 513 516 551 513
52 53 56 60 23 10 19 8 23 8 12 13 10 18 13 15 13 17 20 10 6 11 6 2 7 9 10 8 7 2
936 933 937 938 939 937 935 933 936 935 934 933 934 936 939 940 941 943 942 945 947 948 947 946 947 948 951 948 949 946
298 297 299 301 300 298 297 298 296 298 300 302 301 303 304 305 306 304 307 305 303 301 300 301 302 301 302 303 302 301
557 586 582 617 603 606 639 640 638 648 682 687 683 687 656 651 652 656 657 623 621 657 660 662 697 704 709 691 689 685
156 151 153 165 153 158 153 150 163 164 162 161 166 173 207 172 171 168 141 138 149 140 138 133 130 107 126 128 126 125
158 163 153 150 155 158 163 158 153 108 102 96 100 95 69 68 70 75 77 81 82 56 23 27 59 56 44 42 41 67
750 748 751 213 751 213 243 245 911 900 911 787 909 333 335 334 339 342 345 377 371 738 736 741 736 709 687 709 687 733
121 118 117 121 118 116 118 120 122 118 119 123 126 107 156 150 178 176 179 200 194 196 199 202 200 163 150 154 153 156
456 415 452 454 455 483 478 482 452 415 414 416 421 417 422 444 479 482 780 745 759 764 763 759 586 619 620 617 650 651
702 704 701 698 694 699 696 745 694 697 704 709 707 712 725 716 730 367 369 364 730 368 356 355 350 353 358 718 719 715
686 732 735 373 379 380 377 347 740 379 382 410 444 442 460 466 473 496 512 551 532 544 580 617 578 548 512 549 764 768
727 731 732 729 691 661 697 809 810 809 811 810 696 698 809 698 697 705 709 736 694 704 699 812 809 697 695 735 694 745
923 791 912 901 903 913 900 911 242 794 323 324 323 245 244 324 329 264 265 260 262 229 230 235 241 323 320 236 320 322
64 66 71 74 76 74 67 66 39 38 42 43 45 47 11 13 17 18 10 5 10 13 11 15 17 53 59 46 41 36
720 719 722 725 683 671 675 685 732 695 705 694 668 664 662 663 660 657 689 694 692 746 755 747 660 659 628 630 665 662
51 49 45 43 8 9 13 17 10 23 29 37 34 70 65 70 73 64 59 24 21 26 21 20 56 48 49 46 44 47
770 773 475 446 457 482 777 768 763 553 763 777 767 769 766 775 769 770 545 541 542 512 496 501 497 493 497 511 516 552
219 251 250 751 213 217 247 242 241 236 235 230 226 232 236 320 319 315 318 317 320 271 233 236 230 227 231 226 225 261
567 569 584 554 555 519 556 589 591 593 598 585 597 589 560 597 582 581 568 577 572 577 548 581 613 647 605 612 579 577
285 286 285 283 284 283 281 282 281 282 279 280 277 280 283 285 283 285 284 286 287 288 290 288 287 285 284 285 287 288
362 368 356 351 816 349 372 368 733 735 689 667 636 632 625 622 629 663 667 662 663 690 693 694 697 812 698 706 698 705
305 307 308 310 313 312 310 307 309 311 314 311 309 307 304 305 307 309 312 314 313 314 316 321 324 246 903 902 912 899
421 425 444 445 441 438 426 429 430 431 432 425 419 421 407 441 402 439 442 426 433 427 422 426 431 424 419 420 421 419
290 292 291 293 292 291 292 294 296 298 297 299 300 301 302 301 302 301 302 303 302 304 303 304 306 304 306 305 306 308
173 175 180 214 204 201 197 202 204 198 196 179 173 209 173 175 174 170 172 166 164 162 150 151 154 159 154 150 148 154
569 570 572 571 566 570 565 528 519 516 549 544 577 536 544 539 534 535 536 539 541 547 531 529 531 530 533 537 538 540
432 427 439 405 425 407 411 380 381 377 779 775 765 774 510 511 474 514 492 480 514 520 487 259 262 224 259 252 333 413
508 499 474 464 496 491 496 480 445 476 461 491 497 493 495 490 495 494 499 497 501 511 496 507 474 467 439 442 425 421
640 637 633 640 671 672 677 674 683 687 685 689 688 652 671 653 650 649 651 646 643 639 650 615 650 640 642 641 643 639
629 628 632 667 630 627 753 750 254 750 749 758 782 742 377 737 731 732 371 376 378 338 411 421 422 426 428 425 423 421
689 658 625 591 625 622 586 585 555 583 556 559 563 558 523 525 526 529 524 526 529 531 533 529 525 528 534 501 502 498
671 683 688 684 679 649 679 648 654 656 692 732 738 696 812 813 696 737 374 375 348 353 348 376 384 352 356 388 389 391
843 837 834 829 832 826 829 825 824 825 819 818 819 817 819 824 827 830 835 837 832 830 834 840 843 846 848 847 845 843
821 819 817 348 350 348 376 382 383 387 388 387 384 352 375 352 375 377 743 374 406 410 444 441 447 481 492 490 488 257
818 822 826 830 826 823 827 821 819 820 822 828 824 827 822 820 817 819 821 825 819 350 356 359 716 719 714 713 351 354
714 712 717 720 722 726 724 721 716 715 717 714 717 355 357 358 718 714 719 714 710 712 730 729 711 675 652 654 685 680
555 558 559 590 593 621 620 597 586 616 601 599 596 595 592 627 590 588 583 553 584 558 589 555 521 520 519 486 553 759
159 195 191 192 189 592 593 185 181 183 194 223 219 217 201 217 180 182 177 200 205 207 206 203 163 150 165 137 146 149
663 691 689 654 616 767 766 619 656 694 735 737 735 744 784 338 335 334 339 334 336 331 329 332 331 326 324 267 271 321
694 699 813 698 706 702 665 662 660 663 661 691 708 714 729 732 685 675 684 677 645 649 653 618 648 685 680 723 729 691
857 855 856 854 856 858 833 836 839 836 835 837 836 830 827 833 839 835 836 833 837 840 835 833 836 831 826 820 826 831
280 278 279 280 279 276 275 274 276 279 277 275 276 279 276 274 277 278 281 279 282 279 281 279 278 279 277 278 276 279
587 588 592 593 188 193 187 592 188 559 585 588 582 617 579 580 617 602 621 657 692 653 687 671 673 670 636 652 650 636
862 865 867 870 869 867 865 866 869 866 863 861 859 857 856 853 855 858 856 857 854 852 851 848 844 840 845 841 843 838
922 919 898 899 913 792 793 790 910 913 899 896 895 896 897 894 802 803 893 802 876 894 801 897 800 899 799 913 799 881
116 191 222 216 201 227 230 225 222 195 196 159 158 196 218 200 195 198 222 223 222 191 196 193 195 157 152 148 144 170
117 115 112 117 121 124 127 133 107 156 153 155 111 157 160 164 162 163 164 141 165 169 171 146 142 137 132 89 93 95
829 823 822 819 818 821 823 818 821 822 824 822 817 814 348 352 734 733 374 378 412 410 407 418 448 413 331 329 454 452
27 59 23 21 23 21 22 23 62 24 19 14 13 11 6 5 33 1 0 4 29 23 29 33 34 68 71 76 95 101
0 4 9 11 19 24 26 22 59 60 79 65 30 36 40 8 6 4 33 38 39 42 47 52 48 56 44 66 70 69
446 475 472 434 400 394 399 401 434 397 436 469 474 470 474 499 511 509 514 519 516 531 548 580 581 572 571 572 569 582
42 40 35 69 70 73 68 75 66 35 38 44 19 20 11 22 25 4 9 12 18 14 13 9 5 8 9 7 4 32
102 106 129 81 78 128 82 76 66 30 38 33 66 61 57 48 42 46 44 63 60 86 85 88 89 87 60 76 81 85
245 250 216 217 254 754 757 754 751 749 758 778 781 783 745 662 629 655 618 602 601 617 604 608 613 614 647 615 612 646
559 557 554 488 484 489 490 495 493 496 480 459 454 457 446 482 478 507 473 476 481 457 462 463 458 455 483 449 480 514
249 332 336 796 797 789 791 792 795 796 913 792 791 794 792 790 246 212 216 201 198 200 203 202 163 203 205 203 176 201
257 452 449 482 483 450 413 450 449 457 456 455 452 453 459 454 487 490 487 522 557 584 551 529 535 541 505 540 545 770
542 548 577 575 573 570 579 569 572 577 535 548 577 574 580 581 568 570 573 576 572 571 573 571 577 583 582 576 549 584
163 200 194 193 192 183 188 592 625 593 592 591 627 185 593 186 594 187 594 596 600 605 618 650 620 586 580 585 586 587
488 485 256 755 749 755 751 253 755 256 259 261 328 332 327 248 324 267 228 226 259 264 267 321 236 239 234 232 321 270
751 753 755 752 754 750 746 692 732 709 710 707 702 697 693 658 654 658 656 622 624 626 655 637 636 650 605 607 605 616
573 577 579 611 605 603 599 600 604 610 609 612 576 572 569 571 578 575 573 576 542 771 768 764 766 657 621 617 614 648
487 483 456 455 452 448 479 405 773 402 403 395 403 366 365 394 391 387 390 393 391 389 388 385 388 393 394 390 395 394
733 368 355 351 347 349 375 381 386 381 377 378 374 738 734 373 407 443 483 485 446 447 776 408 373 411 445 460 477 499
209 205 202 203 204 212 231 244 242 235 244 231 229 263 328 245 912 903 910 333 334 415 456 449 448 418 422 408 446 481
517 516 556 522 558 563 561 564 567 566 565 529 528 525 526 528 531 532 544 532 531 544 540 542 540 506 507 503 538 500
656 671 655 637 640 673 640 645 644 641 639 618 598 599 600 598 618 655 654 651 642 640 641 642 645 642 646 651 654 659
348 376 380 931 343 932 928 932 928 931 934 933 929 933 930 382 384 388 391 392 396 434 436 398 401 436 437 475 511 478
129 104 102 108 105 110 123 119 120 117 113 110 108 154 192 196 157 192 116 191 190 193 188 593 596 594 593 594 591 625
39 36 32 1 4 0 33 36 37 26 22 17 16 15 14 19 15 18 21 26 62 61 64 87 80 76 65 73 77 75
574 536 577 568 571 569 571 566 563 566 552 521 516 531 516 511 506 540 505 509 511 477 471 439 440 436 471 438 437 398
692 694 744 741 697 700 698 703 699 701 702 665 669 667 670 673 674 676 677 681 649 648 640 649 640 637 640 650 653 620
534 501 511 493 489 258 264 268 269 270 271 233 232 238 240 237 241 324 267 265 325 326 324 264 265 264 262 268 265 264
769 770 542 770 766 770 771 767 777 774 778 761 760 778 745 696 661 659 667 654 651 646 643 646 647 650 685 732 374 377
71 74 80 83 56 46 43 40 37 29 31 34 65 71 72 66 26 66 33 38 65 31 66 35 36 66 76 66 70 73
930 931 379 345 379 378 381 378 408 409 407 373 779 782 735 745 657 766 774 767 616 619 613 608 607 601 600 596 589 587
744 696 813 346 814 816 350 348 737 736 692 686 668 686 677 673 672 687 711 729 712 716 730 368 370 773 768 773 767 616
66 38 34 33 34 33 37 38 36 30 63 58 87 85 57 63 64 65 31 32 28 24 22 6 10 23 21 17 20 18
635 639 644 611 609 610 604 570 569 573 575 578 613 601 582 615 616 604 610 614 616 618 620 579 582 549 767 765 763 657
906 889 804 887 906 892 804 888 886 906 888 891 890 805 887 886 906 890 891 890 803 874 891 876 807 875 808 811 807 873
138 137 131 129 128 78 74 77 83 56 47 43 37 44 40 63 65 63 75 66 34 30 37 7 26 24 25 20 26 31
171 175 172 174 176 200 201 199 162 152 151 152 108 106 111 157 151 148 151 152 149 148 154 108 157 156 152 137 143 140
729 364 362 395 399 403 398 773 403 401 434 400 437 443 483 487 492 514 515 494 490 487 489 485 483 486 451 450 446 480
311 313 315 313 311 314 317 239 317 316 315 312 314 317 239 240 232 230 233 232 243 913 791 797 925 339 334 339 379 739
933 936 935 932 931 345 741 341 740 734 373 411 412 449 448 452 453 485 452 329 328 245 249 251 330 326 321 233 235 239
480 496 493 495 499 497 501 498 493 519 492 518 514 510 514 517 552 580 575 610 646 644 645 611 605 609 613 582 579 585
952 951 948 951 952 949 946 949 946 943 945 947 949 951 949 948 946 949 946 943 946 948 949 952 950 949 950 952 951 948
399 773 370 374 377 379 373 381 380 929 338 926 929 414 338 379 411 377 742 737 372 351 816 351 818 820 819 816 350 356
530 531 500 503 539 540 506 503 500 506 511 500 547 542 543 506 475 511 509 541 542 770 773 366 401 438 428 425 445 422
212 247 213 217 247 231 236 241 324 328 252 328 331 328 326 322 327 334 327 334 329 331 335 334 415 452 413 380 378 411
679 681 677 671 667 658 633 668 665 669 704 698 810 886 884 743 782 784 883 887 884 886 906 909 908 891 801 891 877 881
543 510 477 461 492 457 449 415 411 377 341 377 376 377 338 380 414 419 422 445 444 475 443 441 479 482 485 486 554 550
288 287 289 290 291 293 295 297 299 297 299 298 297 298 296 297 299 300 302 301 300 298 299 298 300 301 299 300 298 299
211 205 215 200 205 212 235 245 324 246 912 795 336 333 413 409 448 447 449 451 454 483 454 456 452 451 780 447 452 257
299 297 299 300 298 300 302 304 303 301 299 300 302 301 302 300 299 297 298 299 300 301 302 304 302 301 303 301 299 298
100 106 104 105 109 111 158 196 162 146 143 137 141 149 161 134 128 129 133 139 142 144 168 167 172 166 168 167 168 164
482 453 445 444 425 444 438 428 426 424 425 422 411 373 412 414 417 415 419 445 412 377 347 815 812 882 741 698 697 701
330 451 257 756 753 749 255 254 750 751 213 219 228 224 229 265 263 261 262 257 260 328 250 248 250 247 251 252 247 245
217 751 250 248 324 328 263 328 245 251 247 213 219 214 215 205 212 214 177 178 174 177 173 176 174 172 169 165 163 150
539 541 509 477 473 474 478 472 437 475 477 513 512 508 477 507 475 773 440 403 396 394 389 387 390 393 396 400 438 472
332 337 909 250 251 260 254 221 256 257 451 481 479 482 780 759 657 621 590 625 655 619 586 618 601 606 607 601 596 600
139 90 87 60 49 51 49 50 49 48 49 56 46 59 64 74 75 70 38 39 34 70 68 70 35 36 32 29 28 23
509 540 543 540 504 470 471 472 443 426 428 424 428 424 422 418 419 422 408 776 402 443 404 437 438 434 427 472 441 444
721 724 685 725 675 681 683 649 680 722 720 716 714 719 722 718 726 716 722 683 729 684 731 729 367 366 369 372 374 733
676 671 668 670 674 678 677 675 652 654 652 622 627 658 620 579 604 605 606 647 642 639 647 650 617 579 584 563 559 555
300 299 300 299 298 297 296 294 293 291 293 292 293 295 294 293 291 289 290 292 291 289 287 289 288 290 288 287 288 287
533 529 551 531 544 546 516 512 535 531 532 577 581 551 581 580 613 606 601 600 605 639 637 642 647 648 683 680 728 688
742 377 373 380 382 373 412 444 442 447 405 403 405 410 373 409 376 373 379 930 928 343 346 349 346 344 741 345 741 882
59 64 45 40 36 32 0 2 7 6 7 19 10 15 16 13 15 10 23 21 7 29 34 67 38 67 75 64 41 47
850 847 848 847 844 840 839 838 839 834 832 838 839 843 842 845 847 849 848 847 845 840 842 836 842 844 841 843 844 838
194 190 560 566 583 601 603 606 604 578 604 605 611 613 611 647 648 638 633 638 636 667 659 746 662 744 694 735 739 744
411 379 410 374 776 443 481 512 547 577 571 567 568 532 568 570 566 560 188 191 194 195 199 162 152 136 135 134 135 141
812 696 739 376 411 449 418 448 419 448 444 448 443 460 463 460 479 481 451 453 479 478 509 508 509 478 482 444 402 443
677 678 645 678 681 686 683 678 645 639 633 655 670 667 665 663 667 671 673 641 647 641 642 639 602 600 595 188 183 182
532 568 570 600 582 583 577 551 513 514 477 483 457 458 462 464 442 422 427 467 470 505 508 511 506 471 439 404 422 407
118 115 117 119 123 120 119 120 123 117 118 115 122 123 111 158 196 197 219 227 225 258 264 326 325 324 246 903 904 902
846 845 848 847 842 836 830 833 827 831 829 833 835 837 831 828 834 840 836 831 832 828 834 829 834 831 826 828 833 836
858 833 831 832 837 834 829 828 826 820 818 351 375 345 377 412 414 380 383 388 356 369 372 371 733 351 352 733 735 782
897 895 900 914 901 242 791 901 912 245 792 790 915 913 898 918 920 917 921 797 796 924 879 881 800 802 894 892 904 902
165 169 170 172 171 174 172 171 172 203 197 179 175 176 201 211 210 208 209 204 215 204 201 217 251 253 252 254 260 487
809 807 876 802 874 872 870 872 806 811 814 815 346 341 880 786 908 891 904 891 893 899 902 904 907 891 874 871 875 801
658 689 660 747 753 221 216 221 184 182 177 176 173 172 173 204 173 177 174 180 200 166 174 169 175 173 177 183 151 157
738 745 696 705 710 715 717 719 722 683 672 674 684 686 671 653 689 693 663 697 702 697 695 697 736 739 741 743 738 742
31 30 62 79 67 38 70 65 69 66 70 75 70 66 38 35 36 32 0 29 32 37 42 39 43 46 56 54 55 52
841 838 833 858 855 858 855 858 860 858 856 857 854 856 858 859 833 830 825 822 828 827 823 828 825 830 836 831 825 829
722 715 726 716 727 725 685 725 722 718 722 725 721 725 726 359 356 354 717 721 719 722 725 682 646 645 682 687 733 688
630 626 747 745 748 749 753 754 757 763 623 588 582 588 597 582 619 647 606 618 646 648 653 648 653 656 694 664 661 662
661 747 758 781 783 784 739 410 409 380 931 930 929 380 379 345 378 338 379 343 929 379 342 931 927 342 739 372 347 346
556 756 755 256 254 220 251 254 253 749 254 753 751 755 781 780 758 778 763 657 629 634 635 633 652 640 671 667 658 632
476 438 422 420 425 422 411 338 335 338 412 379 340 926 929 417 423 441 427 441 401 443 408 446 482 476 480 492 493 527
950 952 950 952 949 947 944 943 944 946 947 946 949 948 947 944 947 950 949 946 945 942 939 938 936 937 935 933 935 936
28 24 22 25 21 23 17 53 57 47 63 38 44 37 41 39 35 32 29 7 22 19 25 19 8 41 40 45 43 44
29 33 28 33 5 37 62 61 86 83 80 96 95 100 132 136 138 137 165 166 161 159 161 154 153 150 165 161 167 161
647 640 635 598 589 559 563 584 589 596 601 613 570 571 578 617 603 604 608 609 607 603 599 594 590 626 657 692 745 743
633 669 672 668 665 693 656 657 759 756 253 247 244 320 322 324 246 912 899 914 911 787 883 908 887 884 786 880 796 790
894 801 875 871 869 872 871 807 876 801 804 805 809 805 873 805 803 888 884 881 878 788 336 331 326 328 324 247 245 242
354 818 350 355 352 349 354 357 352 351 347 741 347 344 346 376 349 353 368 734 691 729 713 729 690 660 689 691 656 690
161 134 129 106 74 73 71 70 66 27 59 62 66 36 4 37 3 32 37 32 28 29 23 27 28 0 29 31 35 4
591 587 620 654 655 658 625 593 185 593 186 154 149 161 153 157 160 199 197 193 188 184 592 590 584 555 521 256 521 522
110 111 106 107 110 112 115 158 153 159 196 197 221 557 561 588 623 657 620 624 585 565 551 532 537 534 547 552 587 623
106 111 105 109 106 100 77 60 56 51 55 54 17 20 47 43 44 11 43 59 47 55 23 44 66 68 69 34 4 0
313 315 318 317 271 320 244 232 321 232 229 234 233 229 267 233 234 239 235 239 234 233 234 244 234 232 248 250 248 252
896 899 914 917 898 900 893 803 877 801 894 892 890 905 888 892 804 891 894 799 877 800 803 807 875 877 891 906 787 882
322 320 316 319 321 241 240 236 233 321 236 317 236 241 245 244 246 212 235 232 236 230 270 233 234 228 224 222 220 217
218 194 191 195 196 192 115 112 117 118 120 122 123 126 131 129 81 85 80 63 42 38 43 38 37 40 42 45 56 58
274 269 274 269 270 230 226 266 262 257 252 333 339 378 376 741 347 346 344 931 928 929 381 379 740 344 342 928 932 925
435 401 366 369 385 391 390 393 396 393 395 403 393 388 393 389 394 396 393 391 389 386 389 390 395 390 385 407 382 381
824 830 827 831 837 833 831 836 831 835 833 858 859 857 858 857 856 858 859 857 858 833 829 832 829 831 833 835 832 827
760 549 553 763 766 657 625 623 763 586 601 600 582 615 650 646 614 579 611 617 654 650 617 616 579 612 611 575 573 574
519 484 483 451 482 477 483 482 777 767 766 778 780 447 409 407 405 408 446 482 476 445 441 437 434 433 428 430 429 433
56 51 54 17 16 11 9 12 8 19 7 21 22 11 18 11 44 19 7 29 24 22 17 14 13 12 7 8 26 21
337 335 331 415 335 338 377 408 450 408 404 402 444 439 402 443 474 511 500 497 501 499 474 475 435 471 477 442 476 481
920 919 921 920 923 796 923 920 919 921 924 795 336 926 932 928 925 795 912 900 914 912 242 239 236 230 227 232 212 217
566 564 567 569 576 542 576 547 515 490 518 482 457 480 476 507 478 515 554 486 488 257 260 261 256 252 330 328 329 252
441 476 438 428 438 472 474 514 546 513 552 585 587 586 620 590 558 557 588 587 589 587 551 581 568 577 549 516 522 521
699 809 811 812 742 784 786 883 888 904 893 900 897 893 891 883 884 744 746 754 752 627 624 587 759 746 783 779 412 411
401 471 440 400 398 395 366 370 772 776 447 442 464 477 478 442 478 477 509 507 508 499 470 475 442 437 425 420 426 428
708 733 371 377 406 779 776 402 774 764 765 775 764 549 544 549 546 551 545 767 775 731 366 369 400 365 362 367 402 444
779 777 779 758 754 557 558 555 550 532 548 550 764 546 516 512 516 547 543 540 505 539 543 513 496 491 489 485 519 258
182 178 147 175 169 147 145 148 140 152 108 110 156 153 160 158 111 105 108 103 97 92 90 97 103 80 68 71 70 64
585 624 586 601 597 595 596 599 605 615 617 613 616 617 598 624 585 617 581 568 578 574 535 576 545 579 575 612 605 608
371 374 743 738 733 371 733 375 733 374 779 782 781 762 782 742 743 740 738 347 741 737 372 738 743 745 744 745 761 745
891 888 909 787 911 788 909 249 244 248 245 243 903 243 240 236 237 241 239 237 238 232 236 317 314 313 312 315 312 310
479 476 472 463 426 435 475 460 463 460 456 461 479 441 408 449 415 331 326 323 327 251 328 263 224 263 228 215 228 267
768 771 768 767 763 587 551 554 488 484 480 460 445 442 427 429 431 434 437 433 436 469 471 440 443 474 477 476 470 506
461 479 477 460 480 476 459 456 453 451 482 450 452 257 487 259 260 248 216 250 248 328 333 788 797 880 337 339 340 879
44 11 9 8 37 7 24 23 47 43 46 42 38 65 62 66 71 73 79 48 60 64 66 44 60 77 73 78 80 62
88 96 102 101 98 68 75 73 64 82 78 64 62 66 27 28 27 23 17 10 18 17 16 19 13 18 17 11 6 3
575 577 613 581 616 653 615 646 681 645 679 725 688 686 683 688 684 683 684 679 722 684 677 674 685 690 667 666 669 633
618 602 618 639 637 666 633 632 622 633 666 633 639 638 640 645 639 650 636 618 582 549 584 565 555 523 525 522 554 520
805 875 871 808 811 810 697 744 692 663 664 669 674 672 675 672 676 683 729 688 736 690 653 658 747 658 692 686 668 686
457 449 446 449 452 485 257 254 256 258 256 487 517 481 516 551 547 544 534 547 534 500 496 464 473 442 474 514 483 482
615 616 653 690 656 619 616 601 586 589 584 551 547 577 549 517 521 256 260 330 260 258 486 258 256 254 251 255 259 228
670 673 682 645 680 682 728 682 647 613 576 616 582 605 609 610 576 577 579 615 616 621 654 649 680 682 686 649 682 679
817 818 350 356 388 389 387 386 381 386 387 385 372 409 411 415 413 414 417 416 415 452 450 480 445 479 456 461 463 477
151 153 147 165 169 147 145 140 144 168 163 164 162 163 162 196 183 181 183 182 176 182 180 175 170 171 169 171 167 162
879 878 802 890 888 890 805 875 871 874 891 886 885 662 658 622 591 588 590 558 563 566 567 572 573 536 537 535 512 531
440 474 505 507 511 497 530 534 544 542 543 504 511 507 504 502 499 497 491 496 510 505 538 540 543 500 502 497 495 493
876 804 888 884 908 788 337 342 376 411 415 448 378 784 781 784 739 735 743 341 340 785 885 908 884 696 737 348 817 814
526 530 534 500 510 513 553 763 777 767 549 580 549 548 552 581 567 562 566 571 578 614 605 602 598 594 592 595 597 600
502 504 506 474 475 443 478 507 472 437 400 402 407 443 439 477 471 440 404 422 419 425 420 425 436 425 428 429 431 426
767 549 514 516 552 584 583 585 600 601 604 609 604 600 585 623 590 587 553 551 545 548 580 549 545 510 542 541 505 508
319 316 318 317 320 241 321 324 232 228 216 228 233 321 264 266 226 229 234 238 237 235 237 232 230 232 235 233 231 212
856 858 833 858 855 854 855 858 857 856 858 857 854 855 854 855 853 854 853 854 853 856 859 858 833 828 832 829 823 827
622 656 694 699 701 703 708 736 688 732 684 725 685 686 681 727 365 361 364 360 356 350 819 824 822 825 831 829 828 830
80 73 98 101 104 102 99 74 73 103 104 101 97 92 88 96 91 88 86 87 86 88 87 79 82 86 82 61 76 65
353 350 818 823 818 820 823 819 350 819 821 820 823 818 821 818 351 713 717 718 719 358 353 350 815 814 813 706 699 813
65 95 69 30 38 70 65 69 66 68 75 72 75 76 70 34 33 37 3 8 11 21 18 19 17 13 18 23 59 48
639 640 642 637 651 648 671 640 647 651 639 637 640 643 648 649 650 647 639 602 604 601 617 622 650 646 616 619 613 577
35 38 40 45 60 45 40 5 2 4 37 44 45 41 40 39 34 32 31 27 62 59 20 47 46 53 49 56 52 49
352 372 376 407 409 411 377 412 446 478 472 476 477 514 513 553 763 657 693 689 728 683 675 652 633 667 636 633 622 654
865 862 865 864 862 859 833 834 836 837 839 841 843 840 842 846 847 849 850 852 851 847 851 848 849 851 847 845 848 843
913 899 915 912 909 880 881 785 787 888 804 805 803 875 804 887 889 886 662 660 663 656 662 886 888 906 908 906 905 903
175 147 165 172 169 172 166 176 179 200 179 150 162 152 158 162 157 193 195 192 197 201 202 198 194 195 193 196 192 189
396 401 396 393 391 392 366 395 392 388 389 394 396 436 403 400 434 425 427 472 471 469 507 502 497 514 546 513 547 544
270 267 272 269 266 226 223 218 196 198 215 228 226 219 198 201 219 217 254 256 221 216 214 177 180 177 172 173 175 165
743 695 741 739 741 785 337 332 338 784 741 882 787 907 908 887 882 879 798 800 880 878 787 910 907 910 789 799 796 788
497 501 499 494 515 518 553 486 483 484 457 446 481 478 483 446 443 442 404 406 409 406 374 743 741 375 733 738 739 784
941 942 944 947 948 951 949 948 946 943 946 949 947 946 949 952 950 947 948 947 949 951 949 948 947 944 941 943 940 935
418 416 414 413 409 372 373 407 411 382 410 411 412 407 447 483 514 515 492 494 500 501 511 493 516 517 552 551 547 543
90 91 88 89 88 84 83 61 62 34 36 66 62 83 57 87 58 80 83 87 80 63 38 63 43 8 13 19 16 10
238 232 263 266 265 268 269 272 270 269 266 229 234 244 236 232 238 232 248 242 914 898 918 921 918 919 922 795 791 789
18 17 20 21 17 11 9 7 10 18 16 14 10 23 10 20 18 10 7 24 27 26 33 5 6 10 14 12 18 16
20 11 44 49 44 38 36 39 42 46 48 63 38 63 58 55 17 55 59 62 60 58 20 17 14 10 14 15 11 18
342 376 411 415 445 444 401 396 397 399 366 403 366 369 373 739 742 340 336 794 913 790 910 787 801 876 877 800 876 807
552 565 563 564 563 565 555 521 756 780 762 757 257 488 518 480 481 480 477 513 764 774 766 657 746 750 751 253 251 252
268 325 265 225 224 222 217 180 197 218 213 903 904 907 885 661 657 746 781 780 756 253 257 328 247 911 907 888 909 883
339 379 376 382 380 410 407 403 398 396 400 434 436 474 505 539 542 548 552 585 566 571 570 568 566 565 563 585 584 557
199 204 212 215 202 204 200 179 147 178 172 175 173 210 214 216 218 216 224 218 216 218 197 219 217 752 749 748 626 632
145 147 148 145 144 147 145 139 89 93 91 96 100 96 92 90 92 91 97 94 93 99 81 82 80 88 87 88 87 61
583 584 551 528 531 529 526 524 521 518 490 493 491 494 491 494 489 519 518 482 513 508 546 551 565 551 547 550 519 492
864 865 866 869 870 872 870 869 866 865 863 864 865 867 870 867 869 866 869 868 866 868 867 866 864 861 859 858 833 858
673 674 648 639 642 641 673 671 667 633 631 627 623 583 613 575 574 573 575 569 575 611 612 575 569 575 580 613 615 616
253 257 259 255 756 758 746 658 591 587 585 620 616 654 632 659 626 622 586 621 590 591 587 558 561 562 587 562 563 558
504 507 475 477 463 477 513 512 549 509 540 504 543 534 543 547 548 550 511 513 550 509 543 546 764 513 514 481 515 477
614 617 601 585 562 588 589 188 185 183 180 218 194 218 224 218 219 198 194 193 183 193 157 195 196 201 216 215 210 212
709 704 690 687 684 679 682 725 687 731 370 773 770 771 766 770 542 547 531 535 537 540 509 511 493 494 493 491 490 491
169 168 146 152 108 111 122 116 119 118 121 117 114 123 126 123 126 81 79 74 79 75 72 67 80 100 101 98 73 74
424 425 422 445 408 403 393 388 393 396 392 395 397 402 399 398 399 772 401 475 773 769 767 773 771 765 761 775 731 712
25 7 5 36 39 41 39 38 44 49 53 49 52 49 43 42 46 53 20 22 26 27 28 0 3 36 4 3 8 7
200 195 194 195 192 189 559 589 620 579 578 570 572 575 581 579 582 617 614 616 576 575 577 613 610 646 645 648 645 649
370 372 376 345 348 376 349 384 385 372 375 737 696 812 807 804 874 872 871 872 806 874 871 868 871 869 872 874 807 877
545 579 569 577 576 574 571 578 572 581 613 581 552 517 549 580 552 520 258 486 258 489 258 256 221 753 747 781 777 763
142 141 164 162 151 162 152 150 165 172 170 174 170 166 200 204 208 209 205 209 173 210 212 215 212 209 208 209 208 206
538 541 535 546 580 569 581 565 569 579 548 581 579 552 585 620 624 621 618 598 604 615 611 610 576 573 575 571 567 571
220 216 213 211 176 173 176 182 185 188 589 623 585 581 565 568 565 566 578 571 572 575 574 576 569 582 581 549 554 549
471 401 475 473 466 472 437 403 444 410 406 372 374 782 374 739 734 739 734 735 782 742 375 740 376 734 369 373 378 375
62 24 28 27 25 21 7 10 15 13 9 18 11 22 6 2 33 35 69 34 29 4 34 70 38 36 33 31 65 99
627 593 627 593 187 186 182 151 150 152 158 150 164 141 164 169 164 160 165 150 159 156 155 107 102 73 65 77 102 105
250 909 786 784 786 884 786 785 341 376 734 351 815 350 815 814 815 347 737 371 369 730 372 406 373 369 404 442 473 468
833 835 840 841 842 847 845 840 835 839 834 832 831 827 832 830 829 835 833 832 828 831 836 840 836 840 837 835 831 826
825 822 828 830 835 841 837 838 834 833 835 838 839 834 833 831 825 822 828 824 830 827 833 832 833 860 833 827 824 829
444 448 407 421 407 385 381 378 339 333 413 378 377 341 343 926 932 927 926 343 341 377 374 406 411 415 448 447 449 413
710 708 707 703 699 697 705 697 702 703 698 697 698 699 704 706 703 705 699 809 697 809 697 693 667 689 683 685 686 729
6 4 37 44 40 35 70 73 102 104 129 104 152 149 148 146 142 137 149 148 152 137 149 152 158 111 107 102 108 110
690 704 669 664 668 690 686 656 686 687 692 687 671 672 690 652 633 631 658 657 626 657 766 650 612 614 601 581 613 619
620 582 566 563 566 552 553 548 535 530 526 530 532 535 576 575 579 576 542 510 542 544 548 553 555 559 563 568 581 579
780 409 406 411 373 380 338 414 378 379 412 449 446 441 408 447 482 485 515 497 492 461 495 496 514 476 471 435 470 435
86 84 57 48 63 59 44 63 58 80 81 85 84 81 83 56 46 59 58 47 56 58 20 47 44 58 61 84 88 85
60 44 56 60 45 60 65 68 73 71 74 67 75 63 65 77 102 74 106 129 132 107 133 139 149 139 138 140 148 137
871 806 873 803 874 877 882 787 883 784 744 693 689 659 654 636 648 683 686 690 694 660 622 591 587 557 587 562 581 601
431 433 424 426 472 437 426 423 426 428 429 431 432 428 429 428 430 427 437 426 445 419 423 421 416 415 449 412 334 330
308 309 307 304 306 305 307 305 306 304 302 300 299 300 302 301 302 301 302 304 303 305 307 304 307 305 307 306 307 305
391 393 403 444 450 479 514 546 513 510 496 515 513 477 483 450 445 422 425 440 436 437 403 773 770 774 478 440 479 510
87 79 74 77 65 63 45 63 37 39 37 39 8 39 36 5 40 35 34 26 33 2 3 37 42 44 56 50 45 48
287 285 283 285 283 284 285 284 282 279 277 278 280 281 279 276 273 272 274 276 279 278 277 276 278 277 280 279 282 283
5 10 19 11 8 11 6 22 6 7 21 11 18 10 17 55 59 53 48 49 45 40 41 34 4 7 6 11 15 17
2 29 2 29 24 23 18 22 27 26 33 26 37 43 49 56 46 41 43 12 7 8 43 40 36 38 44 40 37 8
398 772 767 775 776 405 475 506 503 504 501 502 507 511 480 482 777 757 755 256 253 249 244 235 245 235 240 244 234 236
13 9 4 29 32 35 32 35 39 35 31 35 38 63 47 59 26 29 32 0 28 30 69 35 37 29 4 0 2 3
455 459 462 467 466 467 472 468 469 507 499 508 543 506 540 544 534 543 507 473 471 477 499 495 493 514 474 506 540 544
554 553 517 483 460 453 481 487 259 220 259 264 260 263 224 223 258 257 452 446 485 514 546 506 500 531 515 485 483 514
475 473 511 514 519 514 483 453 456 483 447 446 457 455 458 453 484 515 495 477 461 479 405 437 403 444 418 449 413 336
946 945 946 944 946 944 943 944 941 942 944 946 948 946 943 942 940 943 945 948 946 949 951 948 950 952 949 952 949 952
638 634 636 638 651 686 673 640 635 636 633 666 668 671 687 726 723 725 731 367 372 385 373 734 371 730 733 708 687 684
691 687 692 688 729 364 728 683 652 668 666 659 663 662 886 887 908 750 749 254 251 249 333 910 788 879 800 879 786 884
349 352 356 367 366 361 362 394 365 369 399 369 402 397 435 441 422 411 373 368 355 733 732 735 689 667 632 654 621 590
426 443 480 457 455 456 459 462 464 459 457 481 480 447 444 776 409 378 738 732 736 690 691 735 375 739 410 411 379 375
262 226 227 231 226 231 236 234 235 245 323 332 331 328 257 757 755 781 765 776 778 781 743 739 374 372 371 375 742 340
36 34 31 35 32 36 38 36 38 36 34 69 95 69 65 70 35 36 39 38 34 36 35 30 4 37 34 4 32 37
549 587 555 559 556 759 755 781 779 778 775 767 770 772 768 777 761 775 767 762 759 761 780 781 746 755 749 755 756 255
939 942 940 939 940 938 941 939 940 936 934 933 934 931 930 929 342 740 812 882 741 743 785 340 786 884 744 885 908 884
75 68 69 76 60 65 30 35 40 38 37 40 5 4 36 8 7 37 66 33 35 36 3 7 18 21 16 10 9 5
607 614 578 612 646 649 680 728 686 675 674 681 645 647 616 581 617 608 611 615 649 651 648 646 614 647 642 645 644 647
748 759 764 775 772 775 772 776 780 778 765 764 761 745 785 743 374 370 374 737 742 375 349 383 384 352 357 359 354 358
901 903 911 245 251 254 250 216 213 246 248 324 245 911 790 913 903 246 212 231 232 235 244 243 914 901 791 913 797 794
358 359 716 730 372 730 367 366 368 365 359 362 365 366 402 370 735 734 729 727 729 732 692 696 812 815 817 815 814 815
445 441 405 406 402 444 409 405 440 773 774 769 770 773 405 406 400 434 397 395 397 396 399 437 443 446 441 440 478 446
45 62 24 28 32 0 1 2 6 2 7 8 23 62 34 30 26 58 64 41 66 64 80 100 95 101 133 134 161 149
924 926 343 929 379 412 447 409 375 739 784 741 347 376 407 380 407 445 460 442 439 425 445 447 480 447 444 441 440 445
746 659 627 629 632 623 589 597 601 618 622 590 627 747 745 778 779 780 755 751 748 758 760 763 623 591 594 625 621 590
242 794 791 921 795 790 910 250 217 221 557 554 555 588 592 559 585 623 591 621 583 581 570 582 588 590 625 593 624 592
938 936 935 932 342 379 346 375 739 373 381 379 414 413 448 446 480 446 457 460 480 485 452 454 451 484 451 450 484 451
716 720 715 713 733 351 349 372 409 778 409 410 414 419 417 418 423 424 427 426 442 472 463 442 476 438 427 438 433 425
108 152 137 135 141 145 147 150 179 185 186 184 627 631 627 629 630 628 592 597 601 595 594 598 601 606 609 575 569 548
148 153 108 157 196 194 222 227 201 204 173 177 176 177 172 177 175 179 150 140 144 147 145 149 161 156 157 160 164 141
540 506 505 540 508 546 580 551 580 581 616 649 647 649 639 651 650 646 652 685 680 728 715 716 715 720 716 359 365 360
853 854 852 853 850 851 848 844 843 845 839 844 843 840 841 844 841 836 838 832 827 826 822 824 822 827 828 832 838 837
61 59 64 99 73 69 35 40 35 34 36 38 30 26 58 47 52 16 15 18 15 16 47 55 51 55 48 52 48 59
870 869 870 873 806 870 873 872 871 875 801 803 890 805 875 801 905 892 905 908 911 245 244 234 239 317 318 319 315 319
940 941 943 941 939 940 943 946 945 947 948 951 948 945 944 947 946 944 942 939 935 933 936 935 937 940 937 938 940 939
486 757 450 447 405 408 406 405 436 433 438 400 397 398 772 765 769 767 775 765 781 765 774 770 766 769 774 770 772 771
747 762 779 410 405 404 392 395 396 362 359 356 360 363 399 365 368 353 356 368 359 730 371 367 363 359 730 725 683 675
410 375 377 406 776 774 763 774 763 774 405 403 398 403 406 411 448 444 411 373 407 373 779 738 733 737 734 733 734 371
97 98 100 101 100 105 100 104 136 135 137 134 138 134 133 137 148 149 148 154 150 161 164 168 172 173 209 208 206 203
281 278 279 277 274 269 271 267 324 319 318 268 262 268 266 261 256 756 747 783 739 378 779 776 402 405 400 440 398 772
753 751 250 911 788 796 925 926 339 927 342 378 338 411 415 456 484 450 456 479 443 773 440 439 433 436 399 401 439 443
48 50 46 47 56 61 84 88 86 61 64 74 102 100 97 92 89 96 94 100 96 100 77 83 80 73 72 77 74 71
128 84 58 61 80 74 79 62 63 38 39 38 30 37 42 45 60 55 23 62 28 62 80 62 44 66 33 0 1 3
803 889 892 802 803 887 810 807 873 874 875 891 877 787 340 927 928 929 931 934 932 926 927 343 338 337 338 414 334 335
560 564 562 552 555 516 517 514 510 496 490 496 473 443 473 460 458 480 514 481 487 260 330 252 328 253 783 784 743 695
210 211 213 243 246 250 248 243 913 914 790 799 877 878 882 784 787 801 803 888 786 882 742 737 371 776 447 406 371 737
700 697 741 735 695 732 734 739 736 744 884 697 736 374 740 742 737 372 409 412 408 414 413 447 441 472 438 472 466 461
777 447 446 483 478 514 519 524 519 524 525 524 523 525 528 519 258 520 557 521 516 548 576 577 578 566 570 581 566 570
642 644 643 644 614 616 605 607 610 605 647 619 583 566 564 569 578 577 568 566 585 557 754 627 623 763 657 619 649 652
468 470 476 507 478 513 478 507 471 474 476 475 464 474 470 475 435 434 472 441 401 471 507 510 480 484 519 490 515 553
448 418 413 377 742 785 883 884 787 789 796 924 799 878 797 879 881 884 742 696 884 787 911 905 903 910 909 250 249 329
392 404 425 424 433 424 425 438 434 427 438 427 435 438 426 427 426 425 428 438 444 412 450 408 378 380 411 417 416 419
493 514 492 490 489 494 527 529 533 527 522 258 522 524 522 516 481 487 453 447 448 482 476 511 517 757 763 768 764 767
478 479 510 513 518 514 520 515 520 258 521 520 515 492 515 478 473 472 468 472 477 492 494 496 507 512 497 512 516 514
776 779 745 779 762 745 657 745 747 745 758 782 757 778 763 583 553 519 523 522 555 551 520 523 558 521 588 557 556 583
580 576 582 584 558 587 584 585 581 572 575 579 569 565 585 552 555 584 559 556 589 559 594 593 594 559 594 590 756 781
932 930 381 380 376 341 785 883 885 661 746 762 780 783 758 756 757 747 749 253 328 327 328 332 331 413 331 332 331 327
365 392 386 390 391 393 396 434 432 434 397 434 427 430 433 425 405 439 402 776 779 374 377 740 378 448 780 777 409 374
68 74 79 82 57 85 58 24 22 12 19 47 59 24 55 24 28 29 23 27 25 21 23 7 10 22 11 9 4 33
778 764 774 761 781 782 744 739 741 882 810 887 809 808 700 809 811 699 813 346 375 372 352 734 370 407 425 437 399 437
386 392 386 388 387 388 389 394 390 388 383 349 352 349 351 817 816 819 821 826 822 820 825 819 823 819 354 352 350 817
893 799 899 902 914 917 921 923 797 922 797 791 921 918 920 923 790 915 900 916 918 921 917 898 913 903 243 912 794 242
324 328 261 225 227 230 266 228 223 255 216 250 751 748 626 747 760 556 520 552 580 616 653 651 645 677 681 645 644 649
180 193 157 151 146 142 145 146 169 168 141 169 174 169 147 145 141 149 152 157 108 111 158 159 158 157 160 163 200 197
320 321 325 322 324 241 238 233 321 326 333 336 339 379 377 375 346 343 340 378 410 372 369 731 364 730 370 730 726 718
373 405 400 398 440 400 440 476 477 471 469 466 461 480 475 445 423 442 464 466 463 459 462 463 459 464 465 461 476 443
369 405 406 441 444 401 403 436 475 443 446 484 493 496 508 504 505 538 535 577 566 577 572 574 578 548 581 616 579 577
408 413 448 479 475 470 469 473 508 499 503 499 512 514 510 474 443 472 440 402 395 392 399 367 366 362 367 372 384 369
795 336 795 798 790 787 888 889 885 906 909 784 781 780 762 778 776 777 775 762 758 777 782 738 779 775 774 778 774 770
307 306 305 304 303 302 303 302 304 303 304 303 301 299 298 299 297 299 297 299 300 301 302 304 302 304 307 304 303 301
346 814 811 698 810 884 886 810 700 697 662 745 783 742 344 740 347 815 349 346 347 375 352 372 731 366 406 371 776 374
24 26 21 17 16 52 50 46 45 46 51 54 59 48 45 50 45 48 50 46 56 61 60 49 50 49 60 87 83 60
520 555 550 551 565 570 574 536 533 534 531 532 533 530 532 577 536 532 551 565 561 557 561 566 569 571 566 570 568 563
303 302 301 303 305 308 309 307 304 306 304 302 300 298 297 296 297 295 297 295 296 295 297 298 297 298 299 297 299 300
146 141 140 135 139 149 148 140 144 141 169 168 167 169 167 171 175 179 185 181 185 184 186 181 178 183 185 181 178 150
514 497 493 492 518 482 517 552 520 516 511 507 472 439 440 426 424 425 444 448 411 421 419 421 419 417 418 420 415 418
201 218 222 190 189 560 190 558 522 555 561 560 564 565 585 566 568 567 572 578 575 573 572 569 581 570 575 611 617 647
390 386 392 393 389 390 388 393 392 404 437 397 395 403 404 436 398 397 402 395 392 395 398 771 764 765 760 763 765 774
703 701 702 704 694 692 695 738 742 340 344 880 882 811 882 786 880 797 923 797 789 799 788 878 802 891 888 885 906 908
623 586 616 582 620 589 557 520 514 520 521 488 257 259 258 488 518 485 484 452 415 414 416 414 335 414 411 421 416 419
934 932 343 930 927 925 932 343 931 379 346 740 734 373 370 376 738 347 381 345 343 337 340 343 337 909 908 909 785 786
17 19 21 11 43 11 8 37 36 66 70 67 80 79 64 70 67 71 69 73 102 97 94 92 90 92 94 96 101 102
535 574 573 536 544 540 542 506 546 513 547 512 477 508 496 473 438 436 435 473 477 460 465 496 512 477 495 477 508 509
659 662 693 668 673 670 633 640 671 687 674 680 685 680 724 683 678 680 683 684 687 652 622 620 585 590 584 548 532 569
12 10 6 4 29 0 1 0 33 4 7 19 47 45 42 40 37 41 8 6 5 8 19 7 18 14 10 19 24 28
605 607 603 604 582 587 583 566 560 557 522 556 557 590 594 187 190 557 555 558 590 754 591 623 625 627 184 185 183 192
576 579 575 608 609 575 609 604 606 617 612 605 611 608 611 645 674 649 646 648 641 647 636 637 642 640 633 622 629 662
861 858 833 834 837 838 843 839 838 844 846 840 836 840 845 840 839 842 837 842 838 837 839 838 833 860 862 863 860 858
447 410 406 370 402 400 398 471 401 436 399 365 399 400 393 392 365 359 367 729 728 734 731 728 726 731 732 695 744 746
810 805 807 872 807 803 874 872 873 875 872 869 868 871 805 803 888 886 662 660 622 632 659 689 659 633 631 633 631 626
628 630 632 657 656 693 668 671 682 676 680 645 644 611 613 617 613 601 600 570 580 578 579 616 582 615 646 647 651 646
712 725 684 732 729 686 650 621 591 586 597 559 586 556 562 554 558 557 555 562 552 521 517 519 484 478 442 438 433 428
452 450 453 484 487 258 256 756 747 748 626 631 625 631 634 630 662 885 744 741 375 740 696 742 785 696 742 882 811 813
512 500 509 771 772 765 759 553 557 554 557 221 220 215 218 221 256 259 264 325 260 256 756 781 745 694 744 743 785 884
781 761 781 760 759 762 657 747 754 758 783 755 253 751 907 888 904 893 876 801 897 893 895 897 915 921 917 899 913 789
367 372 384 373 411 413 450 448 479 476 446 484 514 478 446 408 776 374 375 370 373 739 740 375 352 347 351 354 717 715
331 335 340 343 345 379 412 380 411 409 776 371 366 730 732 371 365 367 775 406 410 413 336 338 414 338 926 340 378 410
77 99 94 97 92 93 96 95 68 98 94 92 95 76 72 73 67 64 80 103 129 104 132 127 133 132 104 100 98 68
719 726 723 719 720 719 720 716 714 713 717 712 731 369 365 360 358 364 360 359 355 367 403 408 378 338 412 779 758 759
420 416 413 448 445 418 449 408 380 409 410 407 385 387 391 395 396 393 396 403 385 389 393 395 401 435 432 428 425 426
366 395 397 402 401 398 440 474 464 499 470 499 493 489 485 520 553 522 558 563 566 560 558 190 222 221 198 193 180 185
283 280 281 282 280 283 282 284 286 283 285 287 286 283 284 283 286 283 286 284 285 283 281 284 286 283 285 287 285 287
22 8 6 9 6 2 5 4 33 36 34 33 26 37 3 33 35 4 22 23 22 8 9 18 23 24 62 66 39 35
429 431 432 429 431 429 431 428 429 427 428 423 422 417 414 448 405 436 439 426 444 411 338 335 414 417 420 424 438 423
775 777 761 758 761 756 760 755 756 520 756 255 749 254 754 750 885 662 696 693 668 659 690 693 744 660 695 694 668 659
255 216 220 215 212 246 213 250 217 201 198 197 219 214 200 195 192 115 189 183 179 177 214 218 200 163 199 196 198 200
350 817 819 822 819 350 354 713 714 711 709 710 715 723 680 728 722 683 675 680 683 672 673 671 675 677 678 677 673 686
808 699 705 697 813 346 813 697 661 743 737 740 347 345 381 385 392 404 406 410 378 340 338 340 338 339 928 925 798 879
621 589 558 587 559 555 551 523 521 258 487 490 527 529 535 540 538 541 540 545 549 584 569 564 568 566 552 581 582 584
842 836 838 839 834 828 822 827 824 829 823 825 830 835 839 837 841 839 833 859 861 860 861 859 861 860 863 861 858 833
851 850 847 849 846 845 843 839 845 842 843 847 848 850 847 843 844 847 844 846 844 839 835 829 826 831 826 823 829 834
515 517 551 535 541 540 541 576 569 578 612 609 575 580 584 556 587 559 584 559 563 584 582 616 579 580 547 545 548 509
626 748 591 625 632 654 667 629 659 693 692 655 618 598 635 640 638 637 636 634 636 648 650 618 586 617 647 650 654 648
40 43 37 40 11 8 7 18 10 20 25 22 20 47 43 45 50 53 50 47 63 42 40 44 58 26 58 27 24 22
731 691 731 737 376 411 447 480 496 493 496 495 461 476 471 436 399 404 403 404 438 473 466 464 477 513 550 549 544 542
434 425 422 423 419 420 426 423 428 431 432 434 437 402 403 773 769 770 774 773 768 776 774 776 374 779 762 767 765 762
590 626 625 593 631 633 666 663 667 659 629 662 693 744 661 745 762 657 622 651 654 655 623 762 782 784 738 373 384 353
136 130 131 84 61 48 49 51 56 61 60 77 60 66 68 80 96 99 94 95 69 30 27 23 59 44 19 23 8 12
787 908 905 901 902 913 914 902 911 912 913 789 801 876 804 875 808 872 807 803 891 892 801 881 878 787 911 903 911 905
547 515 516 556 589 557 558 588 623 658 655 650 620 582 585 556 559 584 565 567 569 579 578 617 580 576 582 577 581 551
701 663 701 663 696 741 744 743 784 378 779 762 759 745 781 746 659 626 659 622 618 648 679 724 363 361 363 399 394 362
363 366 371 355 365 361 723 721 715 730 370 773 402 439 473 460 481 482 481 478 477 471 507 473 443 460 459 462 458 462
636 640 651 646 614 610 576 580 576 549 509 549 515 546 764 774 778 780 765 778 409 447 776 374 737 732 733 738 742 739
381 345 740 348 817 814 813 810 700 697 691 694 699 696 810 813 737 351 713 707 705 701 810 805 810 806 872 805 875 803
96 97 95 76 71 69 67 68 76 70 64 60 86 80 64 65 63 41 67 64 62 24 20 11 7 11 6 11 15 18
645 639 643 646 679 680 675 683 684 726 729 734 691 736 740 377 779 778 759 745 759 657 689 683 729 684 680 645 650 685
81 132 103 78 128 80 75 67 79 63 82 58 48 57 85 58 59 45 48 60 80 78 75 79 57 86 83 64 79 65
524 555 586 622 660 661 691 689 728 681 727 364 356 367 361 359 717 718 715 730 366 368 370 374 736 735 370 731 375 347
698 699 813 700 704 702 700 697 702 694 668 672 675 671 656 687 726 719 359 365 367 724 721 725 679 649 652 687 652 656
419 414 421 426 420 422 418 415 453 459 462 457 449 484 519 520 557 592 185 627 747 627 748 758 746 744 694 659 692 744
345 740 346 347 372 374 376 740 738 346 379 410 381 407 402 407 376 741 347 346 343 379 413 337 909 784 739 374 740 375
216 250 244 241 239 235 242 791 912 796 880 340 345 378 339 340 334 413 409 777 761 778 776 761 777 773 398 436 433 429
649 652 647 615 611 616 649 644 647 617 581 579 585 579 548 547 576 535 537 533 534 531 550 510 512 508 507 504 508 499
711 706 709 732 731 371 375 346 376 374 368 369 366 730 735 371 374 736 694 664 694 690 675 690 667 652 639 650 612 615
427 426 463 480 457 492 490 492 481 515 492 519 527 525 524 488 518 550 511 512 547 576 612 611 575 570 571 566 561 588
885 888 890 804 873 803 890 803 807 876 894 876 894 801 875 876 801 789 911 245 323 329 261 258 260 262 258 260 251 247
98 99 64 77 99 96 88 91 93 97 95 91 87 132 88 92 88 90 87 83 84 83 58 54 55 53 49 51 53 49
263 266 226 232 245 320 318 271 321 268 273 274 276 277 275 278 281 278 276 279 281 283 286 283 284 286 283 286 287 286
884 661 658 653 766 765 766 616 583 548 552 566 552 551 512 497 501 538 539 541 509 771 509 510 512 551 515 547 500 495
246 327 325 321 325 331 332 330 253 251 327 331 329 325 260 225 229 225 258 520 553 548 545 549 545 512 477 480 481 512
814 811 809 807 874 803 883 880 801 804 807 809 700 697 662 692 658 667 664 665 693 736 374 368 403 402 436 435 475 773
92 88 89 93 94 96 68 99 98 77 98 77 106 102 96 99 77 99 93 99 77 76 72 75 63 60 86 82 64 77
505 544 542 771 766 761 756 254 748 751 907 904 903 904 893 905 890 802 892 904 908 785 909 250 251 249 333 334 452 482
581 566 585 563 559 587 582 600 582 581 567 569 579 583 579 612 610 604 579 548 535 537 540 537 540 503 499 500 510 496
771 773 370 373 385 407 382 381 375 346 376 739 374 410 414 929 411 448 409 406 443 447 482 447 441 426 427 424 426 423
72 68 67 77 100 129 81 86 88 87 58 61 44 64 66 36 30 69 30 63 75 63 60 58 55 58 20 58 85 81
736 739 374 731 369 403 400 401 366 369 365 403 395 391 389 385 391 390 391 395 399 364 369 402 776 761 757 761 758 764
78 128 81 57 80 96 101 133 156 159 156 150 154 157 156 109 115 191 116 121 118 117 122 123 126 125 110 122 119 117
144 138 141 139 137 143 137 145 147 141 137 139 90 136 130 131 127 126 81 85 84 80 76 65 64 44 23 61 84 57
652 689 671 656 660 695 733 728 734 735 691 694 668 672 690 668 656 650 646 613 579 548 582 579 610 612 616 612 605 647
494 500 501 508 500 505 508 502 503 543 510 499 497 527 516 521 756 781 746 750 747 590 620 625 631 628 627 747 749 754
854 855 854 856 855 857 859 862 864 862 861 862 861 862 860 858 861 859 862 865 862 861 860 863 866 865 863 866 867 865
849 850 848 850 853 854 852 851 850 851 853 855 854 853 851 848 851 853 855 854 853 852 851 848 849 850 847 851 848 845
84 132 103 73 78 79 64 69 71 69 30 31 30 34 30 69 71 67 79 48 42 46 47 48 59 56 84 131 134 130
122 123 122 123 113 117 118 115 112 110 111 122 117 111 105 103 107 156 159 199 159 195 190 189 191 188 192 154 186 187
187 191 189 190 560 597 559 555 520 256 261 260 487 484 454 457 446 476 467 472 474 479 453 482 486 516 493 516 522 527
404 443 473 511 501 503 534 538 533 527 531 532 544 532 577 548 576 582 604 608 607 614 606 618 639 644 641 673 675 684
553 763 619 615 650 645 681 725 684 723 724 679 678 683 682 686 652 675 677 674 652 688 690 736 739 375 742 738 691 660
782 783 253 909 750 253 328 251 328 327 794 327 248 216 214 211 215 211 201 196 199 197 215 219 194 183 182 186 593 621
76 81 64 69 68 77 76 60 83 59 48 42 46 51 49 56 83 55 48 51 53 48 50 47 54 57 55 24 23 27
915 917 916 918 916 913 911 902 903 900 899 917 919 917 918 898 915 916 918 919 921 920 917 920 922 795 922 797 923 790
243 213 903 900 897 915 897 800 892 906 907 905 906 891 888 803 893 904 900 911 901 242 902 901 904 903 905 902 901 905
310 309 312 310 313 312 310 309 307 308 310 307 306 305 306 305 308 306 304 303 305 303 305 303 301 302 303 301 300 302
329 330 452 331 325 331 413 409 378 379 409 379 338 343 379 380 411 444 441 440 407 406 775 761 782 757 760 780 757 762
430 433 424 425 444 406 377 739 347 815 812 741 739 696 740 348 345 347 345 931 930 927 340 336 413 379 414 417 929 927
351 352 351 816 814 811 698 812 346 813 814 346 348 375 347 352 371 367 363 727 725 723 363 367 356 354 819 824 830 829
589 562 558 522 554 528 555 554 588 566 568 563 561 560 557 521 517 485 256 521 486 258 262 267 324 320 245 240 244 212
774 777 779 409 779 374 738 375 737 732 731 728 726 732 730 365 356 357 353 348 349 353 384 389 394 390 386 390 394 393
847 848 851 847 849 851 848 844 842 844 843 841 846 845 840 845 842 839 838 834 838 837 831 833 860 859 861 862 860 861
73 99 102 106 107 103 80 63 68 99 73 69 72 71 65 99 105 109 106 100 101 133 139 145 146 162 149 145 147 144
469 507 512 497 514 496 480 478 484 454 455 483 485 479 514 484 514 485 451 256 255 225 259 262 264 324 249 909 907 888
665 670 675 683 681 677 678 681 725 724 726 684 722 681 725 679 675 679 677 683 724 726 717 719 718 717 716 727 725 675
507 473 442 480 442 472 470 506 546 506 504 501 497 511 510 511 509 771 765 775 769 774 776 447 780 778 374 375 381 382
902 242 912 791 797 798 797 880 343 932 935 932 929 342 337 335 341 741 345 340 926 923 799 790 787 785 885 883 885 786
181 184 182 177 176 200 215 203 199 159 157 196 192 116 111 110 109 107 156 159 154 155 109 103 109 106 77 83 55 20
571 568 563 585 552 579 570 581 576 577 570 575 579 576 582 620 582 583 555 565 562 585 617 604 614 582 620 616 646 651
124 127 131 137 134 137 148 151 179 151 183 154 108 156 111 113 111 155 105 100 80 88 91 88 80 63 65 80 128 133
164 161 134 161 159 195 222 218 219 221 222 194 183 193 188 184 197 218 216 250 252 251 247 241 792 242 792 913 899 901
237 239 240 244 236 243 913 902 904 905 907 891 805 802 892 906 903 912 788 340 343 928 342 739 377 407 403 385 391 356
438 401 435 397 437 475 507 542 504 499 470 471 438 423 421 411 417 419 420 422 411 417 422 418 415 416 421 425 405 369
794 793 242 790 799 789 336 926 929 338 379 412 450 757 780 412 449 444 447 443 404 369 400 439 444 450 445 456 458 453
143 139 144 142 144 168 141 142 139 142 138 141 145 143 140 134 128 84 88 86 88 132 131 135 139 143 145 141 142 146
595 592 593 621 653 649 619 617 580 566 584 581 549 584 563 567 570 572 567 572 569 571 569 580 579 572 575 611 579 569
579 611 644 648 637 632 659 630 664 655 637 641 639 635 602 603 601 603 605 650 766 653 615 619 651 653 692 663 702 704
8 41 34 36 4 26 4 35 36 41 34 33 28 30 62 27 23 28 24 58 63 30 63 68 80 76 77 64 76 74
948 945 948 945 947 944 945 946 948 949 951 950 951 952 951 952 950 949 948 946 947 948 947 944 942 941 944 947 950 952
389 387 389 390 395 392 386 388 356 352 375 377 371 406 776 779 783 746 749 783 745 695 736 696 705 693 659 667 655 657
372 368 363 367 373 408 422 441 444 445 456 453 487 259 261 266 229 235 243 914 912 911 245 328 260 325 320 319 315 313
819 816 818 823 825 823 824 830 833 858 833 858 859 856 854 857 856 854 855 858 860 829 832 835 840 841 840 836 838 832
820 823 826 822 824 827 825 830 836 834 831 833 858 861 864 862 861 864 861 864 867 868 866 868 867 866 869 867 870 869
439 471 438 475 474 505 504 502 503 498 497 512 516 486 521 517 493 517 488 524 554 515 492 484 515 531 512 544 546 548
786 341 343 345 741 698 694 689 660 657 745 694 735 729 732 733 371 736 688 685 651 640 673 676 682 671 685 687 727 732
602 597 563 559 597 559 584 557 585 617 622 627 753 253 756 255 258 489 493 492 480 476 507 469 466 465 463 473 460 463
907 888 883 784 738 695 693 705 701 705 690 669 665 670 668 633 665 704 702 699 700 703 708 705 693 662 661 691 732 729
474 472 467 461 467 427 429 430 431 434 437 402 439 426 433 435 475 435 437 471 435 401 440 435 438 436 475 471 436 401
193 191 196 154 159 158 155 156 154 187 155 158 163 165 147 141 169 170 172 166 150 151 152 156 161 167 162 158 157 195
600 617 620 582 576 579 585 624 590 588 590 754 750 749 253 247 245 794 791 793 792 245 794 789 910 909 907 905 891 887
265 263 226 266 271 322 267 266 230 234 235 230 266 230 236 240 245 251 330 328 260 248 228 215 201 211 215 212 211 208
513 496 497 501 534 536 573 571 574 575 581 548 547 516 549 554 584 620 653 616 578 571 567 581 551 547 508 512 497 494
937 935 937 933 930 381 386 385 383 376 375 381 383 388 392 390 385 391 390 387 383 384 385 390 385 389 385 372 403 367
892 801 800 799 924 926 342 377 375 372 737 351 818 817 816 350 347 376 341 742 340 343 932 343 931 933 927 932 931 927
650 656 667 672 677 680 674 682 678 675 686 668 655 668 693 655 692 660 694 708 707 699 707 704 665 704 705 711 706 703
437 441 442 447 482 476 510 506 508 470 464 465 464 458 460 461 476 510 511 500 538 505 540 538 533 527 490 527 493 518
707 710 712 708 694 702 697 691 688 735 692 746 659 694 702 697 809 808 809 887 885 744 661 746 759 755 757 778 760 758
910 246 790 788 913 788 789 796 921 917 916 913 790 789 908 787 909 253 756 759 756 755 751 755 751 755 757 783 747 590
111 109 110 108 106 105 104 129 131 129 126 124 114 123 111 113 123 114 113 108 110 125 111 107 109 105 104 99 89 88
527 490 496 507 512 545 513 550 511 515 490 496 477 480 518 496 490 488 257 255 258 256 255 756 757 485 482 478 507 500
798 879 877 883 891 907 787 910 912 789 901 789 910 789 900 898 899 791 792 796 926 340 784 786 783 747 590 754 254 220
449 484 486 517 488 516 552 562 561 560 563 561 560 189 190 559 588 562 555 519 528 523 551 580 544 548 513 551 515 480
279 277 280 279 282 279 277 279 277 280 278 275 272 269 272 275 274 276 273 275 277 276 275 273 270 233 235 230 231 235
730 726 717 357 359 719 718 722 723 720 718 717 714 718 719 715 722 725 675 682 681 724 721 724 363 723 724 684 730 364
89 92 91 95 92 97 90 93 99 98 103 133 103 81 128 84 128 134 138 132 131 137 145 148 165 175 180 200 202 199
402 370 372 371 352 349 372 376 342 930 343 345 343 337 339 880 883 885 744 783 782 784 340 879 800 881 876 804 874 802
241 243 246 244 234 233 238 234 229 264 328 260 328 264 326 325 319 324 245 324 264 258 259 257 261 257 329 264 269 266
597 586 759 778 757 783 337 334 339 926 929 379 346 379 409 779 783 744 736 739 742 743 785 885 889 891 888 883 877 881
256 521 558 590 620 650 615 648 681 683 671 672 677 680 676 679 675 672 674 645 641 640 648 636 651 615 579 604 600 597
462 460 475 510 481 511 550 583 580 613 612 617 650 646 651 670 686 682 679 682 684 681 686 729 724 721 725 682 673 683
481 514 483 478 483 453 485 487 261 264 321 322 319 324 323 241 235 212 205 201 216 212 210 205 206 205 212 215 200 177
773 770 769 765 760 780 765 774 772 769 774 772 398 395 363 724 722 719 720 723 680 685 680 681 679 649 674 684 675 679
99 81 61 82 77 68 73 77 83 48 83 84 58 84 131 136 100 102 106 110 106 110 104 156 158 196 157 112 155 151
726 714 716 718 716 725 727 371 372 382 411 409 372 355 730 727 687 692 660 663 667 670 666 630 626 659 632 624 591 592
277 275 273 270 233 271 272 268 321 318 268 270 321 236 239 235 231 228 267 264 325 327 251 219 223 222 220 225 265 268
643 639 649 654 632 651 632 635 632 629 663 705 691 728 715 727 367 734 367 371 731 368 373 375 377 380 373 374 370 373
53 57 55 57 84 131 137 136 104 99 105 100 129 127 129 128 125 114 124 127 124 127 128 134 131 129 130 107 105 102
737 347 375 734 352 356 716 719 717 716 714 721 726 724 367 369 731 728 726 722 715 722 723 716 358 353 384 353 352 354
616 650 686 672 669 668 690 732 687 672 690 668 670 666 667 690 694 736 731 691 697 736 709 733 351 816 819 816 350 351
333 331 452 413 408 403 773 767 777 761 780 482 513 546 515 494 499 498 502 500 511 501 538 536 572 569 566 561 565 528
613 647 641 674 640 652 675 711 714 717 358 357 717 355 716 711 710 714 712 732 709 733 351 733 355 365 366 361 362 367
608 613 610 579 584 559 189 559 555 519 527 493 494 493 527 523 522 524 523 522 527 528 526 530 534 538 533 528 533 527
606 614 603 617 602 618 617 602 598 593 187 154 150 149 164 159 156 152 137 134 161 166 172 175 146 152 162 179 197 202
845 840 846 845 848 850 847 849 848 843 837 833 829 823 820 824 828 832 827 828 831 827 823 822 827 828 826 824 830 836
172 171 146 150 158 155 107 111 117 112 110 115 156 105 155 186 189 559 558 585 579 616 654 622 590 623 618 649 646 649
916 919 922 798 797 790 798 789 901 242 246 242 244 247 244 231 228 212 210 201 199 202 207 202 205 215 227 263 259 261
678 679 676 678 682 678 683 649 686 670 655 622 626 631 628 592 591 754 756 256 487 261 486 521 522 488 523 558 562 561
943 944 942 943 946 948 950 948 946 947 946 943 942 945 948 945 943 946 943 941 943 944 942 940 935 938 941 939 942 940
561 565 567 570 572 579 549 764 777 450 454 456 455 456 453 487 259 256 251 247 245 324 267 229 263 325 327 322 323 319
190 191 194 198 195 191 188 193 218 196 218 223 220 216 255 756 587 759 758 764 553 550 548 542 576 616 619 622 653 616
284 285 284 281 284 281 283 281 282 279 282 281 283 284 283 286 283 286 287 286 284 286 283 280 278 276 275 273 271 273
705 696 785 788 881 742 344 345 740 346 376 406 412 377 345 344 347 372 355 733 712 733 736 697 698 808 805 809 810 813
763 765 761 765 760 762 779 782 742 884 787 790 880 798 921 919 922 795 797 798 925 928 933 936 933 935 937 936 932 929
69 73 70 75 68 71 70 65 61 82 63 45 48 49 44 60 59 57 79 48 56 82 61 57 59 57 84 82 64 59
674 673 677 678 674 669 704 668 694 661 662 664 663 697 703 704 701 700 701 700 697 704 703 704 699 696 737 813 814 346
135 131 136 138 143 145 148 140 139 133 135 134 129 100 132 103 105 102 107 103 102 97 91 88 90 89 97 100 80 99
378 334 414 417 414 415 413 409 445 425 433 430 427 429 430 432 438 475 471 476 478 509 478 511 507 503 499 510 550 552
797 796 793 790 794 793 796 922 799 876 877 787 340 926 339 342 932 933 937 934 938 939 940 939 935 939 940 938 937 935
914 915 790 795 790 336 338 334 333 909 906 750 907 885 883 786 879 799 790 242 239 317 321 267 271 269 263 232 231 233
872 870 869 867 865 862 865 868 870 873 870 806 872 808 813 706 710 713 354 358 359 717 713 354 816 349 383 380 376 342
91 90 96 98 102 105 104 99 73 103 80 128 78 60 23 20 56 20 11 14 12 10 19 44 23 27 30 66 65 62
516 555 519 517 487 481 517 511 509 477 509 771 772 765 763 549 583 601 603 604 615 616 612 617 600 570 567 571 577 544
176 204 176 211 216 214 212 204 207 208 211 213 219 227 225 263 227 228 267 232 238 232 321 267 229 235 212 231 230 226
785 742 340 342 927 926 925 339 928 925 928 339 925 795 789 786 742 341 379 380 928 380 931 342 337 784 783 745 659 628
26 20 53 56 82 61 83 60 66 64 79 64 73 68 99 68 77 103 77 72 67 66 27 30 33 37 5 9 12 14
840 842 838 841 840 837 832 837 841 836 835 839 836 833 839 840 843 840 837 833 827 822 821 820 817 818 820 822 825 822
239 243 903 912 911 246 910 912 903 905 908 909 910 246 243 241 236 241 246 242 241 232 234 240 243 912 246 913 791 921
830 832 831 832 834 838 842 845 842 846 849 847 846 840 845 847 850 851 847 848 850 847 851 848 845 846 845 844 845 843
119 115 111 113 109 106 108 106 109 155 150 156 161 134 140 136 140 137 141 144 145 169 171 167 161 149 150 178 184 180
189 559 597 588 552 549 583 579 548 576 613 610 576 580 577 613 615 582 614 644 647 611 575 611 608 604 605 613 608 614
511 550 527 530 528 534 543 503 508 474 476 474 508 510 473 435 426 423 438 472 470 435 434 427 434 425 422 421 426 441
867 866 867 870 871 806 871 870 872 805 809 810 807 806 808 807 809 887 890 802 874 807 804 875 891 905 891 893 904 900
16 11 14 19 25 23 56 20 25 30 66 26 25 28 25 29 62 61 87 61 58 61 66 34 65 79 58 56 55 47
477 513 543 547 544 574 535 547 552 585 565 567 562 566 562 567 568 532 551 515 490 492 495 490 518 519 518 519 554 528
757 257 260 252 327 334 340 339 340 882 784 741 697 703 697 696 691 732 688 683 689 728 684 729 724 722 723 728 729 732
875 873 872 871 870 872 805 891 893 799 878 801 876 875 877 802 890 906 892 889 907 885 883 696 705 691 735 690 675 674
54 48 82 64 60 57 61 59 80 87 85 83 86 81 99 95 99 103 100 106 101 107 104 109 112 116 113 112 109 114
883 880 789 798 796 922 919 922 798 922 924 927 928 933 937 939 941 938 939 936 933 929 339 344 741 882 877 800 894 891
286 287 289 290 289 290 288 287 286 284 286 287 288 289 287 288 289 287 288 286 284 281 284 283 281 279 276 275 276 275
376 411 382 373 739 741 812 808 813 348 351 352 730 713 354 816 818 350 818 815 814 811 806 873 804 807 809 811 808 699
653 671 675 677 676 673 682 680 683 689 653 685 728 725 729 683 725 731 370 367 370 775 778 775 779 378 342 380 408 450
925 798 790 911 912 243 913 912 788 795 926 795 793 323 325 324 328 247 217 255 219 194 200 194 196 163 160 162 146 145
294 296 298 300 298 300 302 304 302 301 303 302 303 304 302 301 299 298 299 300 301 303 304 307 310 307 306 305 303 301
928 929 931 927 929 379 411 378 340 788 912 794 793 795 788 882 887 882 785 884 786 742 377 407 370 374 734 374 373 779
531 534 544 539 538 535 576 572 570 575 610 605 613 580 547 500 507 510 543 507 504 542 512 516 513 516 511 477 492 495
188 183 151 149 147 145 140 135 89 99 68 65 69 72 76 102 77 65 30 35 36 39 66 34 29 0 3 33 37 34
563 565 532 530 497 495 499 465 461 460 463 459 457 461 495 515 484 452 257 488 519 488 521 756 256 487 257 253 257 255
380 928 932 343 927 930 933 936 935 937 938 939 940 936 934 936 940 935 936 937 936 938 940 939 935 936 937 933 936 937
132 87 64 63 76 72 64 82 59 83 63 75 79 48 42 40 11 13 19 44 37 42 40 39 40 8 9 7 5 9
385 381 383 381 383 384 369 352 353 348 737 696 697 702 701 663 692 745 735 736 744 660 663 690 686 688 729 687 728 716
634 631 629 662 661 746 658 662 692 744 697 693 695 696 699 700 699 810 701 663 664 658 689 686 684 730 352 350 351 353
911 908 903 901 900 903 911 900 901 789 790 923 797 878 788 795 793 790 914 917 916 914 790 911 902 914 911 902 914 899
70 76 62 28 30 38 65 79 61 79 61 57 60 48 46 41 39 37 44 41 36 4 35 40 8 3 0 33 34 70
273 269 267 321 267 233 235 238 232 236 317 237 233 244 249 327 326 329 264 261 487 521 523 526 527 494 495 461 467 469
364 367 356 364 716 711 717 726 732 729 730 727 716 711 710 711 706 709 691 736 696 884 743 737 738 743 696 883 742 375
523 528 551 565 569 570 575 579 613 578 576 616 649 640 644 646 650 645 682 647 613 611 612 615 611 612 576 579 614 647
500 508 514 484 483 481 487 258 259 262 263 267 324 247 232 238 241 239 238 235 244 324 320 323 319 320 315 316 320 315
660 746 661 662 664 666 637 636 640 647 606 639 643 646 610 646 618 655 666 630 631 630 631 627 626 657 619 658 626 631
43 47 11 47 57 60 79 45 60 82 58 55 21 20 24 19 13 16 17 23 22 21 55 17 13 9 12 14 11 14
10 18 14 17 10 18 9 4 22 9 40 63 80 65 71 76 80 57 87 61 66 60 55 53 54 17 22 4 36 8
562 564 563 560 557 585 582 578 582 576 544 540 544 546 535 576 570 565 567 570 576 548 532 534 544 537 534 533 532 544
301 300 301 302 301 302 303 305 307 305 304 303 305 303 301 299 301 303 301 300 301 299 297 296 294 295 294 295 297 296
921 796 788 785 909 905 904 900 896 900 915 921 922 798 878 800 894 876 800 897 799 876 881 879 882 883 803 804 889 886
839 843 846 844 846 840 834 836 833 832 835 838 844 847 850 852 854 853 852 850 849 846 847 842 844 847 848 849 851 853
232 248 244 231 215 231 233 321 264 266 260 325 320 315 312 313 311 312 311 310 308 307 308 307 308 310 313 310 312 313
899 898 919 921 922 799 924 796 798 925 926 796 913 242 236 241 243 903 908 905 908 907 750 751 749 783 253 249 333 336
240 236 232 226 229 264 326 321 324 244 212 216 255 749 255 254 256 757 450 452 455 459 462 463 477 471 472 437 433 429
260 262 225 220 228 227 231 228 266 271 322 317 318 272 269 271 270 272 271 318 319 322 323 322 271 322 321 326 330 333
490 519 484 514 518 550 520 516 546 535 536 534 538 543 509 512 508 504 500 499 497 492 490 519 488 520 554 516 512 545
895 900 912 790 913 901 790 913 791 899 901 915 792 245 243 912 915 921 795 794 797 915 918 919 917 899 893 803 807 806
844 838 842 840 845 843 845 839 842 838 836 838 843 848 847 849 847 846 849 847 844 848 845 839 838 844 839 835 836 839
258 262 225 220 228 216 254 755 746 692 736 743 695 697 884 785 786 341 379 340 379 412 418 414 378 409 406 779 374 736
314 315 314 312 309 312 313 315 314 311 312 309 307 309 312 313 314 311 313 315 320 271 269 267 233 227 229 235 241 237
295 297 299 298 297 298 297 299 297 298 299 298 299 297 296 298 299 297 299 297 299 297 295 296 295 297 296 295 294 292
900 916 919 917 918 921 923 922 925 928 343 931 344 338 342 344 339 336 331 328 250 213 903 243 212 235 229 264 321 232
335 337 342 926 925 339 344 341 786 910 333 335 338 343 881 786 909 788 785 696 883 881 877 787 906 907 888 885 785 782
361 363 772 768 775 777 767 773 769 767 549 546 531 530 525 554 524 488 489 519 554 562 567 563 567 563 567 578 572 569
598 585 579 617 621 586 759 746 748 758 747 591 587 557 560 562 589 591 622 629 663 661 657 654 648 642 646 644 648 649
749 746 660 626 632 655 652 653 671 689 690 733 695 690 695 732 694 732 687 733 371 733 371 406 404 437 402 439 438 424
357 717 718 722 723 362 396 400 399 392 396 362 368 364 731 729 367 362 368 362 394 392 399 365 730 716 723 729 683 728
484 446 479 460 461 460 466 467 439 467 474 475 470 473 511 496 464 473 470 467 464 467 474 464 499 502 508 542 576 542
550 545 535 551 555 561 190 192 188 594 595 594 599 604 608 613 578 614 604 570 604 605 647 618 639 642 645 639 644 641
234 233 271 266 229 270 229 228 224 221 753 184 186 188 185 184 221 217 221 220 214 211 173 177 172 178 182 179 182 180
356 391 385 372 385 391 389 387 383 388 389 394 365 399 400 436 435 432 425 427 423 425 426 442 408 412 445 408 445 405
433 429 430 433 432 426 437 404 443 448 409 380 338 340 343 344 347 344 379 377 342 927 930 383 382 383 380 412 408 411
826 828 826 828 824 820 825 823 819 825 829 823 827 822 821 819 822 818 820 825 822 819 354 818 351 350 348 813 346 740
881 344 740 342 345 740 742 738 740 346 344 739 744 736 738 375 379 740 344 345 379 376 377 342 928 933 929 338 411 381
19 24 62 57 54 59 54 47 56 84 80 59 82 87 60 58 27 29 32 26 32 33 37 35 40 35 39 34 41 40
609 575 611 575 579 572 579 615 647 615 579 613 601 598 600 603 597 601 596 589 562 558 522 555 557 556 588 583 619 763
762 745 778 374 372 737 375 410 378 412 444 441 403 373 379 344 379 412 415 416 418 407 372 374 369 366 370 773 398 402
297 296 294 295 296 298 299 300 301 299 297 298 296 298 299 298 300 301 302 301 299 301 303 304 307 305 306 304 303 302
723 726 718 713 730 368 356 365 359 719 714 712 710 707 699 696 744 742 740 377 411 414 411 376 412 445 415 334 414 449
340 880 337 339 337 339 336 331 332 326 329 264 321 233 227 219 197 193 197 183 197 183 193 180 181 177 182 184 591 627
130 133 100 129 81 128 103 132 84 57 62 23 20 55 16 13 16 17 22 20 58 82 86 88 83 78 74 75 76 99
641 642 648 644 649 646 679 678 679 681 680 684 674 641 645 640 633 640 642 646 613 604 601 618 649 653 684 681 727 367
529 528 524 528 529 531 551 549 548 549 579 570 566 580 617 602 618 639 652 647 636 647 613 604 602 600 596 601 583 601
582 548 547 543 512 497 498 501 498 501 496 461 457 460 458 455 453 460 477 479 444 450 444 482 457 484 488 493 490 518
860 829 860 859 833 839 842 844 840 835 834 828 827 824 820 822 826 827 823 825 819 824 829 830 826 827 829 825 822 824
904 908 750 254 253 249 910 789 911 250 255 260 262 224 228 227 225 224 226 259 225 222 223 194 195 198 195 197 202 163
170 175 173 176 166 163 158 150 163 200 215 203 215 210 201 200 199 203 202 205 207 208 207 209 206 207 209 206 203 163
473 478 510 505 540 541 540 505 544 574 536 573 576 577 575 571 569 580 583 617 583 586 592 591 588 554 588 586 585 559
235 237 233 321 241 323 332 329 332 327 324 241 244 242 902 903 910 789 786 341 786 743 377 737 695 741 345 379 345 378
518 493 488 491 488 554 527 554 549 764 763 587 549 515 495 515 516 550 584 581 601 596 600 599 602 607 605 602 639 633
909 253 750 747 749 754 758 763 549 515 549 579 548 553 548 531 529 528 550 547 543 547 552 588 589 188 189 192 196 199
732 374 739 740 379 346 349 351 350 352 369 400 406 408 446 412 418 445 447 453 459 464 459 476 464 469 464 496 461 463
828 832 826 829 833 858 833 837 843 847 846 848 847 849 848 850 849 848 849 846 843 845 842 846 844 845 844 841 835 837
37 7 6 3 29 25 24 19 23 19 25 27 62 60 48 57 84 88 84 85 80 78 73 74 76 70 75 77 99 100
185 179 175 169 168 166 171 166 149 164 150 162 199 163 165 150 178 182 150 158 163 166 169 175 173 211 173 169 166 163
624 619 601 599 596 598 603 607 606 605 607 602 600 595 624 587 620 625 626 631 627 590 747 748 754 254 753 254 749 758
926 795 793 795 793 323 325 265 269 265 225 265 263 229 267 228 215 216 225 266 261 256 755 759 758 783 755 752 747 755
247 243 212 232 231 244 320 324 245 911 909 906 904 911 909 888 908 903 904 892 876 894 799 801 802 801 804 872 870 806
63 26 24 28 0 28 32 33 34 69 30 25 20 18 12 15 11 10 11 22 12 43 12 19 16 14 10 7 22 10
38 44 63 62 44 19 11 8 40 37 40 43 11 6 2 3 0 28 30 65 62 61 86 82 64 41 37 7 2 1
203 167 166 168 170 167 172 168 165 149 137 148 144 149 161 149 139 143 145 144 169 144 139 143 144 143 146 170 167 164
309 307 304 306 305 308 305 307 310 309 311 314 313 312 313 315 319 271 273 275 274 272 270 265 225 216 247 244 232 231
859 833 836 835 841 844 847 844 848 849 850 847 851 848 844 848 846 847 846 840 843 846 843 846 848 844 848 849 846 843
728 684 727 363 723 684 730 372 352 375 374 376 372 351 355 364 360 362 360 359 363 724 729 715 721 714 713 714 718 714
644 645 615 610 614 604 582 618 647 615 604 570 572 574 571 566 571 569 582 597 601 595 596 593 623 618 605 617 601 605
112 115 112 155 109 112 155 187 155 108 109 106 110 125 124 122 110 109 105 101 103 107 125 128 132 137 148 141 142 146
184 186 184 182 179 173 209 204 203 200 205 206 204 172 167 169 171 168 164 161 153 163 166 165 160 163 159 156 150 148
681 685 724 679 677 675 676 683 648 682 681 649 619 657 661 691 697 661 885 750 749 752 753 750 909 253 257 263 229 231
632 654 622 618 650 656 650 647 644 640 636 632 634 629 664 694 705 701 703 707 712 732 737 743 882 785 741 344 739 738
697 691 738 743 696 745 743 742 738 742 346 348 737 371 375 378 345 343 926 928 932 342 926 338 336 332 337 340 742 345
945 943 946 945 943 940 939 940 942 939 942 939 935 939 941 940 939 936 938 935 939 942 943 941 938 937 936 932 929 930
544 541 538 540 503 504 501 511 515 549 512 547 545 510 475 441 436 396 362 395 398 399 394 399 398 771 773 401 436 402
886 906 909 908 904 911 912 792 795 789 879 924 799 878 787 878 879 790 789 899 902 912 903 905 903 900 904 893 800 881
113 123 117 116 111 114 124 110 156 133 130 132 136 137 152 147 148 140 165 150 165 153 137 133 130 134 161 167 175 147
126 124 127 131 126 130 104 109 113 123 114 113 115 118 120 122 114 115 112 109 156 157 196 157 112 117 112 114 112 117
565 562 566 552 583 556 520 555 583 550 583 549 552 585 582 588 586 590 589 559 590 586 624 593 627 658 630 666 665 666
186 183 179 181 182 187 593 624 627 631 635 637 632 624 589 596 598 602 605 616 618 650 645 640 671 648 686 648 641 647
832 828 822 825 820 819 816 349 383 384 388 384 372 730 729 709 707 706 813 812 882 883 887 803 805 810 805 802 803 876
198 197 202 200 201 176 204 199 198 194 189 115 119 115 119 115 114 124 123 119 117 120 117 113 115 119 120 119 122 113
525 526 527 530 534 530 532 534 538 503 506 473 468 467 473 467 469 507 473 508 502 508 504 543 538 500 498 495 491 493
168 146 169 168 172 204 173 175 176 178 150 151 182 187 155 108 109 110 108 158 157 159 162 161 165 162 156 153 165 163
898 899 916 915 921 923 924 926 338 334 335 338 335 339 925 932 926 929 932 925 927 932 931 379 409 447 405 399 398 771
388 384 372 382 373 406 400 403 393 388 392 395 362 364 730 687 685 682 671 687 674 678 683 726 715 721 680 676 682 724
254 257 253 250 910 905 910 786 743 738 378 337 341 344 881 340 337 333 252 255 256 255 250 254 220 753 591 747 658 623
296 295 294 293 294 293 292 294 296 295 293 294 292 293 292 294 295 296 297 298 297 299 300 302 301 300 299 297 296 297
137 149 153 157 159 192 158 162 167 161 154 159 161 150 166 173 214 215 205 210 205 211 204 212 209 212 210 173 179 182
413 412 448 447 442 439 401 404 401 434 471 476 477 499 500 508 500 507 476 514 483 451 483 452 257 258 489 493 499 477
229 267 270 273 268 266 230 227 225 264 269 270 229 227 232 237 238 232 263 229 228 231 216 231 212 211 215 227 219 255
783 757 763 587 591 624 588 585 620 590 588 585 621 632 621 593 625 654 618 619 620 616 653 654 617 621 591 626 658 746
822 827 822 819 821 817 822 817 820 821 819 817 818 354 352 349 372 371 367 726 722 680 677 648 653 618 598 600 598 604
82 76 67 34 35 66 70 76 67 80 62 63 42 41 64 79 76 102 106 100 95 68 95 100 96 80 63 40 8 22
231 228 251 260 258 487 451 483 479 473 472 440 442 473 438 425 419 448 414 448 411 448 450 444 442 443 439 400 436 396
766 771 768 772 773 370 371 730 728 724 680 675 679 649 615 653 656 690 688 731 371 367 371 735 371 727 371 732 685 724
866 864 863 866 863 865 867 869 870 871 868 869 870 868 865 868 870 867 869 868 866 864 861 862 863 862 865 863 861 860
222 218 193 187 155 156 151 157 108 156 155 156 110 111 112 116 121 123 119 117 115 191 187 191 194 219 226 227 225 259
551 553 520 523 555 562 561 565 562 563 566 564 566 588 563 588 559 190 191 192 197 195 196 197 196 193 180 181 752 749
191 222 219 216 228 223 219 197 196 198 204 211 204 209 211 215 200 163 203 176 150 159 195 197 198 197 183 196 200 214
793 795 796 923 920 922 920 918 921 796 925 923 926 928 339 341 340 342 338 927 930 382 379 377 410 370 372 406 402 407
761 760 517 513 511 478 511 499 508 512 546 550 509 500 531 537 544 541 542 508 504 540 539 535 577 548 577 576 613 577
57 58 56 45 62 68 65 96 99 104 132 129 128 132 84 56 83 82 85 87 81 85 82 86 85 83 59 45 63 83
336 880 798 799 800 876 892 906 890 889 891 905 906 908 885 883 787 880 787 784 743 695 744 745 660 659 653 648 679 676
149 146 170 166 163 166 161 149 153 150 148 150 166 172 168 164 141 137 150 162 167 171 167 203 200 215 201 202 200 180
214 176 173 170 169 170 167 165 162 165 146 147 179 176 204 207 208 211 176 182 179 147 179 197 200 177 172 178 172 174
655 690 729 687 728 734 735 730 351 352 351 352 351 713 711 707 708 672 671 674 682 649 685 656 653 651 645 677 676 671
472 463 427 467 463 459 454 487 517 521 522 556 589 624 598 624 597 560 189 186 182 180 200 196 183 189 183 180 218 194
654 651 622 650 766 763 583 552 566 565 555 559 558 521 488 520 518 492 480 485 481 484 456 484 479 514 497 492 489 258
463 427 434 397 436 398 397 434 431 426 472 477 471 475 476 445 446 452 329 249 912 899 797 799 897 895 898 918 915 914
414 379 377 375 371 366 370 406 408 779 758 756 254 257 263 225 229 228 227 232 267 325 323 329 264 321 318 316 313 314
546 543 507 546 513 508 504 508 511 504 499 511 474 507 510 508 470 506 500 498 508 504 501 498 497 493 491 495 461 466
248 252 330 451 482 449 408 404 369 406 447 442 475 479 510 476 463 468 472 434 397 396 400 402 366 395 396 403 437 472
852 854 853 852 853 854 853 852 850 849 847 842 838 834 833 838 835 838 844 841 846 849 846 847 845 842 844 842 845 848
49 59 48 52 50 55 60 61 57 86 89 99 94 96 91 89 99 95 91 95 68 34 35 36 66 72 69 31 27 22
942 944 946 949 947 948 947 949 952 950 948 951 952 950 951 950 951 949 952 950 951 952 951 948 950 947 946 948 946 944
693 692 688 736 690 687 728 684 730 372 739 374 736 696 810 805 873 870 873 872 871 806 870 873 874 872 808 875 871 805
109 155 105 156 112 156 157 195 194 192 191 193 190 193 192 157 156 109 115 114 110 105 100 103 133 156 154 151 162 149
178 181 179 151 150 137 152 108 158 111 125 107 126 127 126 129 77 81 84 86 83 55 17 14 12 22 26 7 18 16
167 161 160 164 150 145 150 148 144 141 140 147 166 162 153 147 148 147 165 175 150 164 160 199 159 150 164 165 147 146
115 112 156 151 182 181 185 591 557 588 559 592 595 592 627 624 586 559 597 594 590 589 625 593 625 654 625 586 619 616
15 17 14 11 23 44 64 41 40 42 40 41 67 79 80 64 72 70 71 67 62 45 42 37 40 41 34 62 48 83
704 699 808 806 808 698 700 698 695 705 663 694 732 712 715 718 717 354 357 354 355 360 362 359 363 361 358 356 359 368
756 780 777 758 754 590 620 621 583 620 597 586 581 572 581 571 568 565 584 559 589 593 625 592 623 592 185 593 185 179
717 726 715 725 685 732 738 346 741 743 786 884 697 741 812 813 705 708 694 689 690 693 695 738 373 374 372 368 374 372
903 913 914 899 798 923 920 923 795 789 798 880 910 905 901 900 893 901 904 892 802 894 893 899 800 897 894 891 877 787
394 393 400 398 401 436 404 399 401 366 392 396 397 434 433 425 433 431 429 433 437 398 366 406 410 372 730 724 679 680
32 26 8 10 16 14 13 15 18 13 12 13 16 13 16 47 54 53 47 58 57 85 82 79 74 68 72 66 70 34
823 828 832 835 838 844 847 843 842 845 848 849 847 849 846 840 843 841 843 838 843 841 835 838 833 829 834 840 842 839
227 222 195 194 195 197 222 220 259 260 220 217 212 228 231 230 228 212 217 220 753 754 758 748 758 779 762 758 760 763
889 891 888 786 787 877 801 799 879 789 799 899 916 918 915 912 244 212 235 243 914 789 799 880 789 914 917 899 791 793
317 236 233 229 228 267 229 227 226 259 226 230 267 263 328 257 756 587 582 579 616 620 601 602 606 647 612 576 548 584
813 808 813 811 813 696 695 694 693 695 733 712 729 683 679 722 683 728 688 685 687 729 688 729 715 728 732 691 690 694
206 208 211 210 205 200 201 227 226 223 219 194 223 224 221 753 756 255 259 264 325 321 271 320 324 320 323 794 327 248
382 380 930 342 739 347 737 743 735 694 744 741 698 810 883 891 894 898 897 799 790 789 911 903 906 891 804 875 891 907
141 168 165 169 145 139 144 145 149 146 143 139 145 144 169 167 169 144 168 144 138 161 165 166 149 148 147 150 178 174
221 255 260 325 263 262 267 229 226 266 268 263 226 232 243 244 233 271 320 244 236 230 225 263 226 262 229 226 231 244
882 877 879 881 880 786 888 904 900 916 913 243 235 232 243 232 228 215 217 751 754 751 253 255 216 227 230 231 216 211
223 194 191 115 114 124 127 81 127 131 132 87 57 85 87 58 62 44 60 45 40 45 40 42 44 63 62 58 82 83
806 803 801 892 800 789 801 877 787 881 883 787 906 885 890 892 890 888 886 884 908 909 333 788 790 242 902 901 900 914
745 659 694 690 688 685 681 646 614 646 682 650 617 611 575 613 611 646 649 683 684 727 715 725 722 684 728 686 691 661
917 916 898 896 898 913 916 917 899 797 925 927 929 338 926 336 341 336 880 801 891 876 891 802 890 803 806 875 874 871
244 248 326 321 270 321 271 267 265 264 326 321 233 237 236 242 791 789 786 883 803 892 906 909 337 783 755 752 750 254
669 674 680 649 689 654 622 625 622 627 752 217 180 182 150 162 179 177 173 204 202 215 213 246 250 252 257 254 754 748
684 649 684 688 653 620 653 621 593 594 589 596 593 591 557 588 587 620 584 555 521 558 521 587 620 625 658 632 635 630
101 95 101 100 105 111 116 115 191 187 182 176 179 150 159 160 159 156 151 155 108 156 133 107 108 109 114 109 103 129
593 185 592 590 626 658 630 662 661 660 656 660 747 658 624 619 620 584 549 513 478 510 543 512 477 496 513 550 544 531
153 133 138 137 146 144 149 165 137 150 149 137 138 140 148 147 150 179 180 183 189 188 595 600 604 606 609 606 604 603
412 450 483 445 442 474 473 463 457 460 453 457 455 483 486 520 518 522 558 521 487 451 482 445 412 376 380 409 412 376
134 130 134 138 165 167 169 171 146 145 143 138 132 104 102 107 105 99 80 87 79 83 77 65 70 35 39 37 5 3
807 804 872 874 804 876 807 873 807 808 809 887 809 697 704 694 735 739 740 348 375 348 740 341 340 337 343 928 343 341
289 290 288 289 290 292 290 289 291 292 293 291 293 291 293 295 294 296 298 299 298 297 299 297 295 294 296 294 296 295
105 156 161 166 176 203 210 205 203 207 203 197 215 214 200 203 197 183 186 183 185 628 625 590 754 750 908 889 886 890
125 124 122 115 118 116 115 111 106 103 98 94 97 96 102 101 95 69 73 72 68 74 68 75 81 57 58 56 82 78
838 834 831 828 834 830 831 829 828 834 831 825 819 818 351 354 818 354 350 351 817 814 815 812 815 818 817 348 816 813
157 111 156 111 110 109 156 112 156 108 105 156 104 102 99 81 82 128 82 128 131 130 127 125 124 125 122 116 118 117
104 156 115 191 188 560 561 190 195 191 189 188 593 625 630 629 664 667 670 672 667 668 690 693 660 689 653 651 640 644
383 388 383 387 391 388 385 382 380 341 740 347 377 381 929 414 408 413 448 779 406 402 397 395 396 400 395 392 369 372
510 514 513 478 447 408 406 773 401 396 434 433 425 431 424 427 435 469 474 442 478 477 496 500 507 470 436 401 438 404
458 462 467 472 463 458 459 455 452 257 256 451 481 447 449 455 457 460 464 499 500 510 480 461 463 472 434 433 434 400
611 609 575 579 583 619 657 619 614 619 582 618 648 614 644 611 617 580 575 581 616 586 585 588 553 584 578 548 552 520
272 268 267 325 265 261 487 492 489 488 524 522 520 523 551 513 515 478 447 453 456 457 458 461 462 456 484 483 514 485
459 456 450 447 445 456 458 454 483 456 446 445 409 378 376 406 366 392 400 394 389 384 387 383 385 373 374 377 742 341
625 635 639 651 615 649 683 676 679 648 645 641 643 640 642 645 674 682 650 652 684 680 682 653 684 686 673 675 685 651
202 199 202 203 199 194 189 594 591 587 553 521 522 555 521 258 223 220 225 260 263 258 261 263 260 330 331 414 335 926
278 281 284 283 281 278 281 283 280 277 276 279 282 283 280 283 286 288 287 289 288 290 291 293 294 296 294 292 290 291
495 493 492 458 461 459 476 442 478 475 441 475 477 446 485 757 761 764 761 766 777 778 763 757 779 758 778 781 761 763
868 870 867 870 868 869 872 875 874 871 869 870 806 803 894 892 804 873 875 878 881 878 875 808 699 808 873 803 888 884
341 742 344 341 742 696 739 410 413 418 412 779 776 778 780 781 762 657 659 622 660 690 660 659 627 628 625 630 659 653
887 884 810 884 887 805 891 893 900 904 891 875 802 877 801 892 904 892 876 893 904 902 912 792 795 925 932 934 935 940
725 731 368 373 378 373 379 347 738 374 778 781 756 590 627 623 618 646 642 648 646 647 641 644 642 646 682 651 657 623
816 817 351 375 739 736 743 782 758 778 762 766 650 639 644 647 612 650 645 641 636 650 621 593 188 186 184 178 150 182
718 726 727 730 684 724 730 352 353 356 360 363 723 716 356 364 366 730 716 728 691 661 744 781 782 761 763 757 761 778
657 745 747 750 254 751 907 908 787 789 899 912 247 241 247 250 750 908 906 886 891 804 887 886 891 801 876 881 789 880
713 358 353 349 383 380 341 882 786 910 909 883 786 885 750 909 253 783 749 753 756 758 760 549 587 553 586 763 766 778
41 63 80 77 78 79 83 59 54 20 24 22 11 10 13 15 14 18 13 14 12 19 55 17 21 11 8 22 19 23
409 413 450 452 483 451 448 410 414 379 345 379 341 343 926 339 344 343 337 338 414 410 375 376 382 386 388 391 394 389
668 667 672 670 672 668 659 632 635 632 637 634 632 622 660 695 693 694 695 745 783 743 786 784 337 909 337 379 931 380
568 566 585 580 549 551 547 541 538 537 531 527 497 491 488 518 519 492 489 519 518 516 527 526 527 531 534 543 507 477
837 838 836 840 838 835 832 838 840 841 842 845 843 840 842 841 843 842 839 845 840 845 840 837 843 845 843 840 842 840
261 266 268 273 271 267 232 230 232 248 232 263 267 271 266 269 270 267 264 324 321 318 315 318 319 320 321 325 328 330
395 391 387 384 373 406 779 735 733 351 734 740 741 736 374 370 407 409 408 440 438 434 471 398 404 402 399 369 352 356
666 632 667 693 697 663 697 884 882 881 344 338 339 378 339 340 785 881 786 340 379 930 929 411 417 421 418 408 446 440
578 548 550 545 541 547 510 474 436 474 443 480 457 446 443 477 478 447 442 479 447 408 410 409 412 444 418 449 453 460
617 580 570 582 585 620 622 651 615 612 614 648 647 605 613 581 570 566 571 568 577 571 578 569 581 617 618 654 624 592
584 554 555 561 563 564 565 532 550 552 587 521 519 258 489 486 483 479 473 439 443 439 444 476 477 496 492 491 493 489
908 909 912 901 900 915 913 903 911 247 232 245 320 244 324 319 323 318 315 320 241 244 236 230 232 235 240 239 236 231
213 217 250 251 254 748 745 660 629 658 747 746 783 739 744 782 784 739 740 812 741 737 695 663 659 663 693 656 687 652
503 508 502 507 502 508 477 480 482 457 456 453 446 442 443 405 403 401 435 472 435 439 472 476 464 458 456 419 456 454
947 945 942 940 942 945 944 941 938 937 936 932 935 939 935 933 930 929 339 333 249 245 912 794 323 327 329 252 254 257
790 795 790 899 798 922 923 799 789 901 903 902 900 895 899 916 919 918 920 919 898 919 920 923 879 877 875 874 804 875
594 592 586 597 586 620 618 623 618 582 588 624 627 748 754 627 747 749 746 661 664 655 636 637 648 646 615 650 655 692
877 880 339 338 341 338 929 930 380 407 421 420 419 423 420 422 423 442 441 439 443 406 373 370 366 398 773 443 441 404
264 326 320 244 212 218 219 228 251 327 325 248 327 328 331 335 334 335 339 929 926 924 921 797 796 793 792 913 898 894
442 476 510 515 527 526 524 529 527 494 500 538 533 528 527 530 497 512 514 485 451 449 450 452 484 493 494 496 497 515
67 62 23 44 62 80 63 66 70 67 78 63 26 59 63 79 65 64 62 30 65 38 30 38 66 27 59 47 19 11
811 808 810 812 696 698 811 700 701 704 703 697 705 711 715 727 722 728 716 715 716 726 728 685 654 657 766 685 675 686
425 431 427 438 436 399 404 442 444 479 475 446 480 517 512 477 473 463 461 467 465 476 471 435 427 472 475 405 446 450
85 89 87 60 77 74 64 75 79 59 79 75 68 64 44 43 45 64 45 49 44 19 13 12 22 24 20 55 47 50
405 425 439 475 441 403 441 404 409 377 372 406 441 444 412 376 410 372 733 690 660 626 627 659 664 658 689 735 736 688
789 879 923 879 790 793 791 794 793 791 901 789 912 792 245 251 216 201 204 176 173 177 173 174 177 173 207 209 206 210
328 323 325 321 236 244 233 270 233 235 229 232 233 267 264 258 520 557 585 565 569 568 578 567 563 597 601 605 607 606
225 228 219 216 254 249 327 322 324 327 333 253 909 880 798 790 792 796 925 795 922 799 790 797 913 797 922 797 795 796
706 708 705 709 705 699 809 699 701 699 698 695 735 732 709 736 735 745 780 782 744 697 661 744 695 696 884 810 699 703
619 652 655 664 667 654 652 684 725 712 710 708 714 713 726 729 371 367 369 374 410 407 402 370 405 447 413 377 412 334
230 235 243 244 212 215 228 219 251 249 253 783 749 755 747 590 625 659 692 695 663 665 666 670 671 674 678 681 725 722
800 802 805 803 887 882 743 739 784 786 340 334 339 379 740 741 744 783 758 780 745 693 661 743 740 736 695 737 347 346
570 581 567 568 570 580 546 515 547 580 566 581 586 589 555 521 518 519 487 520 521 552 550 546 510 511 478 479 475 437
325 267 269 267 268 267 262 225 228 226 263 264 321 268 272 267 228 251 253 755 253 254 752 751 753 751 907 787 888 904
465 476 472 470 439 404 442 476 479 485 481 475 479 485 453 481 479 444 439 440 403 437 436 396 397 434 401 366 403 404
323 319 316 318 320 321 241 247 251 245 320 271 269 273 270 230 266 269 274 275 273 269 274 275 276 279 280 277 279 281
407 412 446 475 773 768 776 409 376 348 814 346 379 343 930 343 881 787 905 892 893 801 892 889 884 881 884 908 885 888
55 47 20 59 23 18 10 23 47 51 50 47 60 63 42 43 38 65 80 76 66 76 66 33 1 32 35 30 62 34
802 876 881 786 787 906 886 906 750 755 783 785 885 696 699 703 697 663 690 736 688 693 658 633 664 658 620 586 552 585
927 924 796 913 794 242 792 915 898 919 920 919 917 919 916 900 895 892 876 891 805 810 886 884 882 786 881 799 788 797
648 653 650 615 646 643 645 649 615 616 646 650 651 615 650 640 647 648 615 614 607 602 600 599 602 605 650 655 690 735
107 104 103 106 107 101 104 101 95 96 91 89 96 87 80 76 72 75 71 73 71 73 65 99 89 87 83 55 24 29
610 608 611 612 616 654 620 584 578 612 605 610 605 650 682 651 618 582 577 578 568 567 562 563 569 532 550 527 490 519
765 759 760 780 760 757 482 757 451 452 453 415 417 421 422 419 423 419 417 411 415 411 380 411 422 445 480 483 443 437
792 790 792 914 916 913 242 235 229 262 258 486 485 256 486 757 778 763 764 763 765 771 509 549 577 545 548 579 577 613
50 51 49 50 47 11 17 18 21 10 16 10 16 11 6 5 33 31 28 24 20 10 15 11 20 15 11 16 54 48
179 182 178 180 177 200 177 175 181 752 747 659 690 693 689 668 673 686 684 682 725 721 724 363 723 728 722 719 716 721
133 139 145 165 146 147 151 162 165 138 136 131 132 104 108 112 108 103 98 73 103 130 126 131 135 89 85 87 79 87
205 208 211 204 199 159 196 157 195 198 200 203 204 200 198 204 215 203 167 162 164 165 138 143 138 144 143 137 132 134
154 179 147 148 150 152 108 104 136 137 152 104 105 100 136 134 136 130 126 130 125 122 116 189 594 624 623 627 593 594
416 419 422 408 418 412 449 480 447 482 453 487 489 492 457 482 447 444 439 434 396 401 471 476 444 448 411 412 410 411
949 947 948 951 948 947 946 947 950 948 947 945 946 947 949 952 949 950 948 945 948 951 949 948 946 943 940 943 941 943
680 679 648 647 616 620 658 623 586 587 558 587 558 589 555 554 515 512 497 508 543 500 507 542 770 767 777 774 768 763
873 804 890 803 887 888 890 906 889 888 889 803 877 801 799 877 878 787 784 338 413 379 931 932 925 796 791 789 878 881
183 184 197 221 193 187 183 179 173 166 176 201 205 207 211 205 231 247 253 249 252 250 909 786 888 904 888 891 886 906
422 408 407 373 380 345 381 378 376 347 344 882 742 695 697 744 697 698 811 699 810 699 810 806 811 814 815 349 352 350
596 593 625 593 628 658 655 670 667 662 696 742 695 705 700 697 695 746 747 749 756 257 328 327 322 268 266 226 259 256
951 950 947 948 951 948 946 943 946 945 946 944 943 945 948 947 949 951 948 950 951 949 948 946 947 948 947 945 948 945
788 878 799 796 789 796 926 795 922 919 898 897 900 913 914 902 242 790 912 245 325 260 263 257 452 450 480 447 410 405
564 560 561 559 585 598 599 594 590 626 621 653 766 650 621 658 626 623 619 651 656 693 691 697 812 699 811 813 812 808
687 729 371 738 784 882 741 698 695 694 689 652 653 766 762 775 764 760 553 515 518 519 486 553 557 591 592 189 559 562
47 52 56 49 44 63 79 78 75 72 67 80 100 80 67 69 38 66 31 69 65 67 74 72 68 73 72 67 75 70
724 682 647 642 643 645 615 650 647 614 602 606 605 618 646 613 581 576 535 548 512 500 497 511 500 538 536 577 573 578
485 256 756 780 760 764 553 764 765 764 774 771 768 770 771 770 768 773 370 731 371 776 777 780 760 764 766 653 650 647
276 274 272 267 232 228 251 256 252 251 245 320 241 232 212 247 217 197 179 184 753 254 756 254 252 249 329 260 258 257
374 737 695 690 708 703 707 710 707 708 711 706 708 703 704 699 705 693 667 670 641 643 647 653 655 671 677 686 685 729
207 211 176 203 199 204 212 215 219 194 183 154 159 160 153 133 132 127 125 122 120 117 112 156 153 165 148 165 144 165
521 516 515 496 490 493 498 494 497 512 531 530 531 551 535 533 531 527 524 526 525 528 554 525 529 534 547 509 512 534
739 742 786 885 887 890 803 883 881 801 881 878 879 799 897 916 915 791 912 913 902 900 898 900 902 901 903 907 906 908
233 321 326 328 250 253 255 257 756 755 256 257 262 265 268 267 262 257 488 487 259 487 484 492 515 481 453 479 444 439
537 536 534 532 568 564 568 564 562 556 557 562 557 560 557 560 561 565 569 570 604 578 571 578 583 586 616 582 614 648
880 881 799 800 880 341 785 745 693 692 732 733 708 706 712 717 713 733 728 723 720 717 357 360 358 718 716 711 716 726
604 606 605 615 620 583 589 598 594 595 599 605 616 646 644 639 637 632 657 626 624 623 622 636 651 635 633 629 662 697
377 345 348 349 815 347 375 741 376 372 375 735 782 762 763 623 762 779 762 782 744 735 731 684 732 727 715 727 688 683
384 387 390 392 399 400 404 443 404 440 476 470 435 440 472 471 474 504 511 543 546 505 500 507 499 504 499 511 474 436
522 521 558 554 521 517 519 553 547 508 474 475 437 400 399 436 439 437 405 439 469 466 465 464 442 405 373 385 388 385
315 314 317 315 313 312 309 311 313 310 313 312 311 313 310 308 310 309 307 308 307 305 307 309 312 311 312 311 309 311
