315 313 312 310 312 311 310 312 314 316 317 316 318 319 322 324 323 322 320 322 324 327 324 323 345 347 357 354 355 357
386 209 210 212 385 212 217 216 213 218 222 226 223 219 223 219 220 217 216 212 385 208 122 120 208 117 203 199 196 193
454 452 461 51 48 43 39 433 39 72 71 69 66 108 113 114 117 119 117 392 201 116 114 201 199 198 110 395 430 435
365 367 366 371 374 371 366 370 369 365 364 363 359 354 360 354 357 360 356 357 353 358 363 369 372 370 371 368 341 339
451 449 454 42 44 59 44 65 436 39 41 42 38 43 440 437 40 69 73 33 34 77 75 426 399 429 424 404 399 430
384 442 443 441 439 391 397 391 394 438 386 384 380 386 381 377 380 385 442 387 389 383 443 442 383 382 381 386 389 393
324 345 357 359 357 356 360 358 356 357 353 358 362 360 361 366 365 367 368 365 343 325 343 326 345 358 356 361 357 359
180 185 183 179 176 171 168 171 172 89 94 96 158 157 179 161 156 154 107 146 110 112 145 139 57 54 52 445 50 449
320 317 320 319 317 314 315 314 316 317 318 321 320 319 318 321 319 321 322 325 343 368 341 369 367 362 364 369 365 343
373 376 381 377 381 376 375 378 381 379 376 378 375 376 373 372 374 375 378 382 379 383 388 442 438 433 40 432 70 75
369 368 365 361 359 365 362 366 370 372 371 368 364 359 365 341 338 336 339 336 335 332 330 333 331 333 335 333 331 332
408 416 415 418 414 417 418 420 405 420 425 402 424 427 402 427 430 398 399 431 399 396 198 400 404 402 426 422 83 82
307 308 307 306 308 307 306 308 307 306 304 306 308 310 308 309 308 310 312 310 312 310 311 313 311 309 307 305 304 303
428 403 409 404 401 405 420 418 419 416 421 426 423 422 420 417 418 414 417 420 423 421 424 430 32 72 429 398 403 407
464 463 461 46 447 440 441 447 451 453 456 460 452 450 45 41 43 41 65 71 430 68 62 65 432 66 64 43 44 66
11 13 85 86 84 79 76 430 76 430 427 402 424 423 424 422 402 425 430 394 434 430 76 36 432 428 397 396 401 420
14 17 25 31 30 76 79 76 70 64 69 432 427 421 419 424 419 418 421 405 408 414 412 408 414 413 405 424 399 194
346 324 321 324 344 361 343 368 369 363 368 341 342 328 342 341 343 361 356 362 359 354 353 355 353 355 361 355 361 359
24 23 20 25 29 25 83 26 31 32 430 433 65 58 61 47 54 62 59 63 69 37 72 75 81 89 87 172 174 176
302 304 305 303 305 304 305 306 305 304 302 303 304 306 304 305 307 305 306 307 306 307 305 306 307 306 307 305 303 304
146 63 62 68 433 33 35 34 37 38 69 64 65 63 67 105 154 99 95 173 174 176 170 162 158 177 161 159 99 94
140 63 108 104 151 157 159 155 96 92 88 92 171 88 91 174 95 159 93 97 92 94 100 177 181 178 96 92 90 92
303 305 304 303 305 307 309 310 311 309 308 310 309 308 306 304 305 304 302 304 306 304 305 307 309 307 308 307 309 308
204 120 208 210 207 202 396 393 390 395 427 400 401 402 422 421 402 424 405 413 412 413 414 409 407 410 405 401 403 401
195 199 201 199 198 204 208 385 212 209 203 206 208 118 115 120 119 116 388 393 394 393 397 391 389 202 199 201 204 121
201 389 388 389 385 380 386 380 383 387 443 437 390 439 437 433 437 434 433 34 76 32 429 399 426 427 400 428 425 402
1 0 1 4 2 1 0 1 4 2 1 4 2 4 2 3 1 0 2 0 1 0 1 2 3 2 3 1 0 1
215 378 219 217 211 215 212 209 203 204 200 205 200 204 198 203 208 211 207 208 122 208 202 205 207 202 205 199 201 121
226 225 224 228 226 222 225 224 228 229 230 232 233 231 230 227 223 218 219 218 223 218 217 213 218 216 221 218 214 208
318 316 314 317 320 317 318 319 316 317 316 315 314 312 313 315 317 314 316 318 316 317 315 316 319 320 319 321 318 320
17 86 173 170 168 166 165 166 164 160 157 162 164 165 164 162 169 181 178 165 162 161 164 160 96 160 161 165 179 182
443 448 46 43 39 65 68 71 431 391 388 117 116 60 66 41 42 45 453 46 43 44 47 62 56 135 56 59 53 446
12 9 7 8 7 9 6 7 10 13 87 86 85 87 172 89 95 177 181 178 175 82 84 26 27 25 30 33 28 29
291 292 295 292 293 292 290 292 290 292 294 295 294 293 290 289 287 285 286 284 285 284 282 283 280 278 280 279 281 283
447 46 48 46 62 48 52 446 447 453 447 437 441 439 43 449 46 450 42 65 68 67 102 71 33 77 26 28 30 31
390 392 202 392 397 431 433 432 70 76 80 30 27 25 21 23 18 20 18 19 20 22 19 22 15 83 16 86 13 12
228 231 234 236 233 230 228 229 228 224 223 226 224 222 221 219 217 216 212 208 385 120 116 59 53 449 458 50 449 53
94 98 99 104 153 103 108 105 109 68 69 432 437 36 430 433 435 36 432 106 70 71 70 40 68 62 112 116 119 57
452 457 456 455 449 42 48 46 42 43 46 62 48 54 49 53 55 47 49 462 458 463 462 459 457 455 457 449 42 48
192 190 407 412 414 409 405 408 412 410 183 409 403 190 189 195 197 111 150 155 161 160 157 154 158 176 99 159 95 173
450 42 36 431 435 432 395 398 394 399 396 399 402 399 428 402 397 398 401 404 403 404 401 420 419 423 429 68 436 435
160 159 157 156 158 177 175 82 79 422 420 423 422 421 417 413 415 408 413 183 189 187 180 183 410 412 415 417 414 411
21 20 17 19 25 24 20 19 25 23 84 83 79 75 74 76 80 29 33 38 37 38 41 65 67 61 58 136 54 52
321 320 321 320 319 321 322 347 357 362 363 361 343 328 327 343 328 329 331 334 336 338 341 342 345 361 367 365 369 370
331 328 326 328 331 328 343 325 346 325 343 342 339 341 340 341 344 326 343 342 341 365 370 373 374 372 373 371 367 371
367 368 341 368 367 365 369 370 366 368 363 367 361 344 347 345 342 365 367 366 361 355 356 357 359 356 352 350 351 352
77 79 78 76 33 73 75 81 87 85 86 81 83 85 87 173 170 169 176 88 173 95 92 176 92 88 79 81 82 79
403 407 403 194 400 397 402 407 409 411 412 411 183 182 183 407 191 194 400 395 396 431 429 432 37 68 39 440 449 461
355 353 347 349 354 358 362 361 356 360 356 358 363 362 356 358 359 362 367 365 364 358 364 358 345 358 356 353 357 358
420 415 416 415 417 416 418 414 418 423 419 417 413 405 424 425 427 425 401 406 400 198 202 199 197 190 195 400 424 420
366 360 345 346 357 347 349 347 345 325 322 323 324 325 343 326 329 326 327 324 346 349 351 353 355 354 358 353 357 345
283 285 286 284 283 285 287 285 282 285 283 284 282 281 280 279 280 282 284 283 281 283 282 280 279 280 282 283 280 279
22 18 22 20 23 25 20 26 28 23 18 21 16 84 25 20 24 27 22 28 22 16 83 77 83 78 76 29 76 30
429 398 402 404 401 424 419 423 428 401 425 429 106 109 65 41 69 39 437 40 69 36 42 45 42 65 69 68 67 66
460 452 451 457 458 453 448 445 50 49 453 46 452 461 463 458 459 458 452 447 445 451 446 445 53 54 47 59 60 116
131 123 119 117 122 134 122 130 120 123 127 129 125 127 130 132 131 126 130 128 127 122 208 213 210 204 203 117 200 206
347 350 351 355 361 366 365 360 357 345 346 349 351 354 350 352 349 352 353 350 351 355 356 361 357 360 354 352 356 358
255 253 251 249 248 246 247 248 250 248 246 248 249 251 253 252 251 249 250 251 253 251 253 251 249 251 249 248 249 251
350 349 353 354 351 355 356 361 358 345 357 359 356 358 362 365 342 341 369 370 374 370 365 370 366 361 344 343 342 345
293 295 293 292 291 293 291 293 295 292 291 294 295 294 295 292 290 291 293 296 293 291 293 292 290 291 294 293 294 293
93 91 88 81 89 91 174 82 80 26 29 79 29 23 22 20 25 83 82 87 83 16 13 86 15 17 22 85 83 80
40 44 41 37 433 40 65 41 44 61 58 62 64 105 110 395 429 424 429 395 427 428 431 433 431 397 398 429 430 399
453 448 46 47 48 44 58 60 66 61 40 70 40 37 72 75 77 74 101 74 76 426 424 423 419 420 421 417 421 426
434 35 37 433 431 393 388 438 442 386 387 381 386 443 386 390 388 113 109 60 139 59 116 388 390 384 443 444 443 384
58 60 109 67 73 78 94 98 92 98 95 99 103 153 103 106 70 66 70 36 38 39 41 42 46 453 458 462 51 52
136 139 138 133 138 144 63 64 106 429 106 75 71 101 107 101 105 99 105 102 155 161 160 156 157 154 157 100 105 106
196 193 403 405 424 418 421 422 420 401 397 396 198 201 118 116 115 57 60 58 65 61 56 55 59 136 56 136 137 140
363 360 361 367 370 374 373 372 374 371 367 364 367 364 367 363 359 356 355 354 360 359 354 351 350 353 349 352 356 362
381 376 380 378 377 378 380 375 377 375 378 376 375 380 385 205 199 194 400 396 393 390 387 391 387 441 447 448 453 448
96 102 71 72 38 39 43 66 60 140 138 144 140 138 141 139 136 135 131 122 134 57 62 64 67 107 113 64 62 65
338 341 365 361 364 369 370 368 365 362 356 360 363 357 359 358 360 366 369 364 360 365 366 364 361 367 366 363 362 365
81 80 25 28 80 79 78 83 86 88 92 93 90 173 89 81 86 89 90 88 90 175 91 96 101 97 96 158 96 92
387 441 439 436 435 36 69 66 432 431 396 403 195 196 200 199 197 193 110 114 392 117 113 112 108 106 70 102 104 101
419 416 413 416 421 406 413 415 413 416 418 424 430 33 429 71 433 32 76 72 67 65 436 441 438 433 34 28 29 426
345 357 354 350 347 346 345 322 320 322 347 350 348 349 351 352 351 354 355 361 360 366 367 363 357 345 346 348 322 325
216 212 209 389 202 396 391 431 429 106 108 67 104 101 99 75 81 87 84 22 27 23 84 81 86 16 22 15 14 16
292 293 292 295 294 296 293 294 292 291 294 295 294 295 296 297 295 297 298 297 298 300 301 303 302 304 305 307 308 306
79 76 73 36 71 433 437 391 394 434 435 432 39 68 75 99 177 159 96 102 154 158 178 96 99 101 70 66 64 112
98 100 102 98 96 177 158 179 178 168 178 177 170 177 159 156 152 154 155 101 97 100 94 78 79 80 79 98 97 94
263 264 266 264 266 268 267 265 263 265 263 264 262 261 263 265 266 267 265 264 266 267 268 270 268 267 265 263 261 259
30 24 18 15 84 26 20 24 18 20 17 22 23 25 26 28 23 29 80 79 84 21 18 20 17 25 22 24 26 77
127 129 125 124 209 214 215 217 211 214 209 206 201 203 198 113 198 193 110 112 106 112 108 66 432 72 429 71 70 64
246 244 245 244 246 244 242 240 241 240 241 238 241 242 240 241 239 241 243 244 242 244 246 245 243 245 247 245 247 248
92 171 174 175 82 84 88 173 87 89 90 88 173 82 86 81 76 34 28 24 22 25 80 74 72 78 80 26 25 30
275 272 271 272 269 270 269 268 271 268 266 269 266 268 267 266 268 269 267 268 267 266 267 268 269 271 269 270 267 266
266 268 270 272 270 273 276 273 272 273 271 270 272 269 268 271 272 274 273 275 278 280 283 285 286 287 286 287 289 291
344 346 349 354 360 345 360 359 360 359 364 366 362 363 359 360 361 345 342 340 342 344 325 323 345 348 349 351 354 349
375 378 376 379 376 380 378 215 210 204 210 207 203 121 127 131 135 131 132 128 131 128 130 121 117 119 139 55 139 144
252 253 255 256 254 255 256 255 257 259 260 261 262 263 261 263 262 263 262 263 261 259 258 256 255 253 254 253 252 254
83 86 89 173 92 91 88 78 72 37 40 41 38 36 41 35 436 41 65 41 42 38 33 35 31 27 21 25 28 25
72 76 71 106 102 108 113 119 124 127 132 131 122 124 215 124 208 123 130 132 128 133 136 60 63 61 65 59 57 58
251 252 251 249 250 252 250 252 253 255 253 254 255 257 258 257 258 260 261 260 258 256 258 260 262 264 263 262 261 259
9 8 9 10 13 11 8 6 8 10 12 14 85 82 87 13 86 84 87 84 80 82 89 175 79 74 98 93 159 155
78 79 76 29 34 30 76 425 402 400 198 199 198 193 107 150 149 147 142 115 112 113 114 109 146 104 108 106 68 39
144 143 148 104 151 107 67 432 37 69 73 36 430 426 80 86 87 88 79 82 175 89 90 81 82 84 81 78 75 105
423 428 402 424 398 399 430 424 401 421 425 421 417 420 416 419 421 426 32 31 36 65 39 440 449 47 61 58 65 60
84 22 84 22 21 23 20 21 26 23 29 72 73 75 78 98 175 178 177 157 158 100 156 157 162 168 178 161 165 164
122 126 120 125 129 132 130 133 136 142 145 112 117 121 124 211 125 208 210 204 201 197 201 206 201 198 110 146 151 155
187 193 110 113 392 387 388 393 392 205 389 395 396 401 420 425 428 395 390 389 201 196 191 403 402 404 409 416 408 183
404 399 394 388 116 113 114 120 384 443 439 440 387 392 201 115 114 116 111 106 110 114 112 111 147 152 149 153 152 148
397 393 397 400 427 429 36 429 431 394 389 388 394 430 428 401 399 428 424 404 407 188 187 192 196 200 196 198 192 194
76 32 26 80 82 78 90 175 99 155 154 102 97 94 95 94 100 96 159 93 98 79 74 77 74 101 70 74 102 105
326 323 324 346 357 359 355 352 354 357 346 345 348 349 350 351 355 356 360 356 352 353 347 357 361 365 342 328 331 328
427 426 76 81 89 88 79 88 86 82 87 88 94 92 170 92 173 92 170 167 165 169 168 171 168 170 167 170 168 164
243 242 240 242 241 239 238 237 234 236 239 238 240 241 243 241 239 237 239 236 233 236 235 233 230 232 231 234 232 235
95 170 167 162 177 178 162 164 163 166 163 161 156 151 148 108 66 109 65 432 71 105 107 113 108 67 71 430 429 33
310 312 310 308 306 308 306 307 305 303 304 306 304 305 303 302 300 301 299 301 300 302 301 299 300 298 299 300 302 300
430 71 37 73 37 35 30 33 76 80 77 79 78 90 95 97 95 98 96 178 165 167 166 169 176 178 159 96 155 102
329 332 335 338 336 334 336 338 337 340 338 335 332 335 337 336 334 333 330 329 341 339 340 339 341 329 331 332 334 332
351 349 348 353 352 355 357 345 325 323 321 323 321 323 345 326 343 344 342 339 336 334 336 334 336 337 334 333 335 338
208 121 203 117 392 395 400 398 395 110 146 108 111 105 69 74 75 426 80 426 420 419 421 427 425 424 402 426 398 402
436 391 431 394 428 398 434 431 396 398 397 392 386 389 393 431 398 431 393 390 385 212 215 210 206 121 125 212 210 215
73 78 94 90 93 91 94 96 94 91 90 89 175 99 154 152 157 153 103 155 97 101 95 91 90 95 89 172 87 85
379 380 379 377 381 375 378 379 383 389 386 382 377 374 375 377 381 376 377 380 375 372 375 378 380 376 380 377 374 372
181 170 178 177 100 95 176 171 88 175 82 173 87 13 85 89 87 90 89 92 173 175 170 162 165 167 166 167 161 165
124 211 210 213 214 219 218 214 209 385 208 203 208 207 124 125 126 129 126 120 205 121 201 115 109 64 436 42 43 436
164 163 167 170 168 166 165 178 170 162 159 158 179 181 176 88 171 92 91 172 171 168 163 165 162 164 161 162 165 166
237 238 239 238 236 238 236 235 236 238 240 242 241 240 238 240 242 244 243 242 244 245 247 248 247 245 247 246 248 247
259 260 262 264 265 266 269 268 271 269 268 271 269 266 264 262 261 260 262 261 262 261 262 260 261 263 262 263 262 264
438 434 68 71 37 34 33 27 31 37 40 41 36 30 76 77 72 38 39 37 70 71 431 396 392 202 204 201 117 114
143 137 139 145 148 150 155 100 102 101 100 101 104 99 177 180 179 157 178 165 167 166 169 171 173 172 171 175 99 103
7 6 9 6 4 5 3 5 8 7 8 9 12 11 10 12 14 11 14 15 83 88 92 90 94 100 96 101 104 100
8 7 10 7 5 4 3 4 3 1 0 1 0 1 0 1 4 1 2 4 6 8 6 4 2 0 2 0 2 0
174 88 79 75 77 30 76 32 31 28 24 23 84 25 20 23 84 15 83 422 424 399 396 391 395 430 68 65 41 35
389 395 396 394 432 430 394 438 391 392 393 388 389 394 399 429 424 426 80 25 28 32 434 435 395 110 197 203 205 392
372 369 368 363 360 362 365 364 361 345 347 353 358 361 356 357 358 345 360 356 354 358 357 363 358 356 352 351 353 349
439 434 429 426 428 424 429 68 36 38 39 43 40 62 48 49 51 462 459 458 449 53 446 441 439 444 446 52 55 54
34 37 33 69 33 37 34 72 37 34 77 79 80 83 82 84 80 422 402 407 405 400 404 409 405 424 400 404 402 421
267 268 266 267 269 267 270 267 266 267 266 264 263 262 264 265 263 261 262 261 262 261 262 261 259 258 259 260 259 260
4 5 6 5 8 10 8 6 7 5 8 9 8 7 8 5 3 4 5 7 8 7 8 10 13 10 7 9 11 12
327 325 345 326 329 331 334 336 338 335 333 330 327 329 328 331 330 328 341 339 337 340 342 340 343 364 365 362 366 365
150 107 193 187 194 196 195 192 191 190 193 195 196 201 115 142 146 150 153 148 153 103 153 103 155 159 95 78 80 78
193 110 114 112 60 56 136 59 116 112 106 432 68 37 31 36 430 72 30 36 436 44 58 60 56 135 140 136 134 138
265 263 264 265 263 261 260 259 258 257 256 257 259 261 260 261 259 257 258 257 256 258 260 258 259 258 257 256 258 259
417 419 425 424 428 396 398 394 434 36 437 433 72 430 76 81 79 29 25 31 30 27 28 30 76 74 102 100 106 104
437 432 36 435 433 71 68 65 67 65 60 55 139 145 112 145 141 146 115 118 124 212 208 123 124 128 122 120 115 119
359 365 363 360 356 362 358 355 352 355 361 367 365 361 360 355 354 347 350 347 357 345 342 340 342 343 341 329 326 329
111 193 195 189 406 401 402 421 417 420 418 415 416 409 415 414 417 418 419 421 419 422 419 420 423 428 395 399 404 399
152 147 108 104 147 145 144 139 145 144 141 146 115 110 105 108 63 65 36 72 69 72 37 73 76 73 75 99 177 180
368 370 371 366 362 365 343 340 343 326 329 330 328 329 330 328 343 340 338 340 342 343 364 358 363 368 367 365 366 360
415 405 402 423 429 424 430 424 402 403 400 399 396 194 189 192 193 188 185 186 406 408 410 184 410 407 188 186 187 407
449 448 461 453 455 453 458 456 454 457 454 453 458 462 460 463 458 50 47 61 57 62 59 58 64 111 106 109 103 150
236 235 238 235 233 231 232 233 235 234 235 234 235 234 231 228 224 222 219 221 218 216 218 215 218 221 216 378 382 212
74 70 65 59 63 62 59 56 57 120 384 379 377 376 379 382 381 376 378 213 208 204 118 117 208 209 385 381 385 209
316 314 317 320 321 323 346 323 322 325 346 324 322 323 321 319 322 323 320 319 316 317 318 319 318 320 322 323 324 345
89 173 170 162 165 164 168 162 165 179 180 178 180 158 153 157 100 158 154 152 156 154 152 104 155 156 153 154 152 147
402 424 427 432 428 425 430 435 391 386 381 376 373 374 370 369 368 363 368 367 362 361 357 354 352 355 360 354 353 357
279 278 280 278 280 278 279 282 283 284 285 282 281 280 279 281 282 284 282 281 280 281 283 282 284 282 281 279 280 282
241 242 244 245 247 249 248 247 246 247 246 247 249 251 249 250 248 250 249 247 248 247 246 244 243 245 244 245 244 243
406 416 413 416 412 411 183 407 190 407 188 184 407 405 420 416 405 424 403 400 194 187 194 187 191 186 188 406 187 183
400 198 113 119 116 139 136 58 43 48 51 48 47 52 51 54 52 449 444 443 445 46 447 46 44 42 44 39 432 68
256 254 252 250 249 248 249 251 253 254 256 258 256 254 256 258 257 259 257 259 261 262 261 259 257 259 260 259 261 263
103 108 110 201 206 202 198 194 193 192 195 190 189 195 200 201 202 201 121 206 204 118 208 204 200 199 205 389 392 396
462 49 458 462 465 463 462 459 457 458 463 458 459 461 457 455 456 457 458 462 49 52 54 46 453 451 456 457 456 460
269 268 267 268 266 265 266 265 266 265 266 264 262 260 262 263 262 264 263 261 262 261 260 259 260 259 257 258 257 256
334 336 334 335 334 335 333 335 337 336 335 337 335 337 340 338 335 337 340 338 339 330 329 330 339 336 339 342 339 336
99 98 100 105 147 141 144 63 108 150 103 100 95 90 95 92 174 86 82 83 22 25 84 15 87 175 174 82 81 89
162 161 156 151 149 111 107 194 196 190 189 180 189 187 183 179 182 179 157 153 155 150 107 111 197 195 193 188 185 189
224 220 223 222 225 222 223 226 222 221 217 213 212 213 217 212 381 378 382 387 389 383 381 382 213 216 220 217 218 221
277 274 276 278 280 278 280 283 280 283 282 281 279 278 279 281 282 281 283 284 286 287 286 285 283 282 285 284 286 287
120 385 212 211 124 118 115 143 144 141 142 136 140 141 144 139 140 144 139 58 55 61 436 39 43 39 435 394 431 36
53 49 47 43 65 68 62 68 73 72 30 29 76 80 426 75 71 36 71 429 71 70 105 106 104 67 107 67 62 44
333 332 330 333 334 332 334 336 333 331 330 327 330 331 334 333 330 328 326 324 344 345 360 359 357 354 357 362 360 366
166 162 179 185 189 183 187 190 197 192 195 400 427 423 426 430 394 398 431 430 426 430 424 405 406 405 424 404 408 407
46 50 462 463 465 461 457 454 453 451 450 452 46 49 45 42 39 34 39 435 390 389 201 117 205 209 212 215 213 211
343 327 343 325 326 329 328 327 330 328 342 328 330 339 341 339 341 339 338 335 334 333 335 334 333 331 332 335 332 330
393 392 397 428 433 72 30 35 29 30 28 24 26 25 19 21 18 21 20 18 16 13 87 86 83 419 83 81 83 16
172 174 170 176 175 178 176 178 169 177 169 170 92 96 95 91 93 95 88 94 97 98 95 96 99 159 158 98 95 176
33 29 31 29 77 29 79 82 86 87 81 88 79 75 74 98 94 78 80 82 79 78 71 36 76 30 36 40 69 433
23 17 15 17 15 83 87 84 87 89 82 81 77 82 83 77 76 33 34 76 75 70 75 73 75 429 71 430 399 398
190 187 185 190 403 399 403 190 184 188 187 188 189 193 188 184 407 406 401 405 416 408 415 417 421 417 421 423 427 402
284 283 281 283 285 283 281 279 277 275 278 276 277 279 277 274 273 271 268 270 267 269 268 270 273 270 271 269 271 270
304 303 302 301 300 299 300 298 300 302 301 300 301 302 304 306 308 307 306 304 305 304 306 304 303 305 307 305 303 304
69 73 71 75 72 67 102 154 153 148 149 111 197 199 202 396 393 392 397 391 394 435 439 434 390 389 393 390 438 391
3 4 6 7 5 7 5 3 1 0 2 3 2 1 4 2 3 4 5 3 5 8 5 6 9 11 9 7 8 6
135 133 138 56 61 67 147 105 154 151 100 94 93 98 99 102 70 37 65 58 47 55 59 53 57 56 134 123 131 119
378 380 386 442 437 436 434 68 36 30 27 24 26 24 22 21 19 24 20 18 21 19 23 24 23 21 27 31 33 430
114 108 112 106 111 146 63 69 41 35 36 41 38 42 45 42 450 455 454 453 452 448 446 444 449 42 454 457 461 463
123 122 118 116 119 60 136 56 62 68 75 68 64 436 38 43 39 35 38 436 435 43 437 39 435 432 69 39 437 436
91 88 82 174 176 96 159 156 155 100 158 176 178 175 94 93 90 82 81 90 173 91 88 174 173 87 89 174 88 94
306 304 303 305 306 307 308 310 309 311 313 312 311 310 309 311 309 310 309 310 308 307 305 306 308 306 307 306 308 307
176 170 168 167 166 164 161 165 167 164 157 100 155 97 99 97 100 104 98 94 89 94 78 82 80 84 83 422 418 416
282 283 281 280 278 275 273 274 276 278 280 283 282 281 282 279 281 280 281 282 281 279 280 281 280 281 282 279 282 283
26 20 17 85 89 172 175 90 175 173 175 91 95 101 102 429 433 434 435 391 389 390 395 389 392 394 432 40 433 432
197 193 198 395 427 395 392 390 388 392 394 391 113 201 206 121 201 195 403 194 193 403 406 186 190 192 190 188 195 192
239 241 243 245 247 248 250 251 252 254 252 250 252 250 251 253 254 253 254 256 254 255 253 252 254 255 253 252 251 253
177 178 165 166 167 163 166 169 167 162 163 159 154 99 97 99 102 70 65 44 41 40 43 44 63 61 67 62 47 44
312 311 312 314 316 319 321 318 319 321 324 325 346 325 324 327 325 324 346 348 353 356 361 362 357 361 359 358 356 352
119 57 54 59 64 59 47 42 48 50 52 446 47 55 136 137 142 115 112 145 143 63 146 147 67 62 66 44 61 55
189 192 193 187 195 396 391 435 64 67 68 436 36 68 41 42 37 35 434 430 76 33 430 33 77 73 33 80 29 34
52 50 446 444 448 451 454 456 459 457 455 454 457 458 449 43 40 433 436 39 434 436 42 39 36 430 434 40 42 436
271 270 268 269 266 265 266 268 269 272 271 273 270 272 274 277 276 278 277 275 274 273 274 275 272 271 274 276 277 275
298 300 299 300 302 304 305 303 305 306 308 307 308 310 309 307 308 306 304 306 308 309 310 309 307 308 309 307 305 306
16 86 89 174 95 94 95 89 91 96 155 103 153 152 157 156 152 154 159 163 164 167 166 163 162 158 103 155 103 158
156 153 104 67 66 72 69 44 63 62 60 64 65 59 54 49 53 449 453 461 51 46 50 449 440 43 48 42 47 59
158 103 100 177 175 176 175 99 175 171 175 99 97 155 96 93 98 103 106 110 107 153 154 103 153 157 164 161 155 159
360 365 360 364 362 358 363 368 369 368 369 371 366 361 363 365 360 345 357 362 364 365 366 362 363 357 362 367 369 366
54 55 139 58 63 62 57 55 56 58 136 142 140 142 60 109 103 158 101 107 103 158 153 148 149 108 114 108 106 103
121 117 115 201 206 202 198 199 204 200 203 197 193 188 193 106 71 66 109 103 154 156 152 156 154 149 152 157 179 181
286 285 284 283 285 287 288 289 290 288 287 286 284 285 286 285 283 284 285 283 284 283 285 282 279 281 279 278 277 274
376 381 386 385 208 212 213 209 389 383 443 441 443 437 433 436 433 38 42 39 440 448 446 449 453 448 447 451 446 441
456 455 454 458 459 460 458 50 51 46 445 450 445 446 440 439 436 65 436 41 35 432 64 436 39 34 28 26 20 26
294 295 296 294 296 298 299 300 301 300 301 300 299 300 299 301 303 304 305 307 306 305 304 303 305 307 309 311 309 308
64 436 44 436 446 445 443 438 434 438 436 391 113 110 193 197 110 194 198 395 435 432 109 395 427 425 421 419 422 425
188 189 192 189 191 192 195 199 200 196 201 117 204 121 115 142 112 145 150 151 147 148 145 141 140 59 62 61 60 143
51 462 49 45 50 45 62 47 52 54 55 54 55 139 136 137 136 137 143 148 143 145 112 115 112 109 60 112 67 109
219 214 209 124 212 125 120 131 123 126 120 388 442 439 444 441 437 391 389 392 387 381 384 381 375 378 383 387 381 386
285 287 288 290 291 289 290 287 289 287 288 286 284 285 282 283 284 285 282 280 281 279 282 285 286 285 284 283 285 286
132 123 130 127 123 119 56 119 134 132 135 136 58 139 57 120 122 204 199 204 199 198 192 196 190 193 195 198 191 187
305 307 306 304 305 303 305 303 302 303 302 300 302 304 306 305 306 307 306 307 305 307 309 310 309 307 309 308 309 308
362 366 361 344 347 322 345 344 347 357 353 352 350 351 352 354 353 355 352 351 349 350 349 347 344 325 327 326 327 325
385 212 215 214 209 214 209 203 121 116 110 193 190 189 191 198 203 209 203 207 124 127 121 126 120 131 132 133 131 123
421 424 425 399 424 423 427 423 419 425 430 76 36 69 40 38 39 68 73 72 429 76 74 80 79 76 429 424 418 415
290 289 291 290 287 286 284 286 288 286 288 287 286 285 283 284 286 287 286 284 282 279 281 279 281 280 281 280 281 282
173 90 81 82 88 173 172 173 86 15 19 25 24 26 28 26 84 86 88 85 83 79 78 81 75 105 104 99 159 100
70 432 72 433 69 432 39 44 41 37 32 433 438 443 441 387 388 116 121 203 209 124 122 208 121 201 110 107 111 197
273 270 272 274 271 269 266 268 266 264 263 262 260 262 260 262 260 261 259 257 255 257 258 256 257 258 260 262 263 261
364 362 358 362 361 357 360 361 360 361 365 369 371 374 370 374 373 374 376 377 381 380 383 443 383 381 212 210 208 203
432 70 65 67 432 394 388 116 57 136 60 66 60 109 67 104 153 104 99 96 91 94 88 171 88 87 88 84 88 171
380 386 390 439 444 441 390 387 438 434 395 109 104 158 162 167 161 178 161 155 102 103 107 112 111 115 143 137 143 108
43 61 58 64 63 140 143 140 137 134 129 134 137 140 136 137 143 148 150 149 107 146 147 105 111 143 59 63 66 69
10 7 10 7 6 9 10 12 13 10 11 14 85 84 79 81 86 14 15 17 19 25 84 78 74 79 425 398 425 419
159 96 91 90 175 178 158 157 178 169 167 165 167 164 168 167 169 181 180 186 189 186 191 198 202 205 209 386 387 385
301 300 298 296 298 296 293 291 292 291 294 296 295 297 296 293 292 295 293 296 294 295 297 296 295 293 292 293 295 292
280 278 280 278 277 274 275 278 275 278 276 278 276 277 274 273 276 275 278 280 278 277 278 277 278 279 280 278 279 280
232 231 229 230 228 225 228 226 229 228 225 222 225 226 224 227 226 227 225 223 220 219 216 211 125 211 210 212 206 201
116 112 117 118 201 197 193 194 187 190 188 192 193 110 109 63 140 142 137 134 133 128 129 123 129 131 128 130 134 122
240 241 242 244 243 244 242 244 246 248 249 248 246 245 246 247 246 245 243 242 241 240 239 237 235 238 239 240 242 243
117 204 207 212 209 121 130 127 125 122 126 128 130 132 123 124 208 210 209 124 215 212 209 121 203 201 195 198 196 197
260 259 261 260 262 260 261 260 262 260 262 263 264 263 264 262 264 266 269 267 266 268 266 268 266 267 266 269 268 270
27 32 72 68 67 112 110 198 113 107 193 110 105 106 429 395 427 431 429 36 436 35 30 31 36 65 61 65 60 113
0 1 3 1 2 1 4 1 2 3 4 5 8 10 13 10 8 5 3 4 5 8 7 6 4 3 5 8 5 8
446 50 449 43 45 453 451 449 47 449 450 45 41 62 143 139 137 136 55 136 55 53 449 461 50 54 56 54 58 116
42 45 50 51 53 59 61 67 102 96 158 103 109 107 150 105 68 65 61 63 61 436 39 41 66 62 56 61 66 432
102 98 74 98 104 106 108 63 44 65 36 37 31 27 30 28 33 73 34 36 69 74 78 73 37 71 77 71 69 71
258 260 261 262 263 262 264 262 260 261 263 262 264 266 264 266 264 266 269 266 264 265 264 266 268 267 269 266 265 263
245 247 248 249 251 253 254 252 250 249 250 248 249 248 250 248 249 248 246 248 246 247 248 247 248 246 247 245 244 243
314 317 315 317 315 316 319 318 321 324 323 326 344 346 324 322 321 319 322 348 349 354 347 344 326 327 324 325 324 346
249 251 252 253 255 254 255 254 253 252 250 251 252 250 252 254 255 253 251 253 254 255 253 251 253 251 252 251 249 248
295 293 294 291 289 288 289 288 287 290 288 290 289 287 290 288 290 291 289 291 293 295 293 296 298 296 295 296 298 296
257 258 256 254 256 255 257 258 257 255 256 258 256 254 253 254 256 255 257 258 259 258 257 259 261 259 258 260 258 260
335 332 329 332 329 327 343 344 347 345 326 328 330 332 329 330 333 330 328 326 327 330 327 326 323 346 348 347 346 323
163 162 169 162 160 96 94 92 89 86 13 16 86 87 174 170 181 185 182 186 183 189 184 411 409 416 406 411 408 415
361 345 323 325 322 319 317 315 316 318 320 321 323 321 324 326 329 328 327 325 345 361 344 343 340 343 326 343 326 344
357 363 365 366 364 368 365 341 328 343 346 324 325 323 345 347 346 349 352 357 356 362 358 356 360 356 353 355 360 366
209 389 205 211 125 130 119 118 122 208 118 116 201 117 122 208 214 215 220 219 218 213 207 212 211 217 211 210 212 209
356 354 359 354 353 357 361 360 354 355 359 358 356 353 348 349 346 344 346 323 326 328 342 328 330 339 341 340 342 341
433 436 42 40 45 47 55 57 116 61 44 58 63 143 64 111 108 144 140 142 139 137 136 58 136 135 134 129 127 128
348 347 350 351 352 354 358 354 353 356 354 352 354 357 356 354 358 363 366 362 359 355 359 364 365 342 328 327 330 328
129 128 124 128 132 131 132 135 131 126 121 206 204 120 122 208 214 212 214 216 217 215 216 214 218 219 217 218 214 210
19 20 26 31 33 72 73 67 432 434 438 442 384 390 438 391 435 439 446 444 442 447 46 47 46 42 40 43 38 436
39 37 436 37 68 429 68 65 39 41 40 436 38 41 43 38 42 446 50 47 43 38 40 61 63 109 61 43 440 43
234 232 233 235 238 239 237 238 241 240 242 243 244 242 240 242 244 246 245 244 245 244 243 241 240 242 243 242 240 241
297 299 298 300 298 299 301 303 302 300 301 299 301 302 301 302 304 306 307 309 307 305 307 308 306 305 303 301 300 302
71 105 67 104 155 153 154 105 146 149 108 103 153 152 156 159 156 160 158 179 185 190 185 189 195 403 424 403 425 424
340 343 341 340 342 339 338 339 342 344 343 325 323 326 327 343 346 325 327 328 326 329 326 345 360 357 361 359 360 362
130 132 128 125 212 382 387 440 444 383 385 380 381 380 379 384 381 383 444 441 442 444 439 446 53 449 461 453 447 442
66 63 59 58 64 66 70 65 37 38 41 66 109 114 110 106 108 151 149 147 108 63 108 146 115 116 113 114 110 107
138 134 130 128 122 134 139 56 55 57 115 57 119 123 122 130 126 127 131 120 124 120 121 203 204 206 212 378 380 381
171 174 175 99 154 150 106 108 149 151 145 151 147 151 156 160 162 177 162 168 166 160 155 99 96 175 94 88 174 91
170 181 184 181 183 184 186 406 412 410 413 183 411 184 185 191 189 187 180 186 185 183 186 189 190 184 182 178 176 171
311 309 311 313 314 315 316 317 315 313 311 312 311 309 308 310 311 309 310 308 310 309 311 309 310 308 310 312 314 317
235 234 236 235 232 230 233 231 228 225 221 222 218 217 212 214 213 208 207 210 211 210 206 210 215 219 215 220 216 220
399 424 429 432 40 46 450 449 450 445 46 48 52 449 448 445 53 49 449 53 449 457 456 453 447 448 449 446 53 48
37 71 36 73 34 31 30 27 24 27 22 18 14 16 13 86 83 86 81 90 87 86 87 175 172 88 176 92 176 99
185 410 185 180 187 184 188 193 187 183 411 410 413 407 187 194 190 404 402 425 403 195 403 193 187 409 413 406 184 182
212 385 389 391 394 389 394 432 32 33 29 23 29 80 30 29 34 37 32 29 76 34 31 36 65 43 437 40 37 34
247 246 245 243 245 243 244 243 242 241 239 240 242 241 243 244 243 245 247 249 247 249 248 247 249 248 250 252 254 253
63 66 40 72 74 79 29 80 75 105 100 101 158 100 95 173 92 174 82 80 86 174 89 90 81 85 16 15 18 14
288 289 291 293 292 290 292 294 293 292 291 293 296 293 291 294 292 294 296 294 296 294 292 291 292 294 295 296 295 296
38 35 34 28 24 22 21 24 27 22 83 80 28 25 19 21 24 29 430 398 403 193 194 403 400 396 392 388 385 382
203 205 204 207 211 121 126 129 122 124 209 382 384 383 380 382 212 125 207 209 121 209 205 121 116 117 392 386 388 116
309 308 307 306 307 305 304 305 304 306 305 304 302 304 306 305 307 306 305 307 308 309 308 309 311 313 311 310 312 313
211 125 124 131 130 123 120 385 442 439 388 390 391 386 438 387 439 441 439 434 40 39 68 37 73 69 68 432 428 398
299 300 299 301 303 305 306 308 306 305 306 305 304 303 301 300 299 301 303 302 300 301 303 302 300 301 303 305 304 302
100 151 107 105 151 101 103 102 76 425 419 417 413 407 191 193 106 102 104 152 155 102 108 66 72 77 80 82 77 29
330 327 325 346 345 346 345 360 359 355 358 360 355 356 358 356 360 361 364 362 361 360 359 357 355 359 354 347 354 357
217 221 220 217 218 217 220 215 378 380 384 380 382 386 442 383 386 383 385 382 209 386 438 435 392 386 392 391 431 394
332 334 336 337 339 338 339 330 333 331 330 329 332 331 329 331 330 339 341 365 343 327 343 365 343 365 370 366 369 363
112 116 110 107 147 105 154 155 157 161 177 179 176 98 93 159 156 151 152 149 151 146 149 145 148 104 146 150 108 114
139 145 147 142 148 145 111 116 139 56 61 435 391 434 438 439 61 67 62 66 109 432 395 398 426 32 77 30 34 72
184 185 184 410 185 410 405 421 402 425 426 424 401 398 428 394 393 392 397 400 398 428 432 430 432 106 112 107 153 156
300 298 300 301 303 302 301 300 298 297 295 296 293 290 293 294 293 295 296 298 296 294 296 297 299 300 299 301 302 300
59 54 50 49 449 43 39 35 39 450 449 458 455 457 454 451 445 443 447 439 443 448 452 456 454 453 45 47 61 67
194 403 398 399 394 392 393 392 394 389 384 388 442 446 52 55 57 115 116 119 121 117 392 202 208 118 112 147 151 101
411 408 405 404 401 424 420 422 426 79 77 78 94 175 172 171 92 90 175 90 95 96 159 155 102 106 75 68 36 435
113 61 436 438 394 432 435 391 438 391 393 398 397 402 425 427 428 401 397 401 397 400 195 188 407 412 415 420 419 417
126 121 201 204 207 204 206 207 201 114 392 201 206 211 121 120 130 119 131 123 127 123 121 123 208 117 200 205 211 206
118 112 145 147 104 146 140 63 109 105 111 114 109 103 108 104 107 146 147 111 145 144 148 145 108 114 116 61 44 48
186 185 179 169 176 177 181 185 191 403 407 191 187 192 188 407 404 424 400 405 408 415 411 407 411 409 416 414 412 405
165 161 177 176 98 96 178 158 103 151 105 150 145 141 142 148 146 150 104 146 110 395 394 398 426 421 422 427 422 80
198 200 202 396 198 395 429 106 101 154 159 178 169 167 162 170 95 101 74 98 103 104 155 160 164 157 160 156 154 149
31 29 33 69 66 63 109 112 147 144 145 140 135 138 142 139 143 59 44 47 62 60 115 114 111 64 435 431 434 39
168 161 156 160 164 162 159 97 100 99 101 158 104 146 109 106 110 150 153 158 96 158 180 177 178 182 178 177 176 180
388 392 435 437 436 434 68 108 64 60 109 115 117 392 394 398 401 407 409 407 411 415 412 406 416 421 423 422 423 419
254 255 254 253 252 250 248 250 252 250 249 251 249 251 252 254 253 251 250 249 250 248 250 248 247 248 250 249 248 250
296 298 299 301 300 298 299 300 301 299 300 299 298 299 300 302 301 300 301 300 298 296 295 294 295 294 296 295 296 293
137 136 58 43 42 43 47 53 47 53 56 135 55 53 445 439 43 64 67 70 40 66 108 143 142 138 135 136 60 57
413 411 412 414 416 405 404 401 424 401 407 406 405 402 190 402 426 32 77 81 77 71 36 436 37 72 73 72 433 429
229 232 231 228 229 230 231 230 228 230 233 231 230 229 232 234 236 234 233 230 228 229 232 235 233 234 232 235 236 234
82 174 89 86 83 87 85 81 85 81 78 94 100 103 108 104 158 97 98 158 98 158 161 178 177 158 100 98 94 100
231 228 230 233 231 230 231 232 230 232 231 230 229 226 225 224 226 222 219 220 224 221 224 221 224 222 220 219 221 217
28 30 80 33 27 32 31 33 76 72 76 72 68 41 69 70 105 64 61 64 61 47 58 116 121 126 128 126 120 208
29 24 19 23 24 18 22 17 21 18 19 17 86 82 89 82 83 84 16 22 26 22 23 26 77 33 80 86 16 14
222 219 216 215 212 216 378 215 211 121 127 123 134 57 139 138 134 56 139 134 135 56 60 57 60 66 43 436 65 69
191 194 189 406 410 406 187 407 412 415 418 419 421 402 421 402 399 428 402 424 426 424 401 421 424 426 428 403 405 420
161 163 160 96 160 161 177 158 96 94 90 82 85 83 422 80 22 24 27 30 29 77 30 35 433 437 442 438 390 393
354 355 354 347 350 349 354 350 347 345 348 322 347 357 352 356 357 361 362 358 363 366 371 373 374 371 374 377 374 371
57 115 113 392 396 393 392 391 395 431 428 398 396 395 434 437 390 385 120 204 207 203 117 205 211 212 209 206 205 204
110 395 396 400 401 402 403 405 424 399 404 187 192 195 198 110 115 113 116 61 60 57 139 57 61 64 436 40 65 435
149 143 108 114 109 113 108 107 108 143 139 60 139 141 144 138 135 131 126 121 209 121 205 385 208 206 211 212 125 124
214 218 223 226 222 225 222 226 223 227 226 228 225 221 224 226 225 224 228 224 225 227 229 230 229 226 229 232 229 232
336 335 338 341 342 365 343 341 329 341 365 361 367 370 371 367 368 369 364 367 368 371 366 370 367 361 365 360 365 368
106 112 116 120 123 118 113 64 109 103 109 395 396 397 393 397 427 426 421 406 412 406 421 402 424 427 430 32 432 32
313 312 313 311 309 308 306 305 304 306 304 302 301 300 302 304 303 301 303 305 304 306 308 309 311 313 315 314 316 315
414 416 419 421 420 401 406 421 405 413 405 400 396 394 395 394 389 205 389 395 393 398 401 427 424 399 397 398 431 399
322 319 322 346 349 354 349 353 352 353 358 357 353 352 351 354 353 358 345 361 343 344 343 341 329 331 333 336 335 336
463 459 460 452 454 458 459 452 448 450 456 455 458 456 457 459 456 455 452 447 445 442 443 447 441 437 43 41 46 52
248 247 248 247 246 248 247 248 246 248 249 251 250 249 251 253 255 256 257 258 257 256 257 256 258 260 259 258 256 258
49 51 46 44 436 441 444 443 445 444 443 448 440 443 386 390 439 441 447 442 440 443 441 444 443 439 440 39 38 433
218 222 217 221 225 226 224 221 224 228 226 227 224 225 223 222 224 228 231 232 229 228 226 222 219 220 217 211 121 207
274 276 273 270 269 267 265 263 265 266 269 271 274 276 277 279 280 279 282 285 284 285 284 286 285 283 284 283 281 280
109 60 64 63 64 69 73 67 72 39 33 38 37 33 430 435 68 431 429 68 69 38 72 76 70 72 429 76 77 71
178 177 157 158 180 183 189 188 186 188 192 188 190 196 191 187 404 424 428 397 428 398 401 406 400 402 427 424 420 424
167 166 164 161 158 101 158 153 104 103 154 151 146 115 117 119 139 58 62 58 47 446 436 446 447 437 438 388 383 385
435 43 437 390 387 442 438 439 388 201 207 211 217 222 219 217 212 124 207 210 205 392 394 393 399 400 424 429 426 423
115 118 122 134 122 120 124 381 386 389 209 386 443 439 391 438 391 431 395 427 398 425 421 427 402 427 423 402 406 188
56 135 134 137 136 142 60 139 144 148 143 145 143 62 143 63 62 57 139 59 55 57 115 119 131 129 123 121 127 122
337 336 338 337 336 334 332 331 328 343 340 343 344 343 325 345 344 342 339 330 329 327 328 343 361 355 361 345 361 356
15 85 81 80 22 84 81 87 81 88 78 83 25 24 30 28 27 25 30 24 23 28 29 33 29 28 23 22 24 26
441 387 390 441 444 441 442 438 439 387 438 437 443 387 386 391 439 446 440 43 66 432 33 433 32 30 77 73 33 27
401 402 421 424 420 402 404 406 407 404 399 393 389 202 396 398 425 423 424 418 423 419 421 402 408 415 408 411 406 407
182 187 192 196 191 192 187 410 185 181 180 179 180 183 409 413 411 409 416 406 404 190 188 187 403 405 408 413 410 187
394 434 394 389 387 382 381 375 381 380 375 372 375 374 377 374 373 376 377 375 380 384 380 381 212 214 216 220 223 226
32 76 74 72 71 432 72 70 37 39 433 431 429 75 426 398 427 402 405 413 409 416 417 419 418 416 409 413 417 420
371 367 363 364 368 341 365 362 367 371 374 377 379 383 386 387 392 113 115 118 116 110 106 112 145 139 57 58 116 120
227 224 220 215 216 215 211 209 213 210 205 209 212 214 216 211 205 117 114 120 205 211 206 201 115 142 145 141 145 142
317 314 316 319 321 318 316 317 320 318 317 316 317 318 317 314 317 320 318 320 318 321 320 319 320 323 346 348 345 358
206 212 378 215 213 382 381 124 120 122 124 122 129 131 134 133 136 54 52 48 42 43 38 34 38 41 44 41 42 44
382 379 377 376 379 377 376 375 380 383 378 383 386 385 212 214 215 210 212 208 210 207 201 203 206 212 216 215 217 215
141 146 151 148 142 112 108 103 153 150 106 71 106 193 188 191 185 191 187 190 403 402 423 427 424 419 421 402 397 401
221 218 213 211 124 122 120 123 126 128 123 118 121 206 212 378 380 383 443 440 449 52 55 61 62 59 63 143 64 60
223 219 216 220 223 224 226 227 228 230 232 230 227 224 227 230 232 230 227 228 229 230 228 226 227 223 220 216 217 219
461 459 458 453 45 450 39 434 398 430 431 427 431 391 431 432 32 30 29 77 30 34 72 34 28 24 21 24 21 16
44 69 65 43 53 46 48 54 52 446 47 53 48 44 40 41 40 436 35 37 35 433 430 434 438 390 393 431 426 431
88 81 79 76 78 83 78 88 176 177 180 186 188 407 413 405 401 421 427 421 405 409 406 421 402 397 398 399 400 424
457 460 465 52 461 459 462 51 462 49 52 53 48 47 43 47 51 46 62 63 147 105 150 109 67 73 77 74 102 103
244 242 244 246 244 242 244 246 247 246 245 243 244 246 248 246 247 248 247 245 246 244 242 243 245 246 245 243 242 244
151 155 156 153 104 158 178 169 181 178 159 177 157 178 179 157 160 164 157 160 157 100 103 71 102 106 70 69 64 69
101 102 71 77 34 73 76 29 33 31 28 22 17 18 23 26 29 76 75 69 64 67 107 105 147 143 108 110 107 146
440 445 448 443 386 442 390 389 209 213 382 379 377 381 385 390 386 209 214 217 222 220 218 215 220 215 378 377 380 381
153 158 157 153 151 100 98 79 77 32 29 23 26 20 26 20 21 22 83 25 20 24 30 72 68 435 64 112 107 194
412 406 188 195 193 111 110 107 150 155 99 101 151 100 151 105 102 105 103 154 105 106 105 106 193 190 404 424 420 416
134 56 58 65 43 439 437 433 430 432 430 76 72 78 90 175 171 168 161 160 166 168 167 168 162 164 157 160 96 178
319 322 321 318 320 321 324 322 345 323 324 322 325 324 325 344 325 326 343 368 366 362 358 361 365 369 367 364 360 355
289 291 290 292 291 292 294 295 294 295 293 290 292 295 292 295 292 295 292 294 291 293 290 291 289 288 289 291 292 291
80 29 23 24 20 18 20 23 22 16 19 20 21 17 20 21 18 14 17 16 86 82 80 82 90 81 82 87 86 15
353 348 353 352 349 351 352 349 346 357 359 365 369 364 365 360 362 363 362 356 357 359 363 359 363 362 361 355 358 354
105 111 115 142 147 145 144 141 136 56 55 53 43 64 65 39 35 33 432 109 65 61 55 56 59 116 119 122 131 130
125 212 216 219 217 211 125 123 121 122 128 123 124 215 378 380 377 375 373 370 368 371 372 370 373 375 380 383 388 438
65 40 43 39 450 39 65 43 53 54 52 49 44 65 37 34 32 36 39 68 70 105 146 147 63 112 147 107 193 192
157 151 150 151 154 158 179 178 157 152 156 159 93 94 88 92 93 159 177 175 174 88 85 80 86 88 171 169 162 177
35 432 435 61 435 432 437 443 439 438 394 430 432 430 399 404 405 400 194 199 202 206 200 203 200 198 113 392 393 388
104 105 146 144 138 136 59 140 142 112 107 110 198 195 190 194 399 404 187 182 186 184 407 412 410 182 180 187 404 399
352 354 353 356 355 357 352 355 356 358 357 356 357 355 358 355 351 349 351 350 349 348 353 351 352 349 353 352 353 347
383 382 380 384 389 391 396 428 403 195 190 402 398 432 37 38 72 36 437 439 435 438 436 40 39 42 40 434 35 34
175 178 179 157 164 160 162 179 182 178 162 165 178 170 171 172 173 172 173 92 90 82 83 22 27 26 21 16 83 77
272 269 272 270 273 270 273 272 270 272 270 268 266 265 267 270 272 269 266 265 263 264 265 267 265 267 269 267 265 263
396 399 403 187 407 401 423 426 79 77 73 33 30 28 32 27 23 17 85 81 87 86 13 10 11 9 8 7 5 6
270 272 273 271 273 271 273 272 275 272 274 277 278 277 279 282 279 281 282 284 282 280 281 282 281 280 278 276 278 277
458 457 454 453 42 40 41 436 43 446 445 442 384 380 377 382 381 377 374 376 374 370 371 369 372 373 370 374 371 372
202 392 389 391 395 427 397 401 402 426 75 101 99 100 103 108 151 104 150 105 66 72 34 31 29 430 426 423 429 399
459 460 461 49 44 66 62 66 61 56 57 134 139 55 139 144 149 154 99 159 178 179 180 179 165 166 165 166 162 167
278 277 278 277 276 273 270 271 273 276 278 280 279 281 282 285 284 283 285 284 283 285 283 281 279 282 285 283 281 279
418 420 426 398 432 428 396 202 392 205 389 385 390 394 435 394 398 432 398 427 431 429 32 28 26 29 72 76 426 421
90 93 97 101 155 103 153 152 104 101 100 159 157 178 165 169 177 180 182 180 189 194 107 149 143 115 119 118 208 123
238 239 236 234 237 235 232 230 229 227 229 230 231 233 231 230 228 227 224 222 226 229 232 235 234 232 234 237 239 241
341 344 345 361 366 364 369 370 373 374 370 369 364 362 363 368 364 363 365 367 365 341 339 336 334 332 331 328 343 327
18 14 86 13 85 13 86 81 79 175 82 86 84 83 419 423 419 422 80 85 22 18 23 20 22 24 22 83 25 21
20 17 86 87 175 91 175 99 101 100 151 155 157 151 145 108 64 63 144 146 151 154 104 147 143 63 143 146 112 108
342 365 359 354 353 350 351 349 353 357 361 359 361 367 368 369 365 366 371 367 363 362 366 370 367 364 358 359 362 360
268 266 265 266 269 267 266 268 270 267 270 267 265 264 263 264 265 263 265 267 270 267 266 268 270 273 272 269 271 273
339 336 335 338 340 341 339 342 343 344 347 344 361 357 361 345 348 353 357 355 353 355 351 349 353 351 355 357 355 360
199 200 203 205 385 442 439 388 116 113 60 140 138 139 141 137 142 146 111 117 392 113 388 201 389 202 199 196 194 396
145 112 109 112 64 69 73 77 73 37 36 432 70 66 37 69 67 73 76 33 28 32 37 40 42 38 43 39 43 47
41 42 48 59 47 49 458 453 458 463 462 464 460 461 458 457 452 456 453 456 458 455 449 445 440 449 45 43 435 392
409 407 404 407 187 182 186 407 408 187 180 177 170 162 163 165 169 172 169 178 158 177 157 161 168 170 175 172 87 83
253 254 256 254 255 254 253 252 254 253 255 254 255 253 252 253 254 256 254 255 253 251 249 251 252 251 252 254 253 251
169 172 171 170 167 165 179 182 179 182 187 188 186 188 189 184 189 183 187 195 197 199 198 204 198 202 205 120 119 60
261 263 262 263 262 263 262 261 262 260 259 257 259 261 259 260 261 262 260 259 261 260 262 261 259 261 260 261 262 261
395 397 401 400 194 190 194 396 401 421 401 427 422 79 29 35 37 31 27 21 16 17 22 24 23 29 24 20 18 14
424 425 424 399 430 394 396 395 390 435 390 391 436 441 444 439 437 438 391 437 440 443 383 443 440 43 40 437 435 390
25 24 27 25 24 26 81 26 32 26 77 73 70 75 68 430 428 106 75 70 106 432 429 432 435 434 395 391 393 392
200 118 120 126 122 119 120 208 203 202 200 114 108 114 201 199 200 114 116 121 126 124 123 208 124 123 121 123 126 131
370 372 369 366 370 374 375 381 376 378 212 124 123 124 131 133 129 128 125 120 122 123 126 125 126 123 118 201 199 200
142 136 58 44 42 36 35 30 32 433 36 38 39 36 435 391 397 398 426 75 98 75 76 81 82 85 13 15 17 14
213 210 207 213 218 216 217 211 206 208 125 128 123 122 124 381 384 379 384 442 440 39 42 45 44 58 116 61 116 60
220 216 378 216 212 210 206 203 202 208 209 212 210 205 385 209 121 116 60 63 68 64 108 144 139 134 130 123 130 122
62 54 57 61 439 438 394 434 398 400 406 403 398 424 419 416 421 423 402 428 402 406 405 409 411 409 413 183 188 407
250 249 250 249 248 247 246 244 246 248 246 245 246 245 246 248 250 248 249 247 245 246 244 243 242 243 244 246 247 245
264 263 264 266 267 268 267 270 272 269 271 273 274 273 272 270 272 275 278 276 277 279 278 277 276 273 275 278 279 278
442 387 390 439 442 445 449 453 448 446 440 446 43 65 70 75 102 74 72 37 72 67 102 99 103 151 147 143 108 107
444 443 447 443 387 390 395 198 195 197 198 110 64 143 139 57 53 52 47 44 66 105 103 104 158 154 159 96 159 161
6 5 7 10 11 13 14 15 12 15 87 172 91 172 89 175 82 90 173 92 97 96 97 95 93 90 87 15 16 13
67 106 429 430 76 430 399 428 401 398 429 75 102 71 73 75 80 426 431 393 388 394 395 393 397 427 395 432 64 70
425 421 422 402 426 431 68 75 103 75 76 429 424 421 424 403 407 186 187 406 405 420 422 425 427 424 398 428 397 431
85 16 15 19 21 20 22 19 18 24 23 22 18 17 15 18 24 27 23 20 22 83 82 175 79 84 83 17 19 24
60 56 60 55 139 141 136 138 140 143 112 115 201 203 208 120 384 383 443 387 440 441 438 390 438 433 429 106 112 147
86 89 81 78 88 90 89 91 94 99 103 101 104 102 106 68 436 440 438 442 390 388 384 380 382 381 377 379 384 389
431 436 41 65 40 38 69 74 72 66 65 71 430 32 35 433 65 44 42 43 61 43 66 44 59 48 45 47 48 42
308 306 304 303 304 305 306 305 303 304 303 301 302 301 303 302 301 299 298 300 301 303 305 304 302 300 299 298 296 298
328 326 325 343 327 330 339 337 334 336 335 333 336 334 332 329 327 343 346 322 348 347 345 322 325 345 358 362 361 366
391 435 40 72 66 72 35 36 76 102 429 395 427 432 35 29 31 32 36 31 30 24 20 23 22 20 26 20 22 18
87 15 13 12 14 16 84 80 25 21 16 13 11 8 7 5 7 8 7 5 6 8 5 7 5 3 5 4 6 7
287 289 287 288 290 288 290 288 286 288 286 285 287 286 285 283 280 281 279 282 284 285 282 281 282 280 278 280 283 281
5 6 7 5 6 8 7 6 7 8 10 11 12 9 8 6 8 5 4 2 0 1 0 2 0 1 3 5 7 8
2 0 1 4 6 7 5 6 5 3 2 1 4 6 4 3 2 4 2 1 3 2 0 2 1 2 0 1 0 1
225 227 229 226 229 228 224 220 221 224 228 230 227 230 231 229 230 232 229 226 223 225 227 230 233 235 238 239 236 235
13 16 21 25 17 14 85 22 25 22 16 13 86 173 91 173 90 92 174 172 170 178 162 159 100 94 98 92 170 167
455 453 46 445 443 442 444 383 443 445 50 46 448 451 448 445 443 387 388 385 212 209 203 198 199 197 195 193 111 150
230 228 225 227 225 222 218 216 378 216 214 208 212 207 209 205 204 205 388 120 57 55 135 139 138 137 141 145 148 153
398 396 198 110 107 146 151 149 108 67 70 105 100 98 96 158 154 156 153 149 144 147 149 153 156 160 166 163 164 167
325 323 324 325 326 325 345 358 355 357 352 356 357 361 366 371 368 366 371 369 341 343 328 330 333 336 339 338 335 333
465 462 461 460 465 460 457 454 458 459 456 450 445 446 449 461 464 461 458 454 458 49 45 42 453 455 450 456 453 46
323 322 345 347 322 323 326 325 323 324 346 343 364 366 367 363 365 364 365 368 366 370 374 370 365 343 346 322 319 318
407 404 405 402 421 418 417 416 421 426 79 78 88 79 82 87 90 82 81 80 86 88 173 92 95 100 97 100 97 100
55 136 137 56 57 56 59 54 58 60 59 136 56 53 57 59 53 49 51 49 54 46 446 50 53 449 46 52 50 48
405 424 418 421 418 424 426 402 407 187 188 187 189 190 197 203 197 110 109 110 64 435 64 111 197 113 119 139 60 140
107 146 105 68 36 33 29 35 72 429 423 425 402 405 406 407 190 188 189 193 110 201 197 114 201 110 115 112 64 69
349 350 353 358 356 358 364 363 360 358 363 369 364 366 371 374 372 370 369 367 364 358 361 345 347 346 348 350 348 322
50 53 47 59 140 141 146 114 201 202 199 200 201 195 191 197 194 195 198 203 206 212 214 213 211 214 211 206 208 123
262 260 262 263 265 267 270 268 267 266 267 265 264 266 268 269 266 264 266 265 264 263 265 264 266 267 270 272 273 272
36 433 71 432 106 67 65 43 44 64 69 33 432 36 434 398 431 398 431 429 426 429 106 108 107 106 107 194 110 112
179 161 156 160 155 97 100 159 93 97 100 158 103 107 110 113 60 61 66 40 39 69 105 107 154 104 103 102 76 81
75 105 104 153 155 100 106 70 74 98 102 103 153 157 151 100 104 108 146 108 151 100 101 97 94 96 91 90 82 80
426 76 77 72 33 32 72 36 42 65 63 109 115 112 147 150 109 63 67 107 194 195 197 192 188 191 186 185 191 185
133 135 131 127 129 126 121 119 116 119 57 134 136 60 55 60 65 44 43 45 49 45 40 45 46 447 443 447 441 436
205 203 198 202 196 199 204 121 127 131 123 134 136 137 56 139 60 143 149 108 150 148 147 112 146 149 151 157 178 162
154 101 154 103 99 154 105 154 151 105 106 103 151 157 151 147 144 63 146 145 142 115 117 388 117 200 202 207 208 120
45 453 456 452 459 464 461 448 451 447 439 445 439 61 67 63 59 143 62 59 116 118 116 59 61 60 61 112 115 201
358 362 366 362 366 365 342 344 361 359 358 354 347 357 361 343 341 342 365 361 345 322 321 324 325 326 344 341 344 342
445 449 451 445 439 445 444 447 449 45 42 44 46 450 453 454 453 457 456 455 454 450 451 456 455 452 460 465 52 47
242 241 240 242 243 245 247 245 244 245 247 245 247 248 247 249 250 252 254 256 257 258 259 261 259 260 258 257 255 257
416 415 420 418 421 422 426 399 426 425 401 425 403 428 424 430 76 102 429 427 421 401 398 430 431 429 425 398 396 395
183 182 410 186 407 405 412 408 402 407 413 405 412 410 405 415 408 414 412 405 412 408 413 410 406 405 400 398 424 429
422 420 425 76 80 82 88 173 170 172 92 95 88 172 171 168 178 157 177 186 185 187 410 406 183 408 412 408 411 184
108 150 152 149 111 110 112 60 113 115 57 134 136 134 56 59 63 69 39 432 33 433 34 77 30 29 35 33 35 38
148 149 152 156 161 158 100 101 96 158 159 160 164 167 162 157 179 176 88 83 26 20 24 20 21 24 28 26 20 18
61 116 117 388 117 202 206 204 114 112 67 66 43 446 447 445 446 43 58 56 140 138 142 136 54 50 462 461 462 460
47 44 436 39 42 46 452 459 464 460 452 447 453 447 439 436 39 40 437 434 436 41 37 433 429 425 419 421 417 421
410 182 180 176 98 93 92 88 81 75 80 85 15 16 17 19 15 19 16 85 22 80 77 33 73 69 74 33 39 440
276 275 277 279 282 283 284 286 284 285 287 289 290 291 292 294 291 292 294 296 293 294 296 295 294 295 296 297 296 293
97 93 159 160 164 157 154 151 148 149 150 147 104 107 104 158 179 183 187 183 407 184 189 194 192 190 187 180 184 410
374 372 374 371 372 371 374 377 375 380 376 377 381 385 383 387 389 394 396 397 400 404 399 431 71 76 81 85 82 174
281 282 285 284 283 282 283 285 283 282 283 281 283 285 282 281 279 282 285 283 280 279 280 282 285 282 284 286 288 286
48 59 64 436 432 39 42 39 43 436 446 451 456 452 458 454 42 41 68 41 38 36 431 396 431 71 36 434 68 65
128 125 123 208 211 209 124 215 219 378 382 212 207 213 209 212 125 129 122 134 119 134 130 119 134 119 134 129 125 127
207 212 207 125 129 125 128 126 128 130 133 131 122 120 388 387 383 388 384 443 386 390 438 442 444 443 444 445 440 449
233 235 234 233 232 235 237 239 240 241 240 239 240 238 235 238 239 236 235 234 237 234 233 232 231 232 233 236 238 237
210 213 209 210 206 200 205 210 206 200 197 192 188 191 196 200 203 117 118 122 126 123 121 117 205 385 388 113 117 116
448 443 446 447 437 43 61 67 40 41 40 35 33 32 31 27 21 19 22 84 21 22 18 23 18 24 29 27 23 27
392 395 198 199 196 202 117 392 389 392 202 203 201 200 197 198 203 209 203 200 196 202 207 121 130 121 122 128 124 131
377 381 377 378 380 381 380 375 381 384 388 390 438 388 393 388 117 113 114 200 203 207 121 126 125 124 128 123 118 117
68 73 36 431 397 428 425 403 428 427 402 403 195 197 111 147 143 140 143 137 141 143 146 114 200 203 209 203 205 199
155 160 162 169 166 167 168 167 168 162 170 176 175 94 96 101 107 105 101 96 99 177 100 102 99 155 102 106 70 69
147 145 111 197 203 197 193 195 396 401 404 407 411 408 402 425 398 393 391 436 440 387 389 384 120 122 127 125 124 118
