147 127 124 106 130 104 103 101 96 92 89 59 53 55 19 16 68 63 64 66 63 66 62 67 65 71 68 17 11 8
19 16 17 15 196 201 197 70 68 65 68 16 189 9 184 187 191 188 15 193 192 187 104 101 106 107 103 104 134 138
39 34 42 46 45 49 28 26 21 18 66 70 196 69 196 193 189 184 186 7 22 21 23 26 96 100 48 92 47 46
71 73 88 57 52 48 92 95 48 93 92 56 58 72 74 71 64 67 69 193 197 73 89 57 53 56 63 62 64 62
180 5 6 4 8 186 104 107 176 112 108 106 114 120 114 126 109 108 126 127 123 152 154 36 159 162 172 170 0 168
130 106 133 135 98 99 94 197 85 76 83 85 77 81 82 77 71 73 68 19 59 55 93 197 196 202 198 192 190 196
66 56 92 48 92 90 70 72 69 55 54 55 19 70 73 76 72 58 57 62 65 59 58 90 87 88 57 52 95 89
138 98 104 184 104 99 131 102 134 104 100 187 193 198 199 200 201 196 197 200 199 198 196 15 189 193 94 85 83 84
171 174 172 165 160 163 34 42 38 155 36 31 30 48 29 25 26 30 45 43 39 41 33 44 41 37 38 34 163 37
170 166 168 165 161 160 123 151 154 157 161 157 160 123 126 128 132 105 106 123 116 113 115 126 125 116 121 122 119 116
11 16 18 22 69 17 19 63 59 63 66 69 70 16 13 16 15 188 185 10 188 10 189 185 5 183 7 28 26 8
14 17 192 15 18 22 24 23 24 56 89 73 78 82 80 85 202 204 85 81 78 84 87 91 89 54 88 72 65 60
24 8 6 179 175 177 172 157 120 123 122 116 113 111 126 128 131 105 131 106 108 114 116 125 119 122 125 115 123 116
37 42 47 44 30 46 41 36 41 44 33 41 151 127 147 44 33 160 159 154 127 107 123 127 132 136 141 139 206 203
146 144 137 207 135 95 89 90 202 94 194 195 196 197 194 97 102 128 131 99 48 100 26 48 51 46 48 26 22 26
140 138 136 139 136 131 133 105 109 107 106 133 98 103 101 194 97 94 99 103 104 108 107 182 8 188 11 16 15 70
185 8 184 10 8 24 20 63 64 59 63 18 68 66 20 21 20 25 21 27 26 25 22 21 67 64 59 56 53 47
204 207 140 208 143 146 144 208 142 147 40 36 39 36 37 33 42 31 28 3 182 104 179 181 7 183 185 187 105 100
195 190 104 100 103 33 45 39 40 151 148 152 149 148 151 124 150 41 149 41 153 40 151 154 149 152 155 38 153 36
201 85 81 82 84 91 89 57 53 48 52 48 46 48 50 95 204 203 197 73 88 72 19 67 72 69 67 64 71 67
1 4 25 29 45 33 41 40 154 159 160 33 45 44 40 44 47 48 96 49 47 96 91 96 26 27 49 43 146 40
63 56 60 62 60 58 56 60 62 66 60 66 63 20 66 64 61 64 59 66 76 79 74 66 60 63 56 55 53 51
17 71 75 70 74 72 69 74 70 71 17 22 25 29 7 9 11 12 13 10 188 186 6 5 183 180 112 180 182 5
12 17 20 63 64 68 69 193 97 190 194 94 89 86 94 89 73 72 58 54 90 70 196 194 196 69 17 69 196 193
38 153 149 154 149 40 151 122 117 120 122 151 122 157 162 166 35 162 172 158 155 151 146 145 144 139 145 151 126 111
203 201 195 189 193 191 193 189 190 104 100 190 195 191 97 197 192 11 9 186 185 190 189 16 12 15 17 70 74 66
94 193 195 201 197 97 190 104 98 194 198 196 73 77 85 87 85 201 198 201 202 196 193 17 18 21 20 19 70 19
192 198 195 200 85 87 76 73 70 16 71 76 80 81 79 83 87 85 77 80 83 79 78 74 73 91 204 86 87 77
100 29 24 8 187 100 29 30 48 51 91 94 98 99 51 89 58 66 72 69 23 18 69 20 18 20 19 20 60 20
160 165 164 166 0 178 183 182 183 186 5 8 5 182 184 181 5 8 9 188 193 199 203 91 85 91 203 200 203 94
21 7 9 184 8 186 184 181 183 179 184 187 183 180 110 105 107 104 102 97 48 50 54 90 89 51 47 44 99 44
112 113 120 113 116 113 110 107 106 130 135 131 125 110 113 112 180 110 111 173 178 0 165 167 163 34 163 157 36 38
139 140 208 137 144 208 144 145 142 143 149 40 38 153 155 38 40 37 155 154 150 151 147 136 139 147 141 146 150 38
77 80 82 85 91 93 197 193 191 196 197 73 90 73 93 92 47 95 47 96 48 30 34 31 49 96 93 94 86 82
184 104 187 101 97 194 101 99 48 29 100 101 103 99 45 44 40 150 149 152 38 153 150 153 36 32 163 1 0 175
22 25 23 25 8 23 59 62 64 63 58 55 54 49 30 2 3 4 178 181 179 104 109 113 110 126 122 125 119 122
131 103 102 108 105 101 107 127 154 37 155 123 122 155 159 165 166 35 32 164 32 36 37 33 34 164 34 164 36 150
59 61 64 63 20 25 23 24 25 24 52 96 49 43 47 92 56 59 65 72 70 74 70 197 195 193 187 184 187 186
194 195 190 97 51 52 53 59 67 71 73 90 51 53 48 100 48 97 103 100 103 187 189 184 181 179 3 32 29 26
93 94 51 95 89 52 54 50 49 27 24 56 60 59 72 55 57 89 96 102 98 102 99 101 194 195 191 194 197 85
113 115 125 127 110 112 108 183 179 181 182 178 4 182 183 108 110 108 107 130 107 180 174 170 162 167 165 166 160 123
126 110 115 121 123 158 155 156 122 115 118 116 115 113 115 120 114 111 183 111 112 107 109 123 154 41 154 122 123 122
118 115 113 112 113 111 178 6 186 180 179 161 156 153 41 147 136 131 102 101 135 130 127 122 123 151 124 121 159 164
40 38 152 155 37 153 39 45 42 34 31 45 47 48 29 7 181 183 104 103 105 104 105 100 29 27 29 103 97 96
186 104 187 105 104 183 178 174 0 4 5 185 181 183 182 0 175 174 171 169 175 179 177 173 171 168 167 163 160 165
165 161 165 3 7 28 26 100 187 190 192 190 98 94 51 96 55 69 68 20 60 58 59 89 54 55 52 51 92 88
58 89 94 99 94 96 49 54 88 85 81 85 87 76 80 82 83 86 87 76 66 19 66 69 55 91 90 77 79 77
136 128 134 102 103 104 105 127 125 130 101 106 109 125 116 117 118 119 156 119 117 115 114 116 117 121 124 125 127 129
198 201 85 82 86 94 99 94 93 98 102 98 190 191 195 194 191 185 5 178 111 109 103 33 42 45 39 42 45 32
31 35 32 36 163 155 157 155 124 123 106 107 180 181 178 175 172 162 172 175 164 166 164 2 165 161 171 174 172 169
196 69 90 76 83 86 77 79 77 86 83 76 79 74 73 71 17 193 195 196 192 197 203 199 203 94 98 93 72 93
168 165 167 169 170 168 170 161 163 161 0 163 161 160 156 122 125 106 125 151 146 148 147 41 146 149 152 122 156 36
96 98 138 140 142 145 149 144 150 41 35 36 157 155 157 123 122 119 118 116 118 119 118 119 115 120 113 109 129 124
137 135 98 135 136 138 139 145 149 154 160 156 153 148 144 141 208 140 142 147 143 144 148 143 145 142 145 143 149 143
81 80 75 78 80 77 74 71 68 72 65 61 63 66 65 68 21 24 28 2 5 2 31 29 7 9 185 6 3 183
82 78 79 80 75 65 61 64 66 74 66 68 16 71 72 88 86 94 51 55 51 96 89 69 93 96 93 51 50 53
28 23 69 19 24 20 18 16 18 11 15 14 17 14 17 22 69 66 76 77 200 197 85 197 73 91 89 54 56 53
29 25 27 21 18 67 70 196 195 199 197 203 94 204 206 205 138 208 140 142 140 143 136 131 127 124 154 127 110 109
79 81 78 73 84 73 76 79 83 79 80 81 78 74 73 78 84 79 76 73 66 73 85 89 92 90 77 200 196 201
98 133 101 186 104 107 104 190 192 187 186 11 9 184 6 3 179 181 7 6 9 189 188 8 186 180 175 3 4 2
30 52 23 69 93 90 72 66 74 66 56 52 27 29 7 26 186 9 17 10 186 189 191 195 201 202 200 85 197 193
127 129 124 120 119 124 123 121 122 121 115 124 120 114 129 134 103 101 107 182 104 98 190 186 9 188 184 181 186 10
191 195 194 189 9 8 4 8 11 189 100 26 30 34 42 36 32 164 160 34 164 160 37 155 151 150 151 155 157 158
92 93 90 58 57 52 23 8 188 194 196 190 187 182 6 8 189 16 11 9 22 27 52 57 51 52 26 22 189 10
161 160 35 160 35 36 40 45 43 48 43 49 48 30 29 27 24 19 68 71 72 59 67 68 63 60 64 62 59 67
57 52 46 51 94 93 73 79 76 79 78 74 71 69 68 64 59 58 56 24 26 25 27 26 23 18 20 63 60 56
110 123 158 164 163 0 170 169 174 0 165 174 165 172 175 180 108 179 164 162 156 119 120 115 124 128 125 109 115 157
149 148 142 141 147 151 147 142 148 152 147 128 134 102 107 101 187 105 106 131 136 140 206 208 142 141 145 139 206 208
106 101 106 125 126 127 132 102 107 103 109 103 108 105 104 184 187 191 190 98 131 144 208 143 142 148 153 152 149 144
83 87 85 88 86 77 84 73 76 77 202 91 89 76 87 80 75 74 200 201 196 73 84 85 84 88 73 93 72 73
72 66 61 57 60 20 67 70 18 22 20 23 22 27 21 7 185 189 187 186 103 108 104 108 106 124 125 151 40 36
9 7 4 2 35 154 149 153 154 38 41 154 151 122 116 122 123 152 154 156 157 154 157 123 107 180 184 181 180 186
49 29 31 32 34 33 44 47 95 47 45 46 45 47 96 101 99 134 101 103 99 131 126 151 155 157 162 175 162 168
78 76 90 77 200 195 198 192 195 196 195 189 22 27 26 100 97 193 194 203 199 200 73 89 54 91 203 202 91 202
144 150 154 127 124 127 126 112 108 103 98 194 198 194 189 187 186 189 22 9 188 10 9 17 22 68 64 59 66 67
109 105 128 127 128 132 131 130 125 129 131 105 131 144 138 206 204 85 80 85 204 85 204 85 91 55 52 48 53 55
178 0 163 160 159 162 35 161 176 111 107 183 104 184 10 6 5 177 178 180 107 183 105 129 135 132 133 128 129 109
167 161 36 32 103 130 126 115 110 127 103 106 130 125 123 106 128 133 130 134 131 127 130 103 107 103 131 128 125 124
84 76 85 200 201 197 198 202 90 89 94 90 202 201 198 194 190 191 186 191 194 202 203 201 198 203 86 83 80 88
122 116 119 121 159 156 121 159 121 122 151 146 147 145 144 139 131 139 136 139 207 138 207 139 140 142 144 142 141 146
115 113 176 174 0 168 165 1 165 171 175 111 173 170 0 166 168 167 166 162 159 158 157 124 154 40 38 150 146 141
187 101 130 128 133 130 134 97 194 192 188 15 17 11 185 187 103 29 24 28 4 6 5 178 177 174 173 177 5 177
56 57 88 84 202 90 88 58 66 60 58 89 88 80 84 88 90 69 196 193 191 190 194 199 197 203 202 196 192 17
15 196 199 193 187 104 107 182 6 185 183 8 184 182 184 182 4 3 175 0 165 168 165 159 162 156 120 121 117 120
76 71 19 24 20 25 29 30 32 2 164 168 163 162 164 0 164 0 2 31 42 31 28 32 36 153 156 155 159 157
95 138 208 144 131 102 133 101 186 180 178 175 164 160 166 164 2 35 30 49 53 52 53 55 57 59 72 68 22 24
182 184 7 2 165 159 37 35 165 166 35 163 34 37 163 160 157 159 156 162 157 36 153 39 37 159 36 161 155 124
208 142 145 142 139 135 99 45 32 103 102 130 124 152 122 125 120 113 111 177 173 179 180 178 182 183 188 193 196 73
73 89 85 84 77 83 84 76 75 90 202 90 95 51 56 61 58 65 62 60 62 65 60 63 56 51 47 50 51 97
32 28 26 24 8 185 190 193 197 202 196 192 188 10 7 9 5 7 185 190 104 101 133 105 109 107 105 111 183 186
181 176 161 35 38 33 164 167 163 166 161 35 36 159 35 37 155 37 33 164 32 103 107 127 109 108 183 8 189 97
124 119 124 115 121 117 121 156 161 165 1 5 181 184 186 183 178 165 0 175 173 176 111 177 173 178 173 170 166 0
164 167 162 169 170 162 172 171 162 166 1 3 165 175 176 112 126 112 109 103 127 109 123 109 115 116 123 110 180 177
206 207 138 134 132 135 133 105 187 188 191 196 200 195 197 85 92 52 95 93 69 22 19 72 65 71 17 19 20 67
141 145 142 140 139 143 142 208 137 208 205 138 136 141 142 139 137 134 129 132 134 103 102 127 124 150 147 146 145 150
143 207 206 204 85 90 74 76 58 62 63 62 59 56 54 50 96 55 91 203 196 200 73 79 78 75 72 68 63 64
7 10 7 6 179 108 104 107 101 106 130 105 108 114 123 157 110 106 101 194 94 193 93 95 89 53 51 92 85 87
8 25 6 186 104 179 104 190 187 104 134 102 97 48 97 193 191 189 184 6 183 103 105 110 179 111 110 111 109 104
174 173 174 0 168 0 164 179 164 32 31 33 42 43 46 42 44 47 44 49 52 49 45 46 47 53 51 90 94 96
44 39 37 38 36 39 45 31 164 34 41 34 160 166 160 154 35 33 38 152 40 151 154 37 41 46 52 92 47 50
88 85 77 71 68 18 67 71 73 90 85 203 206 203 200 203 86 85 83 76 91 93 72 55 69 67 21 18 71 76
151 41 154 40 42 36 41 42 33 30 26 7 5 179 110 125 110 108 111 113 114 109 126 108 102 128 130 109 126 111
34 42 45 39 45 50 52 57 60 55 54 52 23 22 21 27 22 27 29 49 53 47 42 37 160 154 122 126 107 102
101 131 103 134 128 134 104 107 179 174 177 172 177 181 180 186 181 183 104 109 115 118 119 156 162 164 158 155 163 1
4 178 0 182 6 25 8 24 27 48 53 54 50 47 50 51 46 48 95 135 132 133 132 131 129 114 125 123 125 106
150 124 129 131 126 107 102 98 95 204 206 138 140 144 136 138 132 138 140 207 135 144 135 131 147 44 99 134 97 194
153 151 124 152 153 155 158 156 162 158 122 123 119 123 160 157 124 153 150 40 42 37 153 150 144 136 139 137 139 135
134 131 102 107 130 107 127 131 136 134 137 139 135 144 135 131 134 104 179 104 100 190 191 192 193 17 14 13 15 10
193 190 104 103 32 29 49 27 25 22 26 7 9 17 10 6 184 9 11 10 184 5 178 3 32 31 49 53 50 46
80 81 83 81 83 81 82 85 83 86 203 90 58 76 58 55 53 52 47 52 54 52 53 27 23 53 59 60 57 60
105 132 135 102 96 51 56 54 51 48 26 30 46 49 54 56 52 47 48 99 96 26 52 92 94 203 202 90 74 71
125 120 156 157 121 124 153 40 38 153 152 150 39 42 41 43 33 29 32 35 37 163 158 163 157 162 163 37 39 44
65 62 64 71 72 73 85 86 82 87 77 90 96 89 51 55 23 25 20 56 60 61 66 71 68 20 22 8 184 6
157 163 162 35 37 163 166 163 160 154 38 37 163 167 165 35 165 161 176 181 4 29 103 107 126 108 109 113 116 118
35 30 47 48 45 31 33 30 26 96 26 21 26 96 26 100 104 102 134 97 99 101 134 100 189 17 21 26 21 67
104 101 106 129 124 130 131 144 143 142 141 142 148 153 149 143 148 151 126 105 103 131 134 129 126 115 113 126 116 113
111 110 112 176 111 179 178 111 110 179 108 180 181 186 10 12 14 13 14 16 11 16 193 189 100 98 100 97 51 50
152 150 147 152 123 106 101 96 92 53 56 19 25 29 2 1 168 175 174 177 111 176 161 36 150 147 151 36 38 40
175 3 183 179 175 176 161 179 3 181 177 181 7 24 20 63 19 18 67 66 63 61 57 61 59 60 57 62 60 62
202 197 198 197 193 69 22 23 55 56 52 95 92 51 54 93 51 52 50 92 97 190 97 190 194 98 94 197 70 66
74 73 197 94 194 202 73 78 77 82 80 88 84 80 81 77 79 80 86 204 95 97 197 203 95 203 201 199 196 70
89 86 202 197 70 200 202 198 200 85 77 75 90 89 95 92 51 89 69 71 66 73 66 56 60 58 72 70 193 196
90 96 98 99 130 106 101 102 100 96 50 52 50 54 93 51 92 48 97 95 52 54 88 58 76 85 200 74 69 23
18 17 9 11 8 25 19 63 62 57 60 61 56 52 49 50 55 88 87 86 82 81 84 86 91 86 88 91 203 200
20 19 72 73 88 89 85 92 85 202 200 73 196 197 198 197 194 198 193 70 19 63 64 68 22 18 70 196 195 191
103 102 97 189 15 11 8 23 53 52 48 43 45 41 147 41 34 41 146 141 143 146 142 208 142 145 139 135 137 139
199 198 199 203 85 197 192 190 195 198 202 86 92 94 98 96 55 59 20 66 62 60 57 51 47 95 135 207 136 132
99 135 134 102 100 102 106 114 108 180 175 169 172 170 171 175 177 178 174 170 169 175 176 111 108 176 173 174 175 174
145 144 138 140 144 149 153 154 40 152 154 157 36 31 29 4 179 6 25 8 5 7 185 187 188 11 14 16 13 10
162 170 171 175 165 174 0 170 172 171 162 161 36 35 164 33 29 31 27 22 27 21 68 18 17 69 71 18 23 8
41 46 45 43 47 43 41 40 151 149 153 38 40 33 35 33 29 34 164 175 161 156 160 123 128 105 102 96 97 92
120 116 122 125 119 156 159 164 163 165 170 167 162 172 162 163 161 170 166 169 162 35 165 163 166 170 168 162 160 159
169 165 163 158 122 115 124 155 150 144 143 147 128 131 127 110 126 124 116 122 157 36 42 33 37 163 166 162 171 174
53 54 49 52 23 69 93 98 48 98 103 134 136 140 208 138 135 131 132 130 109 112 109 129 132 138 144 135 129 127
25 9 7 24 56 61 56 53 54 92 51 57 54 59 54 90 75 73 68 69 71 77 81 79 84 81 85 77 76 91
200 197 193 97 99 131 103 131 125 123 125 116 119 116 122 126 106 111 183 186 7 8 185 9 21 27 26 30 29 34
166 163 167 164 3 31 2 166 167 163 160 155 122 118 115 124 148 151 150 153 154 153 156 155 157 163 155 121 124 157
46 42 30 45 30 26 30 42 44 99 134 105 132 129 109 125 123 126 114 125 123 151 149 143 149 152 40 154 157 115
142 140 145 142 146 150 39 37 38 37 155 154 127 130 108 107 183 178 182 0 167 0 5 3 179 182 185 189 183 6
62 65 68 59 67 63 19 72 90 72 67 72 68 70 71 77 78 81 77 75 65 75 80 85 86 94 99 94 193 198
172 169 171 176 171 162 166 168 162 170 171 175 3 1 2 30 2 35 34 36 164 31 28 32 33 32 30 27 52 30
33 38 35 31 33 38 39 44 48 47 51 46 42 43 49 30 49 47 49 28 4 29 24 8 184 104 179 5 2 29
23 18 68 18 63 65 59 57 61 57 52 23 56 50 56 55 50 47 43 41 147 153 124 121 120 124 154 36 155 159
190 196 203 206 208 140 136 129 114 112 114 110 108 109 110 179 180 178 182 178 3 32 160 34 33 37 36 164 162 175
6 185 191 194 94 193 196 199 201 197 191 97 98 99 104 103 32 34 163 166 0 179 178 175 173 178 111 183 8 187
67 59 64 61 63 19 25 26 96 50 47 42 38 150 152 123 106 100 186 181 7 10 188 193 187 108 176 108 105 106
69 90 51 90 69 74 71 18 68 63 19 66 61 66 65 67 18 23 8 182 7 26 23 27 22 25 29 28 23 52
3 165 159 37 39 153 155 36 163 161 179 184 183 103 109 107 179 104 130 109 111 183 177 172 171 168 167 166 170 162
135 134 106 127 130 107 105 106 114 126 122 125 126 131 137 206 137 205 204 201 204 201 198 199 197 192 196 203 198 194
85 200 199 198 202 199 193 190 195 189 190 196 199 201 197 196 198 201 202 94 86 89 56 52 22 20 60 56 60 64
60 64 66 67 70 16 17 189 11 185 190 192 15 18 71 76 58 89 88 86 90 92 91 88 85 80 75 80 75 90
114 117 120 114 109 108 187 190 98 133 129 133 98 99 95 100 134 133 135 99 96 90 77 80 81 82 86 94 193 188
86 82 85 83 76 71 68 16 70 17 71 73 71 66 56 92 85 201 202 198 203 194 198 193 93 52 50 49 52 95
91 95 47 96 97 94 85 202 199 196 70 197 201 202 197 94 197 195 200 203 194 101 102 129 105 132 136 137 131 126
123 114 113 126 124 116 122 156 36 39 36 161 172 161 166 163 167 159 35 163 32 160 155 151 150 152 147 40 152 149
176 173 172 169 166 168 1 164 175 179 181 176 182 7 3 29 103 183 108 114 108 179 0 166 168 162 170 162 166 1
87 82 84 73 93 91 85 77 200 195 192 196 199 202 196 197 97 190 194 101 96 26 100 26 28 49 54 49 45 39
26 24 23 69 193 198 192 15 193 191 194 189 188 15 188 189 8 9 12 17 68 65 68 59 65 62 63 58 65 75
5 186 190 104 182 180 112 113 176 174 175 111 108 180 5 185 6 186 101 96 89 54 88 55 59 55 57 89 57 51
2 28 32 163 2 165 2 7 24 23 25 6 8 22 52 23 28 24 7 2 163 161 167 162 159 161 175 173 175 171
177 183 185 181 185 190 194 196 193 17 21 20 67 18 12 17 193 189 194 189 10 184 186 181 5 182 177 175 180 177
13 16 69 17 21 27 26 29 32 164 1 4 28 26 25 9 185 8 182 181 177 175 171 170 165 2 0 162 164 159
119 115 125 129 114 117 116 125 120 156 36 39 34 36 35 160 165 0 165 163 167 1 3 179 0 167 165 159 163 168
189 16 12 13 15 70 69 90 91 90 77 84 73 72 59 64 59 20 66 67 65 58 88 76 75 73 68 67 18 11
52 57 60 20 19 18 19 71 16 68 20 56 92 54 93 73 88 84 81 79 81 77 78 73 70 18 69 71 18 19
197 73 66 65 60 58 88 93 96 49 54 92 90 58 55 20 18 22 189 17 10 189 9 189 183 178 183 108 187 101
16 68 20 19 69 18 67 65 62 65 64 61 59 69 90 93 197 194 203 204 202 77 202 77 76 77 90 89 55 58
55 52 89 58 61 66 59 68 16 70 68 21 27 24 29 24 27 31 32 29 25 6 8 6 181 185 182 7 10 185
156 124 125 130 125 116 114 116 115 122 123 116 126 128 126 122 154 35 159 37 36 164 3 32 35 161 0 1 0 166
158 164 31 36 39 36 161 171 173 174 173 179 184 7 181 182 183 179 3 165 171 174 178 4 182 4 3 175 173 172
54 88 87 90 75 79 77 88 72 59 61 66 75 71 77 78 79 75 66 67 59 20 23 69 66 61 62 59 65 59
107 127 128 134 131 139 145 148 150 41 46 51 97 95 99 104 130 104 106 101 102 107 103 109 104 130 133 129 109 112
121 118 121 119 121 156 124 122 117 121 117 121 156 124 150 144 140 145 140 144 142 146 151 149 147 150 147 148 146 147
50 95 52 92 90 77 86 203 205 204 94 203 204 94 93 197 199 196 193 198 194 191 185 10 185 187 104 100 99 93
36 155 152 155 160 164 31 29 2 31 28 3 183 179 182 3 1 0 179 3 183 111 107 101 131 134 105 101 104 100
179 181 176 178 173 170 169 166 163 164 168 1 165 171 177 5 1 168 171 161 175 161 175 172 158 121 115 125 128 131
64 60 63 58 61 56 89 58 57 58 56 54 53 55 91 93 94 91 87 90 84 82 79 83 87 86 94 193 70 68
75 65 66 68 20 17 9 185 181 185 7 9 186 104 100 101 135 132 138 140 145 140 136 129 126 124 150 147 149 41
51 53 56 66 18 20 59 60 65 63 58 54 58 56 92 56 59 89 95 89 54 89 85 91 89 72 74 72 55 50
188 192 189 187 191 188 9 184 7 3 6 3 32 164 161 176 110 112 108 105 183 180 181 3 29 32 35 163 32 160
133 135 139 205 207 206 138 204 197 193 199 202 90 54 58 90 51 48 52 48 30 45 47 99 95 98 100 105 128 123
205 208 143 146 143 140 143 149 41 151 122 156 162 167 162 169 166 35 34 41 34 45 46 48 43 33 34 31 3 2
154 122 154 41 151 146 40 36 37 35 2 30 48 30 2 30 28 7 8 10 184 188 187 185 11 8 10 9 185 191
45 47 43 47 49 45 46 52 23 56 53 59 89 87 77 84 86 87 76 85 88 72 58 62 67 68 71 18 21 20
132 128 126 115 113 114 115 120 118 117 120 125 116 120 121 117 120 117 116 118 122 156 159 157 163 32 160 165 167 162
173 170 169 171 162 158 161 167 168 1 164 2 0 1 4 25 21 23 53 48 51 57 53 89 54 91 202 203 201 198
70 17 69 55 50 51 48 93 95 51 90 88 87 85 197 194 188 194 197 192 198 196 202 201 195 197 202 86 203 202
183 8 187 101 135 132 131 136 140 144 139 205 137 136 147 131 134 101 106 134 101 105 132 133 129 130 98 100 97 134
108 102 107 182 0 2 163 32 34 42 33 37 33 35 166 169 170 168 1 3 165 164 175 170 173 170 175 111 175 161
43 45 99 101 97 95 94 86 94 86 204 197 200 85 73 200 199 200 85 90 55 66 73 88 57 52 48 97 96 97
10 11 192 191 97 103 187 104 184 9 21 18 71 66 68 72 77 79 73 91 54 56 24 21 27 31 164 165 166 169
148 142 208 140 144 208 143 207 206 139 135 137 208 139 135 138 207 137 206 207 137 140 143 149 40 153 39 153 150 40
159 164 31 36 164 0 164 158 161 170 0 161 176 174 177 174 0 165 175 165 163 168 171 176 181 178 174 177 183 5
61 60 62 64 61 56 54 51 56 61 65 62 59 20 22 20 21 20 22 18 63 68 20 25 8 23 25 29 45 49
47 52 93 197 199 200 85 88 86 203 206 138 205 137 134 106 101 104 183 108 126 110 126 128 102 131 102 131 132 133
97 189 186 104 130 107 101 104 108 107 105 128 130 126 102 107 112 109 104 109 107 179 175 173 177 179 176 180 181 176
116 122 119 122 127 132 127 122 116 125 128 102 107 127 150 148 143 147 145 139 205 208 206 203 200 202 198 202 204 95
48 96 94 99 102 135 102 130 103 32 36 33 160 35 33 46 52 51 46 51 47 51 57 52 27 48 99 48 51 91
128 127 107 108 103 127 106 126 107 104 100 186 191 188 8 4 179 176 174 177 179 5 179 6 3 4 29 49 51 52
117 115 122 120 114 110 109 108 102 130 128 147 41 37 153 155 35 159 164 0 1 4 181 176 172 169 166 1 163 162
207 141 142 208 141 144 137 140 145 147 40 37 34 29 28 29 28 4 178 3 178 181 7 29 103 183 5 183 178 183
27 24 21 17 68 72 89 72 66 70 73 202 90 55 19 66 72 88 90 94 51 57 89 73 200 203 90 51 93 51
0 179 108 111 173 170 172 157 120 125 124 116 123 119 121 159 160 158 121 122 124 116 123 128 131 99 101 130 133 130
42 43 41 37 33 35 162 0 4 29 28 4 0 164 35 159 161 36 159 157 155 153 150 36 40 149 147 44 49 46
102 128 127 147 142 148 143 208 139 136 135 130 134 103 102 108 106 130 136 140 143 148 128 147 143 207 136 140 144 137
163 35 166 0 165 3 6 185 8 183 3 175 172 161 35 154 38 34 38 35 165 35 37 38 42 46 44 45 50 56
68 16 69 18 21 24 52 49 26 29 25 6 10 11 12 10 186 191 196 195 196 202 201 195 194 193 189 100 29 3
155 154 36 37 34 30 28 30 28 26 186 10 9 21 7 9 6 181 177 172 165 167 168 170 171 177 176 178 183 8
129 106 109 114 123 125 114 123 124 128 136 137 134 104 105 183 6 181 177 171 174 0 168 1 5 180 176 172 171 175
