315 127 312 128 315 320 314 125 316 126 127 126 128 311 312 314 316 127 314 319 320 360 320 125 312 128 129 126 315 126
324 323 327 329 323 329 324 358 355 330 325 326 329 332 352 331 337 335 338 332 329 334 329 331 355 331 337 333 338 337
180 176 174 262 28 30 199 30 32 202 33 32 31 202 204 202 33 202 33 35 37 35 34 260 267 256 261 263 29 174
320 359 360 358 359 320 321 326 323 327 324 322 317 315 323 325 319 127 126 128 314 312 311 312 130 134 137 136 208 209
307 303 297 298 296 301 297 131 133 208 292 291 292 85 83 215 219 214 295 294 297 296 290 295 215 210 140 145 142 197
11 8 9 12 13 10 9 6 7 8 10 9 6 5 7 8 5 7 6 8 7 9 6 7 10 8 6 4 6 9
14 15 17 14 16 14 12 15 18 16 18 16 18 20 21 23 21 24 26 23 22 20 22 24 21 18 19 16 17 19
346 344 340 341 342 340 335 332 327 323 326 331 355 328 333 334 332 329 327 356 353 357 353 350 347 350 352 351 356 355
24 27 194 199 202 199 258 261 202 31 30 29 30 262 174 172 263 31 198 28 262 173 27 173 167 169 165 231 179 174
302 300 144 139 141 209 244 205 210 137 209 246 209 242 255 242 270 274 277 272 276 164 167 163 232 167 163 164 272 239
146 92 88 87 83 89 94 88 294 293 288 287 248 245 248 249 243 213 237 148 217 218 222 217 228 148 146 152 156 228
140 138 139 130 311 310 130 135 138 139 299 295 215 217 237 239 238 196 238 241 238 172 173 263 260 264 173 172 264 171
303 146 302 300 306 303 306 304 303 147 95 98 101 98 102 105 100 98 94 90 88 89 86 83 82 222 225 221 281 220
204 205 206 141 206 138 141 135 210 296 210 206 211 214 240 237 242 245 240 209 211 213 212 214 215 214 89 214 210 145
195 196 198 204 34 31 29 32 35 32 35 34 261 258 255 266 268 273 238 196 201 199 204 34 261 34 38 35 37 35
201 198 199 30 32 199 198 192 196 193 197 198 32 31 202 196 141 194 189 190 187 183 186 189 142 143 137 139 144 91
1 2 4 7 8 5 2 4 3 2 5 6 5 6 8 5 4 7 10 7 9 6 5 7 5 6 4 5 8 7
215 291 287 290 86 81 85 81 79 78 77 74 72 282 219 240 234 172 173 174 28 31 202 258 242 274 270 265 263 259
226 227 229 234 196 190 194 189 145 190 188 193 141 299 305 302 297 303 146 142 145 193 197 137 143 141 135 130 311 313
318 321 326 322 324 329 325 324 359 122 119 116 117 116 119 121 123 121 124 359 124 121 119 117 119 118 119 116 117 119
17 18 17 16 17 15 14 16 18 16 13 15 16 13 12 9 6 3 4 3 0 3 2 5 4 2 5 7 8 11
12 10 11 10 13 15 12 13 15 12 13 16 15 18 21 24 27 26 28 194 191 187 152 155 158 157 158 227 224 162
291 85 289 132 211 140 141 194 190 193 192 148 147 140 299 304 302 299 139 299 304 298 296 140 138 193 143 141 140 137
228 150 228 155 222 216 240 214 147 218 214 215 285 287 212 291 292 294 297 302 299 142 144 296 132 136 134 131 133 136
94 98 104 98 97 102 105 101 104 100 102 103 102 105 102 101 102 104 107 109 107 106 104 100 99 97 103 105 101 103
192 146 141 136 310 128 310 139 137 140 210 296 301 295 82 215 244 243 241 242 258 238 243 275 270 272 268 273 235 234
160 161 224 277 216 218 216 219 213 238 241 244 243 249 253 252 249 252 249 245 243 66 69 64 62 61 58 59 62 64
21 23 21 20 22 20 18 21 18 17 19 21 23 20 17 18 19 20 22 21 18 16 17 18 17 20 17 19 18 15
321 327 323 328 352 335 333 331 352 331 351 330 332 326 325 323 320 125 123 124 120 124 315 320 324 319 315 319 320 315
331 355 331 332 326 328 325 329 326 332 337 344 348 352 330 329 323 329 331 325 330 326 332 336 330 351 346 349 350 349
77 223 281 280 222 218 281 279 220 277 243 285 278 272 267 268 272 275 272 273 165 162 165 239 245 205 137 143 142 138
355 356 359 122 360 122 124 125 315 320 359 320 360 359 122 119 121 120 123 120 121 122 124 122 120 123 125 315 320 317
283 70 68 286 247 66 70 284 71 69 72 284 67 68 67 64 67 68 70 69 72 69 283 72 282 278 272 269 267 270
22 25 28 25 26 178 174 263 174 176 173 174 264 172 263 171 234 172 263 172 166 165 162 226 159 161 164 163 170 171
131 132 208 211 135 300 302 95 93 150 151 150 98 150 154 153 229 233 187 185 188 146 193 141 192 189 193 192 149 146
347 346 347 349 352 334 337 333 329 323 322 317 320 315 123 125 123 120 123 124 125 359 320 323 328 331 327 356 355 351
255 256 255 269 265 171 169 170 169 231 184 230 184 185 188 192 188 187 189 195 191 145 147 94 98 100 105 101 102 100
350 354 349 347 345 351 352 331 335 343 342 339 344 341 344 340 339 344 335 343 346 351 345 350 355 353 352 349 345 338
293 131 136 131 134 132 135 129 132 135 207 206 211 215 212 245 205 202 32 30 31 33 261 265 261 256 260 259 265 262
93 92 305 302 92 302 91 148 237 236 228 156 153 155 225 161 233 238 172 264 262 259 265 264 259 265 171 172 28 194
40 43 42 43 42 41 38 39 41 38 40 39 36 39 41 40 43 41 42 39 36 34 202 203 242 254 271 277 165 169
58 55 56 54 53 51 53 54 51 50 48 50 48 49 52 49 51 54 51 52 54 53 55 56 53 55 58 60 58 61
136 129 310 130 139 144 147 91 218 90 150 148 233 228 165 233 227 233 149 229 156 226 221 224 220 219 220 227 224 221
196 190 195 197 198 28 172 30 202 31 202 35 33 260 202 201 196 145 144 141 139 300 304 303 299 293 133 208 248 250
96 91 153 148 145 144 140 146 149 150 144 142 148 90 298 293 290 291 86 89 151 227 232 170 166 234 187 234 195 28
338 343 348 335 332 330 329 324 359 356 328 332 326 332 336 335 343 344 338 348 353 352 331 335 330 324 330 352 355 330
81 89 90 153 227 151 227 226 159 162 164 236 216 211 217 222 280 224 219 280 219 281 221 82 221 82 218 221 152 156
345 334 340 344 335 333 336 331 327 332 330 328 356 355 356 352 355 351 354 351 334 336 331 330 355 350 355 354 352 354
216 222 216 277 216 219 225 162 159 162 161 165 228 221 82 216 214 91 95 90 221 219 80 81 222 224 161 225 158 227
292 215 221 217 151 221 236 237 210 200 210 212 287 248 287 289 291 286 248 249 253 247 66 247 244 247 286 287 292 296
79 76 78 75 74 72 73 71 73 71 74 73 70 67 69 68 247 244 205 241 211 132 130 140 146 188 187 149 229 151
98 150 145 150 228 165 162 163 232 166 168 176 180 184 183 184 187 184 182 179 182 230 233 229 151 149 146 147 151 227
263 265 263 29 173 263 174 262 264 261 256 257 202 203 34 204 198 32 198 193 188 185 186 185 188 230 186 228 160 221
30 32 199 197 198 30 29 198 203 200 207 212 240 239 165 231 161 159 228 159 227 154 151 94 98 93 150 148 150 151
127 130 310 300 303 301 297 294 296 302 306 305 96 95 96 100 96 91 153 229 166 230 229 151 145 196 190 187 190 189
246 67 247 243 245 251 249 244 215 285 71 282 219 281 216 240 215 244 285 69 66 247 212 244 240 213 244 245 203 197
92 302 91 152 233 236 220 218 216 211 215 292 289 293 289 287 285 287 216 215 219 225 227 152 154 95 302 298 296 292
275 277 275 276 280 275 279 277 273 270 276 277 243 240 209 205 244 209 241 210 141 299 142 210 145 190 146 145 147 89
266 262 258 255 271 255 274 276 277 279 278 220 284 216 218 91 154 90 222 225 219 213 209 245 213 236 229 233 235 164
344 343 345 349 344 340 341 337 333 331 334 339 336 333 331 325 319 318 319 316 317 318 322 326 327 352 348 345 349 351
252 254 259 261 32 202 34 37 36 33 34 203 202 34 36 37 36 38 36 39 40 43 42 39 38 39 36 34 35 36
83 85 288 289 286 67 248 286 285 286 248 251 248 287 248 208 140 135 210 200 206 203 257 258 255 246 67 248 209 241
72 74 77 75 73 75 76 73 74 72 69 68 66 64 61 60 63 66 283 67 64 65 67 247 66 63 60 61 60 62
251 246 274 239 241 213 243 275 274 278 285 247 250 253 252 247 286 71 284 285 282 276 273 278 273 276 239 278 273 239
9 7 10 12 14 16 13 10 11 12 10 13 15 13 16 19 17 15 12 9 6 8 11 8 7 4 5 7 10 9
78 80 83 215 285 69 283 70 68 71 282 278 274 277 220 236 229 233 228 221 151 152 227 226 161 226 156 160 157 155
144 141 197 202 34 203 197 198 203 206 207 135 129 136 310 128 126 128 309 304 301 303 146 193 138 197 141 136 139 207
84 85 87 85 86 89 294 299 144 149 146 189 195 145 190 142 194 189 193 146 92 94 97 94 89 94 99 101 99 305
122 119 122 119 121 122 124 359 124 359 324 319 317 314 127 312 314 317 323 327 321 315 321 318 320 125 122 120 124 127
187 189 194 189 192 196 241 242 213 207 140 207 133 208 132 300 304 300 302 307 306 308 142 197 205 241 209 212 292 295
76 74 77 78 81 79 80 87 88 298 90 152 233 229 160 161 231 229 231 165 171 167 165 235 172 171 263 30 28 31
326 327 352 331 332 329 334 329 326 323 317 320 315 127 126 127 125 126 124 359 122 123 360 320 319 317 315 321 318 319
243 245 254 255 260 33 34 201 202 205 199 202 204 199 203 201 205 200 195 199 32 29 172 234 233 217 240 239 233 236
95 96 97 96 95 151 228 227 158 159 157 154 95 306 309 305 307 304 301 296 140 141 192 148 146 149 189 190 189 195
310 307 306 307 308 143 302 147 214 210 145 190 191 192 191 27 173 234 165 169 172 30 29 262 257 255 257 203 198 200
329 324 329 325 322 318 317 321 320 325 323 319 325 321 325 327 352 350 353 357 360 123 315 323 319 316 314 317 316 319
351 356 355 327 325 331 352 349 353 357 360 358 357 324 355 353 357 353 350 352 328 356 328 329 335 332 337 336 342 343
208 245 212 217 211 132 136 208 135 140 144 146 148 218 89 82 86 291 295 291 289 294 211 209 207 139 143 296 298 297
73 74 71 282 72 282 223 217 218 90 89 84 81 90 155 90 153 94 151 91 154 95 96 101 104 103 97 92 305 99
181 177 180 168 163 167 183 185 230 185 187 192 141 210 244 209 211 216 219 218 213 237 196 141 209 140 141 139 140 211
124 123 359 320 125 313 311 127 316 317 316 313 312 313 312 311 129 131 135 134 206 141 192 197 205 208 209 249 252 251
164 276 270 255 274 277 217 233 227 220 218 221 223 225 226 156 152 229 161 224 227 233 230 183 181 184 181 185 182 177
237 217 237 195 192 193 196 201 197 198 261 30 261 256 267 266 256 258 253 255 253 257 259 267 265 258 259 257 262 171
259 260 259 261 262 258 203 253 245 203 201 205 197 198 201 206 211 216 278 239 238 258 242 241 238 270 238 243 244 241
143 306 305 96 100 99 103 108 103 99 305 301 306 308 304 302 309 311 310 303 309 305 99 98 94 89 147 303 144 141
7 4 1 2 3 6 3 5 6 5 6 3 5 8 7 5 8 10 7 9 8 11 14 17 20 21 22 25 24 21
8 6 7 5 8 7 5 8 5 4 1 4 3 0 3 1 4 3 1 3 1 3 0 1 2 1 4 2 3 4
174 171 231 230 188 190 193 138 135 207 139 135 132 300 297 302 92 301 306 301 297 300 130 132 136 135 131 293 292 211
34 204 201 199 201 204 198 31 198 195 29 27 25 27 28 172 235 270 239 217 239 217 237 236 229 155 90 155 227 222
267 255 274 268 266 267 255 269 267 256 255 274 280 277 279 224 223 222 80 219 81 85 289 292 290 291 83 286 248 208
4 2 4 1 0 1 2 4 3 6 4 7 5 8 7 5 2 1 2 3 0 3 4 3 5 6 4 7 4 7
327 323 328 332 338 343 337 335 330 332 328 322 320 360 122 123 124 127 130 139 140 141 299 297 298 90 81 82 218 222
150 145 149 91 302 92 91 89 87 294 297 131 129 313 312 128 129 134 132 136 139 299 294 293 299 211 295 92 150 149
193 196 199 198 200 137 206 141 299 297 295 298 303 306 304 143 211 213 241 213 239 236 239 272 268 271 274 268 271 254
265 172 175 29 262 174 29 198 194 199 200 207 210 144 91 154 95 93 97 93 298 292 291 289 286 83 84 81 88 89
359 324 322 318 317 315 314 128 126 129 311 309 302 305 299 91 90 94 154 153 156 228 233 217 223 225 219 285 243 275
111 109 111 110 108 111 113 112 109 110 112 114 116 115 117 120 121 118 115 112 113 112 115 116 114 116 113 114 115 117
152 147 298 90 88 81 84 87 80 219 83 291 85 292 297 132 130 131 128 309 310 300 132 129 310 304 307 310 308 311
236 229 166 168 167 163 232 234 172 262 266 271 272 273 239 217 215 291 212 209 214 217 236 165 277 283 277 275 239 165
74 72 69 71 286 285 66 63 62 65 68 71 74 73 74 76 79 77 79 77 76 78 81 86 84 288 83 81 85 295
316 314 315 323 329 326 325 319 322 319 323 325 331 327 325 324 321 319 317 323 321 316 124 123 360 122 119 117 116 114
89 88 92 298 93 95 302 303 307 308 307 310 140 138 207 135 140 296 291 293 288 85 294 89 83 84 85 292 83 287
279 274 269 259 261 29 32 31 28 26 23 21 18 17 15 12 9 12 14 16 13 10 7 4 3 0 3 6 3 2
241 212 211 141 209 207 144 140 303 144 211 212 287 290 287 286 247 248 208 135 141 299 303 299 298 147 90 218 222 227
256 258 254 271 256 271 256 267 271 277 275 278 274 242 239 244 211 208 206 138 139 130 312 314 313 129 134 129 127 128
103 100 101 100 102 101 99 97 99 306 95 150 93 151 147 95 93 91 96 99 100 102 103 101 100 99 305 309 306 302
269 265 270 235 237 217 212 207 137 130 136 137 136 131 135 208 137 138 135 138 207 138 136 128 127 315 126 314 315 124
334 339 341 343 348 334 352 327 356 328 326 327 324 322 319 316 126 127 312 313 310 304 143 303 305 92 89 87 90 221
99 95 94 91 147 189 149 150 152 221 155 226 227 152 150 154 228 226 232 161 160 161 227 232 235 166 163 232 231 165
162 159 229 228 150 146 189 146 142 138 135 131 293 295 88 92 295 290 295 91 93 150 147 142 141 200 205 202 34 37
224 162 226 161 228 159 157 227 155 150 151 214 210 145 188 192 189 186 184 179 177 174 264 260 263 171 170 235 166 170
277 276 278 276 280 221 151 89 92 96 97 93 87 85 84 85 83 218 220 82 89 86 84 291 82 80 222 224 219 82
120 121 123 126 315 312 315 123 121 119 122 360 359 122 359 360 123 360 123 122 359 360 359 360 358 359 356 355 352 353
53 54 55 57 54 55 53 56 57 60 61 60 61 58 56 55 56 53 51 52 49 51 53 52 53 55 58 61 64 66
333 336 332 333 330 331 333 329 331 332 327 326 330 331 335 339 334 339 335 330 325 328 333 337 339 335 330 335 338 334
166 234 172 265 269 255 271 273 243 274 268 256 254 245 210 296 293 296 295 301 304 302 300 298 295 89 90 81 83 218
46 45 43 45 43 41 39 38 39 37 36 39 40 43 45 48 45 46 44 43 40 37 40 39 40 41 40 38 39 40
343 337 340 341 336 340 337 334 332 328 356 352 354 350 346 349 345 343 341 343 348 350 352 350 348 352 330 327 325 319
172 30 195 27 29 27 194 189 187 152 148 218 220 216 284 287 83 288 84 87 86 84 81 89 86 294 87 80 84 290
33 34 37 35 36 38 36 37 34 201 200 207 208 134 207 208 205 202 261 29 198 29 195 28 30 261 256 267 269 259
23 21 18 15 12 10 11 9 7 9 11 12 15 14 12 13 11 10 12 13 12 13 12 10 12 11 10 11 12 15
190 188 189 187 184 183 181 185 181 182 186 188 145 151 92 88 295 214 211 140 130 134 129 128 126 315 123 122 125 315
284 67 283 275 274 268 269 272 239 278 275 273 271 273 243 212 285 243 242 209 243 285 67 284 220 228 160 159 162 225
304 307 308 309 306 309 306 300 305 303 140 130 127 319 314 316 318 317 318 321 318 324 320 316 125 122 121 124 315 320
69 283 70 68 67 285 212 285 278 220 222 216 236 220 279 223 219 83 288 83 290 289 286 71 74 75 74 76 73 72
3 5 8 7 10 11 10 11 9 8 11 12 13 12 13 11 13 14 13 10 9 11 13 12 9 6 9 6 4 3
135 211 141 140 146 95 93 98 97 102 101 97 95 147 189 187 186 149 188 145 191 194 191 26 29 26 178 174 29 174
114 111 114 115 117 114 112 110 112 114 117 115 114 113 112 111 109 112 115 113 112 109 106 102 99 97 101 105 106 109
123 124 125 127 124 123 121 120 117 116 114 115 117 114 117 114 116 114 113 110 106 103 102 99 97 95 302 144 141 208
91 153 156 152 186 182 177 174 264 170 165 170 167 170 173 171 234 235 270 266 262 30 27 29 27 24 27 29 30 263
306 307 306 302 309 302 309 143 149 91 214 215 220 280 281 220 221 82 86 291 293 295 294 84 87 291 294 297 295 215
176 179 174 171 265 264 266 260 31 34 32 33 202 258 256 261 264 174 176 173 172 262 260 266 256 266 268 259 258 253
282 71 282 72 284 219 224 222 220 281 276 283 285 281 224 279 274 278 273 235 171 176 177 179 231 168 183 184 181 179
26 191 189 190 187 191 193 146 193 145 149 188 185 230 186 183 182 179 177 179 171 234 192 198 30 33 202 30 198 204
197 194 142 140 299 214 213 240 234 231 230 234 165 234 172 29 32 202 257 255 259 264 173 175 176 174 175 29 175 174
239 236 229 187 229 232 165 161 166 168 172 264 173 171 234 173 175 174 263 29 32 31 262 258 265 264 260 262 259 268
177 180 168 164 161 162 226 227 162 166 172 238 274 278 277 280 278 216 241 203 253 251 248 285 286 284 279 274 279 223
312 127 128 314 126 314 316 320 316 319 321 318 316 125 359 360 122 121 120 119 121 118 115 112 109 108 104 107 103 105
119 117 119 120 118 119 117 119 116 118 120 122 360 123 120 124 314 127 130 300 296 210 145 195 194 190 187 188 189 195
189 195 29 32 261 172 29 261 31 262 260 257 256 270 256 270 274 275 277 240 244 241 235 236 238 233 231 183 231 180
52 49 50 47 48 45 46 45 47 45 44 45 47 50 49 50 51 49 50 47 49 50 47 50 51 53 51 50 49 50
271 267 271 276 275 273 239 234 240 241 213 236 220 281 277 271 256 259 257 259 257 34 201 204 201 32 33 202 257 261
298 297 302 297 303 142 190 145 151 153 152 230 187 231 184 230 231 232 169 171 235 277 282 224 219 240 218 222 81 88
16 19 16 17 18 20 19 17 20 17 14 13 14 15 14 12 14 13 15 18 17 18 15 14 16 17 20 22 21 20
156 159 158 160 225 221 227 156 151 91 154 150 154 155 159 157 159 161 233 165 162 160 158 157 153 228 230 231 180 182
158 156 159 157 160 162 163 165 239 165 162 165 228 236 217 228 159 161 165 166 165 168 232 231 235 241 239 235 233 149
360 122 121 124 120 117 114 117 120 118 121 124 127 311 309 310 309 312 126 315 126 316 124 125 122 125 315 128 126 128
54 55 53 52 54 51 52 49 50 48 46 44 46 44 43 40 37 34 38 41 40 41 43 45 47 50 47 45 46 47
121 118 117 114 111 113 111 109 112 109 107 106 103 104 99 98 96 305 95 305 299 142 140 144 138 135 132 134 135 139
286 247 249 208 209 207 133 135 138 310 303 305 306 307 306 143 303 146 302 298 90 221 228 237 232 233 152 90 95 154
294 300 306 304 301 95 151 155 154 156 159 155 229 233 232 231 168 165 228 155 221 228 232 170 167 236 221 225 220 216
64 68 247 245 208 248 251 250 245 254 242 255 266 265 259 266 255 260 255 254 256 253 250 246 245 253 243 285 219 285
188 185 183 187 149 145 192 195 198 194 190 189 149 233 238 237 216 213 219 225 160 224 162 159 162 166 161 164 163 170
51 49 48 49 48 45 47 50 48 46 48 46 47 50 52 53 56 55 56 55 57 59 60 61 62 59 56 57 55 53
219 222 226 220 224 222 224 277 272 274 238 172 175 177 174 262 264 171 231 169 163 232 165 168 171 235 277 275 276 275
285 281 222 221 160 161 160 161 228 230 152 153 157 227 221 220 214 219 284 70 66 64 67 283 285 287 290 293 211 207
132 131 136 134 130 132 289 85 289 288 85 88 93 98 95 146 91 214 212 287 288 293 288 85 88 84 291 288 293 133
305 95 305 306 143 296 299 142 192 237 210 142 303 308 309 306 305 302 309 302 91 89 298 295 291 82 80 83 87 294
290 294 290 287 248 246 249 205 137 135 131 132 207 140 144 145 214 217 214 217 219 225 219 222 221 280 282 285 69 65
173 264 266 267 260 267 265 263 261 260 259 265 256 267 272 164 166 168 170 173 171 179 178 182 26 23 24 182 181 183
70 67 68 247 249 252 65 64 67 248 208 137 130 131 297 131 135 206 210 145 197 195 145 140 207 209 248 212 295 292
273 164 163 166 231 228 226 220 226 232 164 166 234 196 192 146 192 189 190 196 202 261 198 28 191 190 195 190 145 142
43 40 38 34 38 40 43 42 44 45 44 46 44 45 44 43 45 48 47 45 46 45 46 47 49 51 54 57 60 61
10 8 9 10 7 4 7 9 12 11 12 13 10 12 14 12 14 13 10 9 8 11 13 15 14 16 13 15 12 14
159 157 156 226 232 235 165 238 243 240 219 218 90 95 94 91 146 151 154 93 89 91 218 83 286 83 81 89 91 154
301 295 89 298 296 143 302 146 188 186 185 187 229 153 150 147 141 209 214 215 210 137 138 135 137 206 140 147 149 151
280 224 222 280 282 224 280 225 280 276 281 223 219 281 223 218 91 90 81 83 218 213 214 218 223 282 283 275 270 238
232 234 236 240 212 207 208 244 209 245 248 286 287 288 289 85 89 214 244 248 246 243 216 213 218 223 280 219 221 225
116 113 111 108 109 112 109 112 115 116 114 117 118 121 123 315 128 313 125 313 311 128 309 128 127 312 126 314 125 123
240 245 251 246 255 258 202 199 32 33 35 36 35 36 33 36 37 36 35 201 204 34 31 261 33 202 261 34 31 29
117 116 119 117 116 114 113 116 113 112 109 111 114 115 114 111 112 114 115 112 115 113 116 119 121 123 125 359 360 320
260 257 255 254 251 253 243 242 241 245 241 246 241 210 211 215 285 281 278 243 212 241 217 220 240 219 216 284 287 216
27 173 265 268 269 275 279 275 279 280 225 223 82 215 217 222 216 217 151 92 96 305 308 142 210 244 211 140 139 143
0 3 1 4 2 0 3 5 8 11 9 7 10 12 13 16 15 13 12 11 8 10 13 11 8 5 4 6 9 6
42 44 46 47 50 52 55 56 59 61 59 60 57 54 56 54 51 54 53 55 54 55 58 60 63 64 63 62 59 60
102 107 106 107 105 101 103 104 101 103 107 105 101 105 101 96 100 101 99 101 99 96 95 150 151 94 151 221 215 287
258 267 265 259 263 173 28 29 263 174 264 261 31 29 28 31 202 197 203 242 245 254 253 255 256 254 242 277 165 276
245 244 205 244 242 244 285 286 248 250 251 252 251 250 253 243 246 209 206 245 213 219 81 80 87 80 82 80 87 85
314 312 127 312 126 313 310 313 310 136 138 141 209 246 241 239 238 241 209 248 251 254 251 249 252 254 256 253 252 250
249 250 253 255 259 257 256 261 257 267 265 259 270 267 270 239 241 211 296 294 293 296 295 215 221 227 233 149 153 148
295 82 90 89 298 304 307 302 306 308 300 144 214 148 228 230 234 232 170 269 255 257 253 250 252 245 251 253 247 287
257 202 260 266 259 255 266 258 266 256 265 270 275 279 274 272 164 235 240 213 214 216 82 85 86 85 84 85 87 294
335 340 334 344 346 349 347 350 354 357 355 324 358 355 356 328 326 325 321 315 312 313 319 321 327 326 323 326 322 323
163 162 165 167 236 231 234 165 233 237 233 229 226 280 225 224 279 281 220 228 161 229 183 178 182 186 183 186 230 232
357 360 359 320 315 316 124 123 126 315 128 127 313 315 313 129 311 313 315 317 323 315 320 359 358 320 323 325 323 327
209 207 211 210 216 211 217 228 225 158 157 156 157 227 153 229 233 192 144 299 142 192 188 189 191 27 195 199 194 141
356 359 358 354 356 355 350 346 347 351 331 355 327 330 325 322 321 323 324 322 319 322 321 324 330 327 325 328 325 327
348 353 348 346 350 354 353 349 334 336 335 334 344 341 338 340 335 331 329 330 327 330 328 324 330 332 338 332 334 330
129 135 132 133 134 136 138 136 130 300 310 130 134 207 133 296 131 135 207 135 133 296 302 297 296 210 135 139 137 210
19 22 21 23 21 20 21 24 22 24 182 230 167 166 229 183 231 185 180 183 230 166 167 168 169 167 232 226 227 156
39 38 35 34 260 255 269 259 254 258 267 268 256 268 265 172 264 263 262 174 29 198 193 196 199 238 258 262 264 260
234 172 265 172 173 172 173 176 173 30 262 260 34 32 29 27 30 199 258 262 171 170 172 167 171 166 233 166 233 217
297 302 308 304 309 311 309 300 130 135 300 302 93 95 306 309 310 311 310 136 133 130 140 300 294 289 291 289 291 294
71 69 68 69 67 69 71 69 286 83 80 82 220 280 223 225 219 82 217 82 80 82 79 80 77 79 77 76 74 75
340 344 334 349 344 345 347 351 346 351 347 349 334 339 341 344 339 340 334 328 326 323 321 316 313 310 303 146 150 154
130 312 130 137 200 207 144 196 190 196 192 196 192 190 191 188 187 189 192 189 145 190 194 142 303 140 300 305 300 299
66 68 247 246 274 270 238 239 270 266 263 30 32 33 30 198 193 142 139 300 303 310 313 316 314 124 121 124 359 124
138 137 141 299 92 95 305 308 142 143 145 147 299 146 148 150 148 146 193 189 195 197 205 208 134 131 128 314 316 317
171 167 171 170 169 164 165 231 234 192 145 188 146 303 140 310 312 130 311 314 128 314 316 125 123 124 359 122 120 124
170 235 236 213 208 248 286 288 286 289 85 88 294 298 293 133 136 207 138 139 144 150 145 140 211 216 243 239 245 244
311 312 314 311 310 128 313 125 315 314 126 314 320 323 321 327 328 355 351 353 351 355 331 327 356 352 348 346 351 355
235 165 168 176 178 24 25 27 24 22 20 17 20 22 19 21 20 21 23 21 24 25 24 182 26 175 171 169 163 165
37 36 34 32 198 197 196 241 211 144 140 143 301 300 304 310 300 294 300 301 95 100 102 105 106 103 102 98 93 87
185 183 187 184 180 176 175 173 176 168 180 183 167 172 235 170 167 183 180 231 180 181 179 177 180 182 178 182 187 234
212 285 212 215 214 217 240 244 205 241 214 219 222 219 216 240 210 208 212 240 246 209 206 207 133 135 211 292 133 296
247 286 287 288 287 248 212 240 245 244 241 239 277 279 276 283 279 280 281 224 220 218 216 213 238 242 246 66 285 248
63 60 61 59 58 61 58 59 58 55 54 51 54 56 59 56 54 52 51 54 57 58 55 57 59 56 55 52 50 52
288 85 86 83 84 83 80 83 82 219 280 221 82 83 79 84 85 89 82 291 295 294 89 86 83 87 84 86 84 291
38 39 36 34 257 262 171 169 165 273 269 265 270 235 166 230 188 145 148 152 151 145 147 146 91 94 88 93 89 218
203 242 238 236 237 214 219 280 226 221 280 274 243 238 195 197 205 200 196 193 144 140 207 139 299 211 212 216 285 219
309 312 314 319 316 317 318 322 321 325 319 324 330 325 331 333 336 340 342 341 335 341 336 342 337 348 338 334 335 330
211 140 138 139 142 137 209 214 241 246 252 254 251 253 250 252 247 249 243 275 278 272 274 279 223 220 278 284 280 277
299 89 82 291 84 87 81 219 220 279 280 276 164 169 164 161 228 186 229 187 149 186 184 179 178 181 185 181 180 185
100 103 97 92 97 94 154 227 224 220 282 285 281 279 280 283 67 66 248 285 286 247 66 285 282 279 223 226 229 236
330 351 331 336 338 344 337 344 335 332 327 330 332 334 345 351 348 346 349 350 355 327 355 356 327 322 323 325 321 315
217 221 215 212 240 210 207 206 207 140 138 310 303 140 138 135 211 141 207 136 134 131 293 295 292 215 220 236 217 239
332 331 337 343 345 343 337 336 340 341 336 332 329 330 328 329 333 329 327 325 331 336 330 325 331 335 341 345 350 347
112 115 116 119 122 125 320 358 324 355 350 348 346 347 346 351 334 351 330 355 352 335 330 355 354 356 358 320 358 359
139 299 303 297 293 289 290 288 293 289 288 292 291 82 89 82 87 83 291 212 208 248 244 205 249 209 213 209 215 218
184 231 165 164 163 170 235 238 213 217 219 220 282 285 288 83 219 80 77 75 76 77 79 83 288 291 287 288 285 278
300 299 141 211 210 213 217 239 275 279 278 279 282 284 216 281 216 239 272 271 256 267 270 256 270 271 270 266 264 173
59 56 59 57 54 51 50 52 54 53 55 56 57 58 57 60 63 64 68 67 247 253 254 246 209 240 217 218 217 215
194 197 137 210 200 205 244 212 217 222 220 221 160 226 225 228 160 225 223 219 221 223 224 226 232 164 161 163 170 166
113 110 113 116 117 118 115 113 116 117 114 111 110 113 115 113 115 113 114 111 108 109 110 111 109 107 104 105 102 107
126 123 125 313 314 126 316 124 314 126 129 311 127 124 315 318 323 328 333 338 336 331 327 356 351 347 351 345 344 342
118 120 119 122 359 357 353 349 350 345 351 346 343 345 349 351 353 350 346 349 346 343 342 339 341 344 338 339 337 336
186 182 183 232 234 239 242 254 256 271 274 270 235 231 169 231 187 182 181 184 186 228 150 154 156 152 221 220 215 244
165 234 230 231 234 166 233 187 233 187 183 168 179 175 178 182 186 182 185 180 182 186 189 149 144 192 198 200 209 215
198 201 200 210 135 296 292 132 208 206 137 205 204 206 204 203 242 243 246 254 252 251 245 212 214 292 133 296 132 289
31 30 199 202 203 242 246 240 239 271 272 266 270 242 253 257 255 254 267 256 257 202 200 196 237 239 275 280 222 226
168 166 169 232 164 277 224 282 71 74 71 284 220 82 291 296 292 296 301 305 308 140 145 237 228 186 185 186 183 185
254 258 259 270 239 233 167 169 171 235 277 220 215 214 211 293 299 303 305 300 302 299 140 136 137 142 144 295 296 297
296 298 302 303 301 95 94 153 152 229 227 151 94 90 92 301 143 308 307 303 306 308 310 313 314 320 315 127 130 133
137 140 142 139 141 206 138 143 138 206 207 141 299 142 138 197 196 199 200 201 202 260 202 201 35 202 201 197 138 141
229 156 226 160 221 152 186 187 186 185 182 185 183 182 179 231 236 221 222 216 212 209 245 241 246 248 212 291 290 293
82 88 82 84 80 77 79 81 79 78 80 81 86 87 84 290 291 294 298 302 147 152 153 90 94 151 150 93 94 100
231 230 228 156 228 227 221 280 220 217 237 234 171 175 179 173 174 173 262 266 269 274 238 258 270 255 270 271 255 267
28 26 27 173 167 173 29 172 30 202 201 206 201 200 201 205 200 198 199 241 210 135 139 140 209 244 247 251 245 247
29 198 196 201 202 35 36 33 34 204 34 36 33 36 35 33 30 262 173 28 173 174 175 28 25 28 174 171 176 177
222 224 226 280 224 161 163 232 165 238 237 234 166 165 238 270 238 243 212 208 211 132 129 136 130 127 319 318 316 124
191 188 149 153 90 93 87 294 211 216 222 155 227 221 215 219 280 225 222 81 78 75 76 73 72 74 72 74 75 73
161 227 233 165 163 170 232 163 164 273 240 273 277 217 241 217 277 279 276 279 280 281 220 236 229 153 90 91 144 145
354 358 359 360 359 123 315 318 316 315 313 314 315 319 318 321 324 325 321 324 322 319 321 324 327 330 325 321 319 317
57 60 58 60 59 58 57 56 55 54 52 55 52 49 50 47 50 52 55 53 54 52 50 49 47 49 50 52 49 51
110 109 107 110 112 113 115 118 117 116 114 116 119 118 121 119 120 117 115 113 114 116 115 116 115 117 116 114 116 113
149 187 182 179 181 179 182 183 185 230 185 187 233 192 145 149 148 214 292 289 132 293 132 289 132 136 133 131 133 208
214 145 140 136 206 211 295 144 299 91 298 88 294 88 85 87 90 81 85 291 85 84 80 83 85 86 85 86 87 90
336 332 329 331 326 324 318 321 322 321 316 127 311 309 302 91 154 152 146 303 147 299 211 143 146 189 190 196 237 240
106 108 105 101 106 107 108 109 110 108 109 112 111 109 112 109 108 111 112 111 112 109 107 104 105 103 105 101 103 98
313 127 311 308 300 309 139 135 207 138 206 200 202 260 266 271 255 253 246 240 277 271 266 272 275 278 281 280 222 82
322 327 323 326 332 333 337 336 341 344 342 341 337 339 336 337 344 338 343 341 339 338 336 334 338 343 340 341 335 338
248 209 140 310 309 300 144 210 245 212 208 205 210 214 216 220 228 221 219 213 243 242 258 238 243 253 255 270 235 277
49 47 49 47 50 49 51 54 51 49 47 49 50 49 48 47 45 42 41 39 36 35 37 36 35 32 33 34 32 198
218 281 285 283 69 70 71 73 74 75 74 76 73 72 74 72 74 75 74 73 71 284 281 222 225 161 225 226 228 221
274 276 273 239 217 216 237 242 277 224 280 276 281 220 82 220 227 152 149 229 185 180 182 187 188 192 237 232 169 164
109 111 108 105 104 103 108 111 109 106 108 103 107 109 112 115 117 116 114 111 110 112 114 111 114 117 115 112 115 113
178 180 183 167 235 273 242 203 201 198 200 207 132 133 207 134 132 296 211 294 292 289 85 82 89 93 92 95 305 303
167 231 235 238 195 234 228 217 240 241 245 254 253 258 270 276 271 276 165 164 162 160 226 161 160 224 277 216 241 209
115 112 110 113 114 117 118 120 124 122 119 116 118 117 120 124 120 117 120 118 115 117 114 112 115 113 116 117 120 117
56 53 51 53 52 50 47 48 46 44 45 47 45 42 40 42 41 39 36 34 37 35 38 35 33 35 37 38 36 34
337 335 343 348 351 346 349 354 358 357 360 359 124 314 319 322 319 323 317 321 319 315 123 120 118 116 113 116 119 118
15 12 14 17 14 15 14 12 13 11 9 8 11 13 16 15 13 15 17 15 12 14 13 11 9 11 13 16 13 12
182 177 174 172 234 167 170 172 28 173 264 263 173 30 199 30 202 197 195 194 190 194 195 193 138 197 199 204 205 245
32 29 28 174 29 27 28 175 173 167 235 172 264 172 29 32 35 37 39 36 33 261 256 270 272 239 244 285 278 243
227 162 225 223 220 218 89 214 241 238 241 245 205 245 206 134 130 132 211 135 131 133 208 249 243 66 63 65 66 247
317 322 318 315 319 316 319 324 326 323 326 325 329 324 318 315 312 125 124 314 320 323 319 322 321 315 313 126 313 316
206 141 194 198 194 142 197 200 207 135 137 209 248 209 140 144 141 196 190 193 194 142 139 138 207 138 135 139 309 307
141 144 147 298 92 90 92 299 146 306 302 303 146 143 301 297 302 146 192 198 197 194 196 201 200 137 135 207 144 147
221 228 234 173 172 264 262 265 170 164 272 239 217 239 278 275 270 259 255 256 271 273 165 235 164 269 264 266 271 269
223 222 90 93 92 89 151 94 100 97 100 105 100 101 97 102 104 108 106 101 100 102 104 108 109 111 113 115 118 120
44 46 45 47 45 48 46 45 42 40 43 40 41 44 45 43 45 46 44 42 40 39 40 42 44 46 48 46 44 45
88 81 82 220 236 239 243 212 285 243 275 274 246 247 252 245 203 245 250 253 242 243 244 240 236 216 277 216 222 280
244 208 211 144 207 144 303 309 308 305 302 309 300 305 304 307 305 301 302 307 303 142 210 212 210 135 134 130 133 207
151 221 217 216 220 224 281 219 240 277 243 274 280 277 271 269 273 235 233 192 148 237 145 142 210 208 248 245 254 259
101 105 107 109 111 108 106 102 106 101 98 96 101 97 100 102 106 104 102 105 102 105 103 99 305 99 97 99 97 99
153 91 146 144 196 202 33 30 195 193 144 150 154 155 153 154 156 226 229 161 227 226 158 157 156 157 227 161 158 157
134 132 296 300 140 209 207 138 207 200 196 199 200 198 261 265 259 256 266 270 242 240 212 218 91 90 221 228 152 221
319 322 323 327 323 326 322 326 330 327 328 352 349 353 357 356 351 346 348 345 351 331 332 338 337 336 330 324 319 323
289 291 87 294 89 84 83 288 292 296 208 213 208 205 204 203 242 240 237 195 234 171 179 180 179 171 175 172 262 264
80 223 224 277 276 279 276 281 278 275 271 275 269 164 168 163 167 163 164 163 164 232 165 238 273 268 274 280 225 280
353 352 335 331 348 346 348 334 328 334 337 340 337 343 345 341 344 337 331 334 331 332 331 348 337 333 331 329 324 319
105 100 95 91 148 237 195 189 192 144 149 145 214 213 240 244 245 213 216 219 218 215 216 214 218 214 89 88 294 300
125 122 121 118 117 118 116 113 111 109 108 109 106 104 99 95 301 309 143 210 200 241 203 201 32 199 196 234 239 245
65 64 68 247 249 243 247 65 247 66 67 283 72 75 76 73 74 77 79 82 85 87 89 151 147 91 214 217 233 232
157 156 153 154 156 227 151 150 145 196 238 213 212 215 291 84 294 293 292 295 290 85 290 289 294 298 295 301 143 301
35 37 40 43 40 42 41 38 39 38 35 202 205 202 203 204 201 203 205 203 200 207 141 208 140 137 141 138 139 142
104 98 100 95 150 148 142 189 149 146 188 186 187 233 217 239 273 271 270 275 277 216 211 207 208 245 212 243 238 199
352 349 344 345 347 349 352 327 356 353 348 337 333 336 339 344 343 346 350 352 349 348 345 341 337 335 337 339 333 338
175 28 195 191 189 188 185 186 230 166 162 232 228 159 161 233 232 226 162 227 152 221 281 219 284 280 274 278 216 212
272 273 243 238 172 29 261 257 203 245 243 277 279 280 224 220 284 70 67 66 68 247 286 67 65 67 284 282 219 284
270 275 272 274 239 243 238 233 161 225 227 158 161 232 230 231 232 228 154 95 301 300 303 304 143 142 303 298 89 83
202 198 200 209 206 140 141 136 137 130 139 299 304 307 304 307 309 310 308 139 141 196 198 32 35 38 41 44 45 44
278 285 212 213 243 248 285 215 209 210 296 299 89 86 89 295 214 244 216 212 216 82 223 279 278 283 280 276 280 274
90 81 80 87 89 151 146 141 147 148 189 142 197 202 203 241 216 287 292 296 293 294 297 132 289 132 300 297 299 305
238 241 242 277 243 244 214 244 214 209 211 212 215 220 236 164 276 274 269 274 272 273 278 239 217 223 226 280 281 216
341 343 339 336 335 343 341 344 334 333 337 331 352 331 328 356 359 324 318 320 319 314 315 317 321 325 320 319 318 320
18 19 20 22 20 17 20 18 19 16 19 20 19 17 20 18 17 16 15 18 19 22 25 24 23 24 25 28 31 34
20 21 20 19 20 17 18 15 13 10 8 10 13 15 16 18 15 18 20 21 23 20 21 23 26 175 172 166 163 231
342 337 341 335 352 351 350 351 353 357 324 328 322 326 325 321 323 327 325 331 348 345 344 334 344 343 341 339 338 333
268 259 270 274 239 274 276 271 267 273 275 283 275 239 275 239 240 236 273 269 273 236 217 213 218 148 143 148 151 89
339 340 344 343 348 346 350 353 350 345 350 352 348 344 346 349 354 353 354 349 353 354 353 354 350 349 353 350 349 344
199 196 144 91 302 301 295 91 144 138 135 140 296 131 297 131 130 128 125 126 312 129 130 127 125 313 316 320 324 328
145 196 197 199 258 266 264 263 260 262 257 260 33 202 196 144 295 215 240 244 249 244 242 270 274 240 243 246 253 242
41 39 38 37 39 38 40 37 34 202 205 137 207 137 207 136 132 208 249 253 252 253 249 209 208 136 139 143 304 307
253 251 247 245 249 208 137 206 141 193 198 194 192 197 138 137 210 209 140 310 307 302 296 302 95 302 308 304 143 303
169 165 235 270 275 279 276 277 164 276 239 270 242 243 212 245 244 241 214 213 211 206 209 205 241 200 201 35 32 34
261 265 259 260 266 270 235 240 244 209 245 239 235 237 233 229 186 152 91 88 294 132 292 295 215 220 216 213 207 200
25 26 25 27 24 26 178 174 263 29 198 201 203 201 196 241 212 213 242 254 246 248 67 65 66 64 69 284 281 223
200 198 202 260 34 257 259 255 274 239 276 283 70 283 280 282 277 271 266 272 239 274 277 280 275 280 283 286 248 286
142 193 191 197 145 146 147 298 89 87 294 86 81 78 80 222 280 226 162 165 276 164 166 231 166 230 233 235 233 167
213 207 209 200 203 205 244 212 210 245 244 247 65 250 248 212 210 135 211 208 132 207 133 293 289 287 83 284 72 284
220 226 160 157 158 157 158 156 152 156 151 93 94 151 156 228 237 145 142 210 135 129 130 139 140 308 311 130 136 207
62 65 247 244 240 244 249 205 197 202 201 199 198 28 195 190 191 145 141 207 132 134 135 132 289 293 295 132 300 303
250 253 247 287 288 285 282 276 281 217 236 233 234 235 170 167 173 30 198 197 193 196 144 196 202 30 173 234 167 171
264 260 261 172 28 25 26 182 180 182 183 179 184 229 231 166 167 172 265 266 255 258 267 258 260 261 199 201 35 32
6 7 6 7 8 6 5 6 7 10 13 12 15 13 10 8 6 8 11 8 11 12 10 11 9 8 10 9 7 8
67 248 251 245 210 209 249 209 200 199 258 255 253 255 267 258 261 33 34 261 33 36 39 41 38 36 34 201 34 261
85 293 85 84 79 83 219 224 225 158 156 229 151 91 150 153 152 229 183 187 233 237 238 199 238 237 217 213 237 165
60 57 60 59 61 64 66 64 61 64 66 246 252 249 250 246 248 245 252 65 62 63 60 58 61 58 57 54 56 57
86 84 81 90 298 143 145 210 145 237 238 235 237 238 241 203 200 202 33 31 29 26 175 177 181 178 175 26 182 181
308 306 143 300 139 141 299 147 90 152 155 221 223 224 161 232 162 161 226 223 226 280 282 285 284 286 247 249 253 249
328 355 358 357 353 349 344 345 341 335 329 330 325 321 324 327 325 319 325 326 324 359 356 352 355 351 356 351 350 346
87 90 148 218 81 79 76 79 76 78 79 84 81 82 291 293 131 134 137 136 137 134 135 134 206 135 129 132 293 299
287 292 296 292 290 289 132 208 249 250 252 253 249 205 208 292 295 298 147 92 147 95 100 98 150 90 152 149 187 152
5 6 4 1 2 5 7 5 8 5 3 2 3 0 2 5 8 7 8 7 10 13 16 13 16 18 15 17 15 14
2 3 6 7 9 8 6 5 8 7 5 3 5 2 5 8 9 7 6 8 6 5 3 6 9 10 13 14 17 19
225 219 281 222 218 212 292 83 291 286 67 69 68 247 244 245 247 252 246 248 212 207 144 210 140 310 308 309 304 143
13 10 9 12 11 13 14 17 15 16 13 11 10 8 11 9 8 9 10 8 5 7 5 6 3 5 2 1 2 4
230 184 187 230 185 229 187 192 233 165 228 186 185 231 182 230 187 149 143 193 194 27 195 189 191 145 195 192 234 195
325 323 327 325 327 323 318 316 315 124 314 312 314 320 315 323 326 322 320 314 317 323 321 326 331 329 326 325 329 335
323 326 329 323 325 329 324 329 334 351 349 351 347 345 347 350 349 347 349 351 354 352 353 352 350 355 350 355 358 354
55 54 56 57 59 56 57 54 51 50 51 52 55 56 57 59 56 57 55 57 59 61 60 58 60 62 64 61 58 59
107 108 111 108 110 112 115 118 115 117 120 123 126 316 321 315 126 314 312 130 311 127 124 123 360 122 360 359 125 127
349 346 348 335 348 344 338 342 340 336 333 328 327 355 324 357 359 324 330 351 345 341 339 334 352 335 337 342 341 344
50 52 49 50 48 46 48 49 51 52 51 54 53 52 51 50 47 48 46 45 47 46 44 43 42 41 44 43 42 45
262 263 172 173 176 173 174 177 178 174 263 31 261 29 172 167 168 170 165 163 231 185 184 182 231 179 175 177 174 176
36 34 202 204 203 202 201 202 205 199 204 205 249 247 249 208 248 251 249 248 66 67 246 240 244 241 196 210 245 203
179 177 178 179 180 179 231 183 181 179 171 173 172 170 167 235 241 245 254 253 257 259 263 174 262 257 260 257 202 203
75 74 71 283 71 69 283 70 72 70 69 283 71 70 284 286 285 282 278 285 278 243 245 244 247 243 209 240 209 208
133 293 131 133 131 135 129 134 129 310 313 314 317 315 123 124 121 118 121 122 123 124 359 125 315 320 360 358 320 323
205 207 133 296 210 213 242 255 258 253 258 203 34 32 34 204 205 200 195 237 192 198 29 172 30 261 262 264 173 170
154 95 301 297 299 146 299 300 301 95 305 96 97 98 103 102 107 110 109 108 107 102 107 106 102 104 100 103 99 305
45 46 44 43 41 38 40 39 42 41 38 37 40 41 44 41 43 40 42 39 41 43 42 43 44 46 44 46 45 42
358 359 125 123 124 122 125 312 130 312 313 128 311 130 127 130 128 310 130 300 302 299 214 219 82 87 291 290 296 208
242 244 245 206 138 144 148 228 155 160 159 158 156 160 158 157 227 226 224 161 225 222 220 227 151 147 214 216 213 211
183 182 178 179 183 180 178 179 180 183 230 186 149 146 302 93 94 153 228 165 163 164 169 163 169 171 265 171 166 168
108 104 100 102 101 97 99 94 90 153 229 152 151 91 302 147 299 140 206 207 206 245 213 242 239 245 206 134 135 130
148 218 222 223 281 278 283 66 65 68 64 61 62 64 63 60 59 56 55 58 61 62 60 61 64 63 66 63 60 59
61 64 68 71 283 70 71 72 282 279 274 273 272 270 266 271 272 164 168 231 235 270 269 255 269 259 254 253 252 246
47 50 48 45 47 50 49 47 48 49 48 49 48 47 48 47 49 52 50 49 50 51 50 49 50 51 53 55 53 54
276 271 273 277 280 223 284 281 278 284 280 277 281 282 224 277 240 220 219 215 217 82 81 79 76 74 72 70 284 279
97 94 93 302 304 310 129 313 311 310 300 297 299 297 298 295 291 82 221 281 217 215 217 223 222 226 225 227 162 165
281 279 281 220 215 211 216 215 287 291 295 293 292 291 212 244 245 209 140 308 309 128 309 310 138 206 140 135 206 245
48 45 48 46 45 48 49 52 50 51 54 51 50 51 49 47 46 47 48 49 50 51 49 47 46 48 49 52 55 58
128 309 305 303 308 139 142 144 141 144 150 90 152 230 186 185 231 187 185 186 153 156 227 226 221 224 220 236 217 82
207 206 208 292 214 211 293 288 292 212 213 244 241 211 209 246 250 252 253 251 246 252 251 245 240 215 218 82 219 215
233 165 163 168 165 171 262 260 267 265 266 270 269 267 266 268 272 273 239 276 278 277 276 279 281 218 223 284 281 277
210 144 211 296 143 306 143 303 306 146 150 92 91 96 101 106 108 105 106 105 103 98 93 89 83 291 296 300 132 131
68 64 66 243 274 239 216 82 217 239 213 210 144 149 228 225 226 155 229 165 169 172 170 169 172 173 172 174 176 178
155 221 218 147 92 91 149 229 152 221 151 227 221 219 284 71 70 67 284 83 292 297 131 297 299 141 206 211 294 298
147 90 221 217 237 241 209 243 249 252 249 248 212 247 287 288 85 83 215 244 247 249 248 209 244 216 222 226 221 217
