451 337 341 422 421 453 454 480 455 694 700 703 567 704 672 673 656 569 657 672 673 672 700 701 333 332 701 485 701 484
454 426 360 363 367 667 665 571 569 634 578 678 659 633 581 584 579 581 582 585 582 553 499 493 498 497 495 550 582 577
147 148 151 132 444 154 152 409 153 406 146 408 1081 1083 1206 1207 1222 1227 1176 1227 1232 1228 1103 1225 1207 1203 1108 1110 1170 1124
155 443 419 448 420 419 395 392 379 378 375 377 378 375 377 376 378 392 393 355 357 396 401 435 436 428 431 427 423 422
1110 1132 1129 1127 1124 1170 1121 1123 1131 1130 1170 1168 1171 1179 1177 1174 1170 1123 1121 1168 1121 1166 1168 1199 1108 1231 1203 1108 1176 1231
772 768 742 430 743 436 360 400 1084 400 405 399 439 155 131 152 405 143 140 141 144 140 143 139 140 139 137 411 153 134
1084 1082 1077 1078 148 406 403 438 400 383 385 383 397 401 402 403 408 404 403 399 405 145 402 145 142 137 135 129 150 151
752 151 409 144 390 392 355 420 345 348 416 356 357 397 358 423 453 459 460 466 767 766 772 771 766 1049 765 438 437 768
586 585 581 580 581 579 583 577 581 586 585 587 585 550 548 495 492 521 723 717 723 725 724 727 730 735 738 741 743 746
667 664 669 664 670 647 643 642 619 639 635 633 583 586 588 631 623 643 632 643 623 619 622 583 631 654 653 652 656 629
428 425 738 741 771 770 1050 1047 1052 1054 745 746 744 743 438 434 742 428 436 437 433 742 431 744 743 428 425 456 739 736
1053 1151 1053 1054 761 766 764 442 403 407 149 152 148 755 758 161 164 166 168 169 173 187 191 185 182 183 185 191 187 189
464 468 467 475 467 474 468 470 467 283 474 451 474 470 282 473 470 767 766 763 766 762 764 438 434 430 428 429 435 427
11 12 13 11 12 14 17 14 15 14 12 15 12 16 18 15 13 12 11 9 15 13 10 12 11 16 13 14 10 7
14 13 15 9 7 9 12 16 20 17 18 17 16 11 16 12 10 14 10 7 6 3 0 1 2 0 2 5 8 10
466 283 472 470 441 435 744 749 750 752 1077 1079 1091 1078 1212 1079 751 1061 1088 1085 1090 1137 1141 1089 1144 1145 1155 1153 1147 1148
1040 1047 771 1047 1051 1052 1046 1050 1051 1047 1041 1038 1042 1037 1041 1042 778 773 769 742 435 432 399 397 402 413 143 405 152 153
912 909 912 876 877 875 971 968 973 976 901 904 899 905 978 855 967 855 970 973 971 908 968 966 962 963 939 916 859 860
302 347 304 302 305 346 305 309 305 306 309 310 308 307 310 340 338 342 375 377 369 368 369 373 367 1241 363 362 384 398
140 146 149 1082 1085 1205 1090 1092 1097 1102 1221 1226 1227 1206 1222 1228 1176 1107 1104 1226 1211 1208 1206 1203 384 1200 1204 1199 1198 1112
204 203 206 208 211 209 212 213 214 213 215 217 219 220 222 225 223 222 224 226 228 229 230 228 229 230 232 234 235 234
195 184 195 184 182 183 187 192 195 197 200 202 204 206 204 205 204 201 199 198 194 196 194 196 198 201 200 199 198 200
215 216 215 212 210 209 207 205 204 202 199 197 196 199 198 197 198 197 198 197 195 184 186 187 191 190 188 191 186 191
1 2 1 4 3 1 2 4 3 0 1 0 3 6 7 4 3 6 8 6 9 11 12 11 9 10 15 12 13 16
226 227 226 224 223 225 223 224 222 224 225 226 224 226 224 226 225 223 221 223 224 223 220 221 222 224 225 223 224 225
291 316 310 339 343 318 344 322 343 303 318 339 337 452 327 283 467 282 280 279 281 472 448 470 158 442 470 447 445 447
318 340 310 307 305 306 339 314 315 312 309 312 318 295 296 298 300 298 322 321 323 324 325 326 451 424 427 435 433 741
931 934 840 839 858 838 837 838 861 862 871 856 872 918 919 861 864 862 860 872 918 870 858 936 939 958 942 958 962 958
443 444 443 157 468 767 771 768 763 1045 1041 1042 1040 1037 1040 1045 1043 782 788 1036 786 792 796 794 793 1029 1031 1037 1036 1033
1128 1129 1132 1136 1134 1165 1163 1113 1137 1164 1160 1162 1163 1117 1115 1202 1199 1237 1233 1176 1227 1228 1233 1230 1227 1223 1225 1224 1219 1224
956 959 939 937 936 873 875 874 845 847 925 924 923 845 844 930 841 858 874 855 851 849 850 852 906 907 971 968 906 855
755 753 755 754 752 759 131 129 135 125 126 127 135 132 135 130 127 410 152 133 414 412 391 392 381 382 386 388 1244 1241
228 230 231 229 228 230 228 230 232 231 232 233 234 233 234 233 234 237 236 238 240 237 238 235 238 239 240 238 240 242
94 97 96 123 121 120 117 103 113 115 105 110 105 108 107 108 111 109 106 112 107 104 106 112 115 105 103 105 109 110
192 191 187 188 1068 1071 1066 1061 1062 1065 1069 1067 1071 1067 1058 751 1058 1063 1147 1150 1145 1142 1136 1139 1135 1130 1134 1133 1131 1125
450 357 418 447 449 327 330 425 330 460 459 477 474 477 476 479 481 455 458 455 735 694 456 453 422 453 478 475 474 281
160 154 442 406 412 395 394 418 415 348 417 348 345 343 338 335 336 334 482 485 703 485 712 709 706 673 709 712 709 707
492 521 721 524 720 540 538 532 536 537 539 542 719 548 719 552 719 552 719 718 723 721 528 525 523 526 523 722 524 521
1148 1146 1160 1163 1166 1116 1202 1232 1238 386 381 389 380 381 396 362 381 369 366 668 671 651 649 650 644 650 647 644 640 1194
1168 1199 1229 1227 1222 1207 1230 1229 1199 1203 1206 1204 1198 1237 1197 637 643 640 636 575 659 657 567 560 500 491 500 498 492 503
21 17 19 16 18 17 20 21 31 22 19 21 16 9 8 9 8 5 6 5 2 5 6 8 10 16 9 10 15 12
321 418 448 355 345 340 327 320 325 318 327 475 283 464 476 288 477 479 331 329 314 340 342 339 343 304 339 335 337 342
577 576 574 576 637 1195 1196 1181 1184 1186 1189 1168 1120 1119 1120 1122 1110 1133 1132 1131 1122 1113 1165 1163 1162 1138 1137 1140 1136 1142
715 488 486 488 508 487 508 510 733 697 734 694 693 696 677 716 491 498 492 500 502 493 554 553 555 554 551 555 497 496
403 399 403 400 358 359 420 448 327 316 327 475 478 287 477 478 331 336 331 453 328 330 453 329 332 454 736 458 737 694
967 855 844 924 844 841 860 936 859 839 835 836 835 987 988 984 998 992 991 993 997 994 999 994 989 988 984 986 981 984
355 394 346 341 337 331 477 314 477 460 477 284 473 470 447 417 419 326 450 326 328 452 340 420 448 449 467 472 464 460
992 991 994 823 821 823 826 827 821 823 828 824 994 827 822 828 827 822 827 825 827 823 819 818 1004 813 812 810 896 810
801 807 803 1013 1010 1011 1013 1011 1014 1017 1015 804 1016 1018 1016 1014 896 1011 1008 1014 1011 1006 1009 1006 1011 897 1006 1009 810 816
460 282 470 449 321 418 417 415 355 413 417 415 412 406 145 409 146 408 411 153 132 133 411 413 415 414 409 150 127 146
131 134 131 758 131 154 155 131 155 470 443 402 358 355 345 417 351 353 346 304 305 307 305 343 346 305 307 308 311 288
815 817 818 823 827 832 836 834 832 829 920 923 918 860 935 859 936 935 938 937 940 873 915 943 945 946 950 952 946 943
347 324 321 341 321 344 354 412 356 393 416 354 353 394 357 345 351 347 353 394 389 394 418 448 419 440 444 446 447 324
799 1022 807 798 795 792 786 791 793 795 797 799 800 804 807 808 1030 1028 1027 1023 1027 798 1027 1028 795 796 792 788 792 1030
548 551 549 580 574 661 570 675 569 670 651 653 567 674 566 564 561 568 650 672 568 676 713 675 676 568 703 699 694 699
637 1194 1117 1198 1197 1116 1199 1204 1084 1082 1084 1087 1076 1216 1219 1222 1220 1218 1216 1214 1079 1075 1076 1215 1217 1213 1216 1079 1082 1085
646 643 639 1194 1196 1195 637 1190 1118 1168 1172 1179 1174 1187 1186 1189 1118 1191 1185 1190 1191 1193 640 645 646 634 639 634 571 678
293 297 300 297 301 302 350 348 347 344 324 319 292 291 312 309 312 316 320 474 460 328 331 480 455 425 740 738 456 332
93 96 93 91 87 84 83 85 83 84 87 89 88 85 82 81 79 82 79 76 74 73 78 76 71 67 70 76 70 65
489 486 701 665 699 570 674 566 656 655 569 571 568 655 595 590 592 593 596 628 632 624 626 632 660 634 639 1195 1188 1168
758 130 133 136 125 122 132 131 135 130 122 99 119 118 100 119 99 117 116 100 102 104 113 105 114 112 113 106 107 106
528 533 528 531 533 535 531 526 522 528 532 531 535 534 533 531 527 532 539 532 529 537 532 529 527 525 528 721 528 530
696 697 691 688 690 679 681 684 688 684 683 573 684 681 572 581 578 580 546 581 586 588 589 627 596 592 593 595 655 590
1182 1180 1179 1182 1192 1198 1199 1204 1200 1198 1196 640 645 602 597 598 594 591 595 655 590 589 630 629 624 625 619 625 583 633
558 560 567 561 566 557 559 562 559 562 558 562 558 564 673 566 568 714 487 700 486 674 568 703 713 672 702 665 671 705
1150 1063 1069 1062 1061 747 1066 1067 1068 1058 1067 1058 1061 1064 1147 1060 1150 1149 1056 1060 1064 1088 1061 1076 1078 1215 149 407 403 443
453 456 462 772 461 459 463 474 468 283 467 326 323 318 341 339 336 332 452 330 332 334 335 454 459 463 460 463 462 283
1165 1113 1122 1188 1122 1188 1187 1189 1187 1189 1187 1186 1182 1181 1175 1105 1107 1098 1140 1139 1138 1133 1131 1110 1133 1134 1165 1169 1123 1122
1029 792 1028 1025 1026 797 800 1022 797 1026 1032 1031 1026 1028 1030 811 806 807 804 1013 1015 1018 803 799 797 1022 804 801 802 805
58 56 53 59 58 55 57 61 60 58 64 68 70 71 74 72 76 70 66 68 72 73 70 76 77 75 76 70 65 62
944 945 948 945 950 954 945 956 942 954 946 952 949 953 956 946 943 957 942 939 957 942 946 949 953 955 946 942 939 935
1046 762 750 1058 1056 1151 1058 754 1058 747 1061 1057 1059 1058 1071 755 149 755 1078 1080 1212 1216 1094 1209 1214 1213 1214 1218 1216 1094
599 597 602 603 604 601 606 607 604 608 603 620 625 620 615 612 607 612 609 606 609 1240 386 1240 1245 1244 1245 1241 1238 1239
1031 1030 1029 1025 795 1025 798 1019 1012 805 806 1012 805 803 1019 1021 1026 796 797 800 797 798 795 796 794 791 785 1038 1034 1038
1202 1207 1222 1206 1228 1202 1207 1204 1209 1205 1111 1107 1172 1199 1203 1206 1204 1202 1200 1229 1226 1223 1226 1207 1204 1203 1197 636 660 578
855 968 974 905 970 971 908 878 908 854 971 906 909 906 853 848 919 870 872 875 907 904 852 845 856 857 967 961 913 961
878 915 943 947 951 945 939 959 957 961 956 942 941 940 871 860 861 871 861 872 875 906 855 872 936 960 942 939 944 947
196 199 198 201 202 205 208 206 203 201 203 200 197 199 196 198 196 197 196 199 196 198 195 197 195 197 194 198 200 198
929 928 837 836 837 832 827 826 828 833 988 984 985 987 832 834 837 829 836 832 831 833 988 990 987 832 837 840 934 959
1158 1163 1160 1148 1060 1064 1061 1063 1062 1071 1070 1062 1077 1082 1085 1084 1085 1087 1076 1065 1060 1153 1147 1151 1063 1060 1056 1059 1062 1056
1005 814 810 1011 897 810 816 814 813 818 901 1009 1005 813 1001 1003 1002 1000 820 815 810 813 817 1000 997 823 818 819 821 815
1099 1106 1126 1173 1175 1184 1170 1166 1115 1202 1113 1165 1112 1117 1168 1120 1188 1191 1195 1172 1110 1129 1103 1107 1105 1225 1104 1108 1099 1225
338 334 454 697 731 734 733 506 490 717 720 540 542 719 718 677 569 699 333 332 333 699 697 665 669 666 662 667 359 423
784 783 780 786 787 788 789 793 796 794 792 1036 1031 1027 1031 1034 1028 1033 792 797 1026 799 1022 799 1025 1021 799 1019 1015 1014
848 846 848 924 920 870 873 855 853 905 845 928 855 968 967 965 963 960 957 942 939 956 957 939 944 947 952 954 945 940
1075 1067 755 1081 1083 1079 148 755 759 763 761 752 1080 1208 1222 1221 1219 1224 1210 1218 1221 1212 1091 1094 1221 1212 1208 1212 1209 1212
1104 1226 1209 1083 1209 1205 1200 1229 1225 1205 1111 1106 1170 1123 1131 1110 1168 1109 1176 1107 1109 1106 1107 1110 1122 1110 1106 1129 1133 1102
1144 1148 1155 1153 1147 1149 1147 1142 1137 1161 1158 1155 1146 1155 1148 1150 1146 1151 1149 1148 1156 1159 1158 1146 1147 1153 1053 1151 1059 1060
1176 1234 1238 1199 1232 1228 1221 1214 1219 1223 1224 1104 1100 1224 1105 1175 1180 1174 1176 1105 1104 1177 1179 1171 1109 1112 1110 1173 1108 1231
387 386 387 383 402 405 146 408 404 400 403 407 147 1082 1211 1206 1205 1090 1099 1096 1099 1093 1097 1094 1079 1215 1075 1081 1088 1087
918 868 862 865 862 867 921 922 921 920 869 918 916 871 856 857 966 960 966 970 965 961 914 956 914 917 870 921 869 863
1125 1128 1130 1169 1175 1232 1227 1228 1210 1211 1083 1085 1088 1079 1082 1078 1066 1068 1073 1068 1066 747 746 1054 1053 1050 770 774 1042 775
1098 1097 1099 1090 1084 1205 1202 1108 1104 1109 1228 1104 1224 1102 1224 1226 1228 1230 1233 1176 1234 1229 1105 1228 1106 1129 1128 1129 1132 1138
292 295 315 319 323 319 322 299 301 299 301 298 296 298 301 305 307 306 342 338 341 422 450 448 419 357 420 357 450 321
79 81 80 81 82 81 83 85 82 79 78 76 78 73 74 70 68 71 73 72 71 66 60 57 59 53 59 58 56 62
1190 1187 1186 1189 1186 1184 1175 1173 1179 1183 1180 1181 617 1181 1180 1174 1170 1127 1125 1170 1109 1104 1224 1221 1228 1109 1166 1114 1089 1092
375 378 349 343 338 340 315 320 474 475 325 473 463 469 463 467 471 469 468 283 328 330 331 477 286 475 283 467 464 463
835 829 837 829 828 829 836 831 987 982 985 984 992 990 991 984 998 999 1003 1005 817 1003 1004 820 993 824 989 992 984 987
30 32 19 18 20 31 33 36 37 40 45 42 41 45 41 42 40 37 36 35 33 20 18 15 16 11 14 15 12 14
127 153 130 151 132 155 469 772 469 464 465 471 445 154 151 753 764 762 1050 1049 1051 1045 1044 1041 1040 1043 1038 1040 1034 1028
754 755 149 752 148 410 142 143 141 143 140 137 138 141 139 411 137 140 142 409 411 414 411 137 136 132 131 150 147 149
603 624 631 568 631 656 652 649 645 642 606 602 607 645 602 604 599 597 600 602 597 598 597 595 628 629 591 588 586 626
275 278 279 277 276 275 273 271 273 276 279 282 470 441 767 772 466 283 464 474 465 772 771 743 745 747 1066 1072 756 1073
266 263 260 257 260 263 259 254 255 253 256 258 256 255 257 256 261 260 257 261 263 267 264 258 259 260 258 263 266 267
344 324 325 472 282 460 475 326 328 459 463 328 476 451 330 458 460 462 466 471 282 280 278 280 467 474 477 328 474 285
541 538 541 543 541 540 528 525 523 518 722 521 523 526 522 516 506 511 510 507 489 516 504 513 512 504 507 511 506 510
834 836 832 831 836 833 829 827 821 994 983 825 994 825 826 823 818 1001 814 809 806 808 805 802 803 1012 1009 1008 812 1008
1049 1046 1045 1048 1044 1038 1039 785 782 780 778 772 774 776 464 467 470 446 448 472 157 154 445 446 415 412 406 411 152 444
741 434 741 744 768 767 769 437 767 762 1045 763 762 1046 1045 1043 1046 1043 1047 1046 1047 1044 1040 1037 1033 1031 1029 1031 1033 785
664 659 568 672 653 630 628 622 620 603 602 649 644 642 1193 1198 1237 1195 639 1193 635 574 635 638 1192 1189 1168 1113 1164 1165
252 253 118 99 121 123 98 99 97 96 125 135 123 96 124 96 99 100 102 116 104 112 113 105 107 104 106 109 110 112
827 830 833 830 826 829 833 832 829 832 827 823 994 823 820 996 997 1000 995 991 993 997 817 901 896 901 903 900 814 816
83 84 83 80 81 84 81 78 79 76 75 74 69 65 60 65 68 64 66 70 65 60 65 69 73 76 78 75 71 72
919 847 848 846 874 914 874 963 958 963 959 933 936 933 842 840 935 840 932 933 857 841 860 858 934 963 968 908 912 908
1020 892 1024 1020 1026 1024 1027 1021 1022 1025 1023 1014 1013 805 1012 810 813 1007 809 806 810 1014 1013 809 1013 801 1013 1017 1013 1014
1017 1021 1017 1015 1013 804 1016 1020 896 895 894 896 901 1009 1006 1002 1004 1007 813 811 806 812 807 808 812 817 1005 814 820 818
251 250 251 249 252 250 253 250 251 250 248 250 248 250 247 244 243 242 243 244 245 248 250 251 250 247 248 247 249 247
988 991 990 987 828 984 982 998 983 824 983 984 983 834 927 842 840 931 928 930 842 857 842 933 932 935 937 940 942 954
9 15 12 16 17 21 18 22 23 30 29 28 26 27 28 29 21 17 21 18 20 33 21 32 34 35 37 36 37 40
688 690 730 734 732 730 732 510 732 510 506 488 675 658 630 646 658 659 569 671 670 648 643 641 644 647 634 647 634 658
651 671 672 673 566 675 488 487 715 713 703 706 704 706 334 698 694 738 459 463 281 280 278 277 279 280 468 472 282 463
735 733 730 727 726 730 691 695 696 680 718 493 524 722 490 716 679 691 732 696 692 732 692 690 684 573 663 361 362 366
968 854 875 853 899 905 908 875 876 913 956 945 941 937 943 945 956 959 961 956 913 878 875 872 858 844 855 970 969 972
423 359 400 436 429 434 745 1057 1051 1056 1055 1058 1071 754 1072 1066 1077 1065 1069 1067 751 752 754 1078 754 755 752 749 750 1077
506 514 511 505 502 520 522 517 519 521 503 523 525 523 503 520 516 490 491 715 713 710 704 708 484 487 714 674 568 557
1229 1108 1110 1170 1173 1232 1229 1223 1227 1221 1214 1211 1226 1230 1229 1200 1238 1241 386 382 369 367 364 366 371 377 394 389 391 412
467 280 278 275 276 273 276 275 272 273 275 276 278 277 280 281 468 776 773 777 775 465 772 768 437 744 743 740 741 434
592 591 654 631 633 582 659 634 570 679 717 491 502 498 500 501 498 494 550 554 557 556 717 490 722 724 726 728 723 720
397 368 370 369 396 395 379 390 392 378 372 371 370 1243 1241 1242 641 620 624 627 654 590 589 592 593 629 589 656 629 626
836 839 841 840 841 934 963 968 856 843 855 907 906 905 974 975 973 974 972 970 975 904 901 817 1003 998 993 998 823 828
470 158 764 759 753 762 753 754 1073 752 753 758 130 756 755 753 750 1081 1088 1081 755 752 753 747 750 745 434 428 738 741
326 466 468 471 156 472 281 473 325 317 326 448 449 474 281 284 460 477 317 329 331 334 331 453 424 360 398 399 401 384
1107 1225 1219 1225 1208 1225 1227 1206 1222 1218 1214 1209 1079 1082 1083 748 1080 1084 1208 1082 1077 1066 1079 1088 1092 1076 1091 1077 1082 408
631 590 561 558 560 566 569 634 637 1190 637 576 637 1192 1195 1118 1120 1119 1190 1191 619 1192 1195 1199 1204 1205 1086 1085 1083 1206
831 989 992 998 823 826 827 830 829 823 817 818 900 903 902 898 1005 1003 1000 996 992 989 983 982 979 903 853 902 905 975
863 860 861 918 868 865 869 860 841 840 839 841 933 934 932 935 932 966 961 965 962 960 943 947 948 953 946 945 939 940
1225 1226 1222 1208 1202 1207 1201 1198 1192 1188 1122 1170 1126 1106 1177 1180 1184 1185 1192 1197 1237 1193 1198 1115 1164 1163 1164 1119 1122 1134
95 123 96 125 131 153 152 153 130 136 139 411 409 146 411 137 409 131 154 159 160 159 157 442 437 741 427 432 399 404
379 392 395 389 380 393 352 416 448 443 447 418 419 345 417 447 416 412 146 149 408 153 132 122 123 120 124 97 124 135
740 429 435 430 743 1050 766 774 771 772 768 771 1048 1047 1038 1047 1043 781 783 782 780 781 787 784 788 786 788 787 785 780
208 211 209 208 206 208 207 209 208 207 208 211 214 212 211 213 211 214 211 214 212 214 213 215 216 214 210 212 213 214
436 429 435 742 739 461 459 460 456 424 436 743 430 431 744 770 767 468 472 467 469 467 284 281 464 280 278 281 472 464
1186 1183 1181 1178 1180 1184 1179 1173 1109 1199 1233 1239 1234 1237 1195 1181 1183 1188 1170 1167 1190 1195 1117 1164 1116 1119 1122 1188 1185 1184
501 493 495 556 491 718 552 499 553 499 560 557 588 626 628 593 591 592 590 557 553 494 493 520 522 517 518 503 517 515
1142 1148 1152 1147 1063 1062 1073 1066 1067 1060 1065 1068 1065 1060 1153 1148 1150 1056 1059 1055 1151 1055 1057 1151 1060 1061 747 1087 1092 1076
804 807 1013 802 806 1014 1018 1016 1019 894 893 890 892 891 889 890 891 893 890 889 890 892 894 897 1014 806 811 816 1001 824
869 920 918 870 857 860 859 861 862 868 835 836 987 828 837 835 868 918 872 875 963 936 859 841 856 963 857 931 842 933
259 261 262 261 255 252 253 255 258 254 255 252 251 250 253 251 254 257 254 253 250 251 253 254 256 257 262 258 262 260
759 761 749 745 1053 1154 1151 1148 1157 1148 1149 1152 1147 1143 1144 1139 1133 1098 1136 1139 1140 1137 1113 1164 1137 1139 1140 1096 1092 1095
959 934 959 935 960 965 962 960 963 962 961 913 876 908 878 914 961 963 961 964 875 971 978 903 853 906 853 899 896 1011
987 837 833 828 921 920 924 927 979 982 983 989 995 996 998 817 1002 999 994 821 817 818 813 1007 1004 814 901 896 1020 1024
7 8 7 10 11 15 18 19 22 20 30 29 32 33 20 18 22 30 27 23 26 28 30 22 32 29 22 25 28 22
1172 1169 1122 1126 1124 1123 1120 1190 1118 1195 639 636 575 580 584 583 633 655 590 596 594 597 601 597 602 603 601 599 601 598
961 967 875 872 861 918 870 917 916 874 963 962 966 963 874 873 967 972 969 967 970 969 967 964 969 974 976 905 906 846
174 175 174 176 178 177 179 181 183 185 184 195 184 183 180 176 173 175 170 168 172 167 164 161 166 170 168 167 168 164
1035 784 789 784 1036 1031 1035 785 1032 1033 789 1032 1036 784 790 792 796 793 787 791 790 785 1038 1042 1047 1049 1054 762 764 749
675 716 717 680 696 731 728 505 516 517 505 515 504 514 504 520 502 499 554 549 678 680 723 726 725 724 721 543 721 525
1044 1039 1042 1048 1051 745 434 429 433 436 428 432 360 433 429 740 739 461 462 465 282 284 460 457 454 455 481 484 508 711
499 552 544 540 528 531 535 536 531 536 538 541 720 541 543 540 538 532 529 526 530 529 530 534 536 539 532 533 528 533
695 731 733 730 726 731 727 733 506 504 501 519 524 522 525 721 543 540 544 720 721 521 722 518 722 728 726 724 517 490
536 534 531 536 537 536 533 532 527 524 722 490 715 713 488 487 715 678 676 717 679 719 716 570 569 677 717 549 543 719
734 735 692 734 737 692 693 729 505 517 723 728 716 490 489 713 703 709 485 509 508 485 710 712 702 697 732 728 734 696
1100 1096 1091 1086 1114 1111 1108 1225 1221 1210 1205 1203 1228 1229 1225 1213 1212 1222 1218 1222 1227 1230 1228 1109 1130 1127 1131 1135 1138 1139
1076 1091 1095 1090 1088 1086 1080 1079 748 753 752 761 762 750 752 746 751 755 758 757 759 752 149 147 143 409 412 411 414 134
34 36 34 32 22 19 31 23 28 30 20 22 24 28 22 20 31 30 22 32 33 32 20 33 36 34 32 19 31 19
267 270 273 272 273 276 277 278 275 277 279 276 273 275 276 277 280 278 281 468 283 280 282 471 464 475 327 324 321 341
491 552 719 723 722 728 733 506 507 486 507 513 510 511 510 507 509 507 513 504 513 518 515 519 517 512 517 514 725 726
4 3 2 5 2 1 2 5 8 10 7 4 6 9 12 11 14 15 14 16 17 15 14 13 10 14 12 15 18 15
327 324 347 322 321 347 322 321 325 472 448 474 327 324 318 324 347 348 351 353 417 449 328 453 328 463 283 286 328 460
150 152 756 128 126 124 125 131 125 126 137 138 128 130 150 153 445 470 440 444 447 470 448 445 153 155 160 159 160 161
417 356 393 379 355 347 355 395 388 383 400 384 386 381 392 379 345 349 345 417 324 322 302 322 298 299 303 318 320 316
1042 1038 1034 1030 1024 894 896 897 1014 895 897 899 905 972 966 963 936 937 941 938 937 860 841 843 842 859 940 942 956 962
359 423 333 331 477 286 288 480 481 485 486 712 487 488 712 702 701 695 737 736 732 697 732 697 332 481 484 483 480 483
672 706 709 484 709 705 708 484 710 711 487 504 502 715 675 658 567 650 658 646 631 623 645 607 603 624 620 618 616 611
685 687 688 682 689 687 683 684 688 683 684 685 687 690 728 722 490 722 723 721 722 717 715 676 703 705 710 708 707 706
682 572 676 490 489 717 719 721 724 726 728 722 723 724 726 729 724 728 690 687 682 684 573 679 718 722 524 721 724 726
1155 1159 1155 1153 1150 1149 1147 1061 1062 1060 1054 1053 1153 1057 745 750 748 1087 1082 1210 1082 1077 1078 1066 1060 1150 1147 1150 1059 1054
152 407 438 437 743 768 770 744 746 743 436 429 430 426 425 427 434 439 436 424 330 424 423 421 424 420 358 396 394 418
368 362 384 397 362 397 366 371 373 372 380 356 381 395 412 137 411 146 139 144 412 145 147 408 405 152 132 136 125 131
683 690 684 691 730 726 723 521 524 527 533 532 533 536 534 537 532 530 528 523 501 556 494 496 494 549 554 585 631 654
415 413 409 147 141 144 138 142 141 142 410 153 152 129 127 408 407 406 408 150 147 151 753 756 755 150 126 123 98 124
796 1025 1023 800 805 810 815 811 809 812 809 1011 896 810 804 1017 1019 1023 1014 1008 814 813 816 820 823 824 827 831 832 827
791 1029 1034 1035 1036 1039 1040 1043 782 785 1039 1044 1047 1050 1051 761 1054 1056 1053 1151 1055 1057 1056 1153 1052 1053 745 749 744 430
236 234 233 232 231 234 236 238 240 242 245 242 240 237 240 238 237 236 237 240 239 241 242 240 241 240 241 242 239 242
74 70 68 62 55 56 53 50 48 46 43 42 41 43 44 41 43 46 44 46 45 40 45 48 44 43 42 46 44 45
316 286 285 286 285 477 286 317 321 318 313 318 302 295 292 316 315 296 302 350 302 318 302 305 309 315 316 320 324 320
1187 1171 1188 1195 1194 1118 1167 1170 1106 1174 1106 1101 1221 1099 1225 1207 1201 1204 1208 1084 1204 384 401 399 402 439 399 401 384 1201
1226 1222 1212 1082 1078 1076 1081 752 748 750 753 764 749 752 1080 1085 746 434 428 738 461 463 284 477 316 310 312 311 291 290
406 411 140 411 138 147 142 137 411 140 146 143 413 402 356 396 356 418 448 321 325 473 466 460 466 767 468 282 468 767
400 404 409 408 147 127 132 133 153 135 128 127 146 144 391 395 390 382 395 381 392 377 372 369 374 378 373 370 373 376
612 614 607 610 615 614 1181 1179 1182 618 615 612 617 612 1180 1178 1181 1171 1175 1234 1236 1237 1235 1233 1231 1233 1238 1197 1202 1199
888 885 889 888 886 884 886 889 887 884 887 889 887 889 891 890 889 885 884 886 889 886 881 880 881 886 885 883 887 885
103 117 119 101 116 102 100 101 103 102 118 101 99 119 116 101 118 99 97 100 120 100 118 116 104 110 113 111 110 109
874 914 961 963 965 960 965 960 935 959 934 938 936 939 935 963 936 860 859 843 931 843 842 841 859 940 939 963 857 843
1149 1155 1145 1139 1137 1089 1114 1198 1117 1120 1122 1130 1129 1102 1098 1100 1094 1089 1138 1139 1137 1132 1137 1114 1090 1091 1088 1091 1080 1084
588 586 584 586 588 631 655 627 599 630 629 592 589 591 628 626 622 583 633 643 644 650 632 625 586 629 624 626 657 569
764 759 155 447 450 475 474 471 468 283 474 471 157 159 155 446 133 444 470 282 473 472 157 159 162 161 164 161 164 170
269 265 262 258 253 258 253 255 252 253 252 250 252 253 250 249 251 253 250 252 255 259 256 253 254 253 258 255 256 254
334 706 712 702 703 714 711 713 508 509 485 713 568 672 671 672 651 650 655 599 597 600 625 630 595 630 590 592 597 594
162 165 166 164 169 171 168 170 164 161 159 162 164 163 161 163 168 170 167 172 174 173 187 186 191 184 181 183 182 179
483 485 711 486 509 508 511 507 504 515 504 515 512 505 732 728 517 724 726 729 724 728 727 730 725 505 510 485 710 711
224 223 222 220 223 224 225 226 228 227 229 227 226 227 226 225 226 225 224 226 227 229 230 228 229 228 226 227 226 225
1065 1059 1068 1063 1069 1063 1150 1063 1058 1071 1062 1070 1069 1062 1060 1061 1073 1074 1065 1061 1077 1064 1060 1144 1088 748 1077 748 747 745
905 904 905 971 908 912 911 910 911 909 910 880 879 883 882 886 887 886 889 888 886 882 881 880 881 883 885 888 889 892
1200 1115 1114 1201 1207 1226 1222 1212 1091 1092 1087 1085 1090 1083 1211 1207 1203 1225 1220 1221 1212 1222 1220 1210 1227 1105 1130 1128 1134 1109
1106 1176 1230 1207 1204 1201 1205 1114 1111 1165 1113 1198 1237 1193 640 1239 1242 643 634 642 620 625 626 627 600 628 595 628 589 588
1013 1019 1020 894 896 895 1014 897 900 902 975 972 973 975 974 975 971 970 971 875 851 876 856 968 876 854 846 855 857 928
120 124 123 99 96 94 92 94 95 92 95 97 99 100 97 95 98 97 123 119 98 99 102 105 107 111 105 111 104 111
1218 1220 1219 1214 1215 1219 1100 1096 1140 1142 1156 1146 1156 1158 1156 1153 1146 1156 1162 1142 1157 1159 1163 1119 1117 1116 1198 1116 1113 1117
994 823 828 994 999 996 1000 995 990 987 986 929 844 929 981 987 834 830 832 989 986 983 833 829 824 825 983 995 1001 1005
1157 1155 1146 1156 1158 1163 1160 1148 1143 1157 1145 1156 1161 1156 1149 1151 1154 1153 1146 1149 1056 1058 1062 1071 1068 1071 1070 188 1068 1067
890 892 1024 892 1020 1013 805 807 1019 1017 804 1016 1014 1013 810 1007 810 1007 810 806 808 1023 895 811 809 1011 1008 897 1014 1019
166 169 171 170 166 167 165 163 165 169 165 167 166 163 161 758 130 134 126 136 135 124 96 95 92 93 90 93 92 95
46 47 48 50 49 50 56 63 62 63 60 62 60 67 63 64 61 58 54 56 52 49 50 53 50 51 48 49 48 47
1175 1171 1199 1116 1202 1232 1233 1238 1237 1192 637 1193 642 1193 639 1237 1233 1230 1228 1231 1203 1108 1110 1113 1115 1197 1201 1199 1203 1205
343 344 345 341 419 448 325 474 467 466 767 437 442 152 127 152 151 406 444 133 127 137 139 138 411 138 136 132 125 133
1245 1244 1243 1245 1243 648 649 643 649 643 638 634 572 676 715 677 718 524 525 521 517 515 505 725 518 522 517 514 506 505
601 596 592 629 657 627 625 619 622 625 626 630 631 589 630 655 630 646 655 591 656 569 661 569 660 634 633 623 632 654
393 394 393 389 388 386 388 381 380 356 419 345 420 327 463 326 325 323 324 447 415 416 447 418 415 353 416 448 450 453
572 679 573 679 678 659 660 570 677 573 682 690 681 687 690 684 687 681 679 723 724 728 726 729 725 514 519 514 506 513
1014 897 895 1023 1014 1008 1009 898 902 975 978 980 928 929 931 844 858 874 967 874 876 873 964 912 876 873 914 943 952 948
1235 1238 1200 1195 1190 1118 1168 1113 1115 1200 1199 1204 1229 1104 1173 1168 1117 1118 1165 1114 1205 1202 1208 1210 1207 1204 1201 1115 1168 1122
33 30 20 30 23 25 27 24 21 17 21 30 24 27 28 27 23 29 32 20 22 24 26 25 22 18 20 17 18 17
1109 1169 1171 1173 1174 1181 1180 1174 1126 1124 1121 1188 1120 1169 1173 1127 1126 1129 1127 1128 1127 1133 1135 1133 1132 1127 1170 1172 1171 1126
23 30 29 24 21 30 21 24 26 25 23 22 32 34 32 22 23 31 33 21 20 30 27 29 22 29 22 27 30 31
1221 1217 1214 1216 1095 1216 1094 1093 1090 1209 1211 1212 1078 754 758 131 409 145 146 151 149 128 150 146 143 409 133 135 122 125
1243 1241 1245 1242 1241 386 388 390 387 396 369 370 366 397 395 381 395 397 365 358 398 365 367 370 1244 381 390 389 395 369
304 345 395 396 387 381 362 361 365 382 380 390 394 372 378 393 380 377 371 379 394 344 346 349 355 346 347 343 341 452
1102 1133 1111 1109 1169 1134 1129 1131 1122 1125 1124 1127 1126 1173 1112 1202 1112 1199 1198 1204 1203 1198 1115 1118 1168 1190 1193 1195 639 1191
3 6 3 6 7 5 4 2 4 7 8 6 5 8 11 12 16 10 13 12 16 18 17 21 19 31 32 33 21 19
496 558 556 494 719 543 721 720 719 544 549 545 542 540 528 523 524 721 492 722 520 718 552 555 496 500 491 524 520 522
498 500 555 551 556 552 553 557 590 566 568 714 675 701 486 506 507 510 506 490 492 498 559 563 562 560 499 493 555 499
662 634 570 573 680 677 573 679 720 719 679 716 678 718 719 492 489 507 508 486 506 486 712 671 673 711 708 704 705 484
935 860 869 920 867 863 864 865 862 868 869 863 868 920 922 925 844 856 876 855 905 899 904 907 971 976 971 855 967 856
114 102 104 113 104 113 103 113 115 118 117 120 97 95 123 119 123 97 123 99 100 97 99 96 120 98 121 124 135 133
123 135 153 154 444 153 411 412 416 448 473 284 285 287 312 479 312 291 311 315 319 299 295 319 299 303 347 303 322 320
306 307 306 310 336 310 308 310 309 311 339 336 314 343 349 346 393 349 344 322 319 317 450 424 423 451 463 468 157 445
282 474 325 473 463 451 337 454 332 455 457 455 697 454 333 698 334 454 701 665 666 667 670 667 423 426 436 440 438 743
1132 1129 1134 1138 1140 1135 1130 1135 1140 1145 1147 1149 1148 1149 1144 1138 1136 1134 1131 1129 1128 1129 1131 1125 1170 1188 1121 1120 1165 1119
271 274 273 270 269 270 272 270 269 268 269 267 266 265 266 264 263 258 261 255 261 260 258 255 261 259 264 263 259 254
197 194 192 183 184 194 192 184 186 187 188 189 187 188 191 190 191 189 192 195 196 193 196 193 191 186 188 186 184 181
177 179 176 178 175 176 179 182 177 178 183 187 173 169 166 167 170 168 162 168 165 168 171 169 171 172 171 174 175 171
312 479 455 425 426 430 743 740 739 424 329 478 457 460 475 473 284 477 476 461 465 773 778 781 1036 1035 1040 1045 1042 1043
360 398 397 383 402 442 158 159 156 154 444 470 156 444 158 469 440 767 437 434 742 432 434 438 407 406 401 384 382 145
52 50 52 56 52 54 55 63 56 55 54 59 65 67 61 56 55 56 60 62 55 53 50 51 55 53 58 61 57 62
1228 1210 1209 1206 1225 1224 1219 1215 148 147 408 405 144 141 140 146 409 137 411 146 406 403 405 143 409 151 153 134 126 136
936 858 917 874 843 841 856 967 857 842 929 930 841 839 861 864 867 921 870 921 920 871 840 936 841 842 860 863 865 862
298 294 295 316 310 311 288 479 476 285 284 286 289 288 292 291 288 313 331 334 332 698 332 454 330 332 454 479 313 479
557 656 673 568 714 674 570 679 676 491 494 554 499 495 554 555 549 553 717 680 731 696 700 677 676 678 716 502 559 554
156 159 155 443 156 153 135 124 125 124 135 129 150 147 152 155 152 408 402 396 398 382 398 361 663 666 364 369 371 372
158 157 469 768 767 158 159 154 156 157 156 444 447 445 469 445 448 416 446 416 352 354 412 356 398 365 368 373 1244 386
750 1061 750 1077 750 751 752 1077 1087 1084 1082 1211 1216 1075 1066 1068 1074 1061 1059 1053 1058 1151 1055 1050 1051 1052 1053 1059 1151 1055
121 99 102 100 117 101 103 101 115 114 105 108 111 106 111 104 111 105 113 104 110 106 108 111 112 107 108 105 106 113
456 462 740 739 424 428 737 735 737 425 330 456 462 738 741 739 425 330 337 331 477 475 316 317 329 314 337 342 346 344
1167 1118 1191 1188 1171 1174 1184 1172 1195 637 635 659 580 576 574 635 573 635 636 634 635 660 634 647 632 646 645 603 597 594
702 668 671 675 565 564 566 569 570 677 571 676 715 488 676 716 488 505 518 513 505 514 505 517 724 727 726 727 726 728
1086 1088 1061 1073 1079 1075 1074 1061 750 751 746 744 1053 1154 1152 1155 1158 1141 1136 1096 1136 1093 1141 1162 1163 1141 1163 1162 1138 1164
686 684 689 680 727 680 716 492 556 562 559 493 717 680 681 683 687 688 684 688 683 682 684 682 679 682 684 685 688 687
727 724 723 716 723 727 733 730 726 727 728 729 733 512 509 486 702 675 704 671 650 655 646 655 590 557 563 566 561 556
923 920 870 860 918 871 858 932 935 936 858 870 860 935 960 964 915 943 939 935 960 956 953 947 950 948 950 946 954 946
64 65 69 67 71 73 70 65 70 76 73 71 68 62 65 69 68 66 65 67 70 68 66 67 66 64 66 64 65 69
720 723 517 513 515 517 503 523 498 559 502 504 715 716 492 556 501 559 501 498 552 718 521 718 492 717 722 716 570 674
51 59 65 61 68 71 66 67 61 68 70 67 63 55 58 64 58 63 65 61 65 63 56 58 64 61 67 62 63 58
770 767 440 419 416 393 389 379 394 377 375 373 370 367 372 371 368 373 380 372 377 374 369 365 396 390 412 143 409 410
219 217 215 213 210 213 214 210 211 212 210 213 211 213 215 213 210 214 210 213 211 208 205 203 201 199 198 200 202 199
567 560 713 675 673 708 673 566 675 569 677 572 634 644 645 599 600 601 605 603 627 624 623 617 616 607 605 601 605 606
1177 1228 1206 1204 1084 1080 1209 1215 1222 1206 1224 1105 1173 1171 1109 1108 1109 1228 1104 1230 1206 1209 1079 1091 1076 1067 1069 1067 751 1066
973 971 965 966 965 966 969 967 966 972 975 976 901 976 898 899 895 814 817 998 994 991 827 829 827 832 831 836 839 931
285 475 326 324 319 320 316 320 326 466 437 769 465 460 474 472 464 283 285 478 331 482 332 479 477 285 283 476 284 328
362 384 382 390 380 396 392 389 381 366 368 364 667 361 663 361 363 1243 367 644 639 1191 639 638 634 632 578 574 579 638
305 309 310 307 309 308 310 318 327 474 327 316 291 315 295 316 310 311 313 317 314 312 291 287 290 288 315 340 339 343
1066 1075 1080 1085 1208 1203 1232 1237 1195 637 640 1193 640 363 640 1192 1193 1197 1195 1200 1196 1197 636 635 663 361 363 643 623 583
421 399 359 426 429 431 433 399 404 410 151 755 760 755 1067 1060 1151 1061 1073 1068 1066 1073 753 749 761 757 756 130 131 759
1136 1140 1161 1144 1088 1081 753 747 751 1076 1095 1091 1079 1094 1089 1086 747 1086 1088 1141 1162 1160 1142 1145 1155 1154 1155 1153 1060 1145
290 291 294 299 303 322 343 348 352 393 348 349 353 351 345 304 306 304 302 296 301 302 300 298 297 299 319 318 320 316
173 167 170 169 174 171 170 174 177 183 178 183 192 195 198 196 195 193 195 192 193 196 198 196 195 196 198 199 198 200
569 634 661 663 635 573 571 678 659 568 557 556 501 556 495 555 558 588 586 584 554 558 499 553 717 556 554 555 557 657
432 742 743 770 742 432 436 441 767 765 766 770 741 429 430 432 434 746 748 750 1081 1082 1080 748 1080 1066 1071 1072 1074 1077
508 487 711 703 712 710 706 704 712 565 713 488 513 488 508 485 711 487 489 716 715 490 516 517 504 519 517 519 514 506
640 1240 1239 1241 1243 648 643 1193 643 639 1237 1234 611 615 609 606 641 1243 1245 1241 644 643 639 643 1242 366 371 372 370 373
629 593 596 593 598 604 615 604 598 597 628 590 566 675 701 484 712 709 672 567 653 655 628 599 627 591 592 595 600 595
689 680 717 492 555 558 499 560 567 560 555 500 496 494 491 717 723 724 521 522 526 531 533 534 533 535 530 529 534 533
671 672 706 709 484 481 455 458 738 461 738 735 457 454 334 701 714 702 701 695 691 688 682 681 687 685 682 572 571 664
1181 1235 613 1182 1181 613 611 612 611 614 1181 614 1236 1181 1184 1170 1130 1126 1130 1127 1124 1170 1172 1195 1168 1187 1190 1193 1196 1238
843 967 963 935 939 941 942 946 949 947 943 944 941 939 945 941 938 942 940 916 873 876 875 854 874 967 964 961 939 936
1009 1007 1003 1000 1001 1000 998 982 998 995 998 823 822 922 924 923 847 922 919 920 870 858 839 860 839 842 857 931 838 837
821 824 823 819 814 809 808 1027 812 1030 1027 1033 1031 1035 1037 1031 1026 808 811 809 806 800 806 812 815 814 817 821 824 989
818 819 816 1004 999 995 996 991 993 990 987 985 983 994 820 996 820 994 827 822 926 828 826 922 923 925 852 854 846 857
714 673 714 489 505 715 677 660 570 568 659 575 580 549 544 545 542 545 547 544 541 544 552 546 581 579 583 631 650 658
555 559 558 555 558 563 558 499 495 500 492 503 715 556 715 674 713 674 569 655 656 566 713 487 704 334 703 705 707 709
159 160 131 130 133 414 133 414 353 414 447 443 419 422 423 667 664 643 646 641 620 622 624 625 622 583 633 631 623 633
1077 1079 1078 1066 1058 1063 1059 1150 1152 1150 1059 1152 1059 1063 1064 1063 1068 1063 1059 1066 1059 1147 1157 1149 1154 1151 1152 1053 1051 1053
1135 1136 1134 1129 1102 1103 1221 1223 1224 1104 1109 1111 1133 1131 1127 1124 1122 1169 1120 1122 1113 1134 1138 1089 1080 1089 1143 1089 1138 1139
1185 1181 1182 1181 1178 1177 1104 1176 1231 1227 1103 1107 1206 1229 1206 1108 1176 1232 1228 1207 1211 1213 1218 1220 1224 1210 1207 1203 1230 1233
663 661 658 569 634 639 635 573 574 682 688 681 679 680 681 684 681 687 682 685 683 682 573 570 717 492 722 522 525 520
966 963 875 851 847 854 906 971 977 903 901 904 907 904 900 815 816 812 815 816 810 1009 1012 803 1019 896 1019 1017 1013 1014
694 732 730 733 735 455 459 328 476 283 281 467 464 468 280 278 281 278 279 277 274 277 274 271 269 272 273 275 272 274
857 838 841 857 845 851 906 853 854 903 976 975 971 973 972 975 907 908 971 875 856 964 970 967 970 972 966 967 873 914
280 277 274 273 274 276 277 280 464 472 283 462 738 428 425 459 738 735 694 738 457 459 478 480 331 453 426 666 695 693
587 584 549 548 495 498 495 493 552 491 504 515 514 506 488 510 512 732 694 425 694 693 695 693 694 736 738 694 693 699
862 861 840 870 861 858 934 962 959 942 946 941 937 941 937 935 840 861 838 860 937 934 935 933 959 933 841 858 932 935
922 921 829 924 921 869 918 860 838 857 859 871 920 923 925 928 977 972 976 977 973 971 978 903 845 926 828 927 842 872
1126 1123 1126 1128 1133 1129 1132 1135 1133 1127 1132 1134 1135 1136 1138 1135 1136 1142 1141 1160 1155 1159 1155 1148 1059 1147 1064 1068 1073 1068
1050 771 741 770 742 743 770 771 741 429 425 422 337 423 422 398 383 396 362 367 370 365 366 359 365 364 369 381 387 389
965 967 973 972 971 978 905 845 923 851 850 846 874 916 857 872 870 924 923 849 847 853 848 849 851 845 853 844 927 930
116 103 100 101 114 106 113 103 105 104 115 114 116 101 99 97 95 97 98 120 123 98 121 122 132 125 130 124 98 100
1133 1110 1169 1108 1110 1104 1221 1212 1208 1203 1207 1211 1214 1222 1225 1230 1104 1106 1173 1108 1225 1223 1218 1213 1211 1213 1221 1103 1108 1103
117 116 102 99 98 122 135 134 136 139 127 128 129 150 755 752 755 750 747 1057 1055 1052 1049 1054 1050 770 742 740 458 739
829 836 987 981 980 844 872 855 852 847 855 856 855 854 853 976 977 853 904 903 978 843 926 922 847 855 872 870 872 841
1004 820 824 827 830 832 830 826 821 818 823 824 997 998 1000 997 991 990 987 983 991 983 995 824 827 832 827 991 993 989
1151 1153 1151 1150 1060 1066 1072 1062 1071 755 757 1071 1062 1060 1058 1066 1060 1152 1149 1144 1089 1091 1083 1082 1081 748 1082 1209 1215 148
27 29 31 24 21 29 28 23 29 24 25 24 27 28 22 32 20 19 17 14 11 14 11 16 19 17 19 21 24 26
0 3 1 3 0 3 0 3 5 7 4 1 4 6 4 2 4 2 0 2 4 2 0 2 5 6 3 2 4 5
446 447 444 470 473 463 327 325 473 284 475 316 321 324 318 319 318 303 322 347 353 418 449 474 475 463 281 280 279 276
1170 1169 1107 1176 1234 1239 640 644 606 609 610 616 618 617 1182 1180 1177 1178 1180 1183 613 1181 1236 614 617 616 622 626 588 589
42 46 42 40 45 43 46 47 46 48 49 48 49 46 42 43 46 45 40 45 47 44 47 46 47 46 47 45 40 38
102 103 105 115 104 113 110 108 105 106 108 109 111 112 111 107 110 105 106 105 106 109 110 111 103 116 114 103 101 103
245 246 248 247 248 247 246 245 244 245 248 247 248 245 246 245 244 245 248 245 242 241 243 246 243 246 249 246 249 247
1205 1084 748 1088 1089 1092 1141 1139 1134 1165 1120 1168 1122 1126 1123 1126 1129 1134 1122 1166 1111 1112 1173 1105 1106 1103 1227 1230 1226 1104
559 502 556 500 498 501 504 513 514 725 723 719 524 522 528 525 530 528 522 524 722 721 720 543 541 540 538 532 531 527
249 246 244 247 244 242 244 241 239 242 243 245 246 247 248 245 247 248 245 242 243 242 241 239 236 234 235 237 236 235
257 262 257 262 263 258 264 263 260 258 260 256 260 256 257 263 258 263 261 265 259 265 263 259 254 255 258 263 266 263
542 721 718 719 543 545 547 550 583 584 549 552 499 492 494 498 555 498 501 497 501 500 559 500 502 503 489 506 511 506
163 167 171 168 165 162 166 161 160 163 168 162 163 162 163 166 167 173 167 164 163 160 165 168 172 174 171 172 167 171
1047 1045 1040 1041 1044 766 763 158 156 441 466 768 762 763 1045 765 1048 1042 1040 782 787 788 1029 791 790 792 1029 1028 795 793
488 715 489 715 676 488 486 488 732 506 509 512 506 503 521 492 489 507 486 702 671 672 566 590 591 593 595 591 589 628
1117 1198 1192 1184 1172 1174 1180 1184 1170 1121 1170 1184 1181 1235 1237 1233 1176 1171 1174 1178 1174 1171 1169 1113 1114 1085 747 1054 1052 1153
751 761 745 748 1081 753 748 1083 1081 1091 1089 1090 1084 1204 384 387 388 391 388 379 370 1245 1243 1241 1244 369 394 379 388 395
573 571 678 577 579 638 619 622 623 646 634 647 669 668 368 1244 367 364 1243 366 365 397 365 363 359 399 383 400 404 146
487 485 481 479 476 285 463 461 464 466 464 772 466 464 468 465 462 461 282 466 471 158 442 438 435 440 442 406 438 399
733 512 516 521 526 521 524 492 498 493 554 558 559 563 557 499 493 499 560 673 703 568 676 715 504 489 503 489 502 520
209 212 214 216 217 219 217 215 212 214 211 213 211 209 208 210 207 208 211 210 214 216 217 218 217 219 221 223 225 222
517 490 516 490 521 524 720 540 539 532 531 525 721 724 517 503 516 504 516 514 511 733 731 728 732 691 693 735 456 739
656 649 655 646 648 652 649 599 597 628 627 621 627 657 590 595 629 588 590 627 629 586 584 578 633 627 590 591 631 659
348 354 416 354 391 393 348 347 342 346 348 354 344 354 352 348 393 415 416 448 420 451 476 460 477 329 476 460 330 335
129 756 759 761 758 760 757 753 1073 1071 1073 1068 1058 1057 1059 1065 1076 1064 1147 1064 1065 1061 1059 1148 1142 1089 1080 1091 1094 1100
39 38 40 45 46 49 48 47 46 49 48 46 43 40 38 40 39 42 39 40 43 40 43 46 49 50 51 53 57 60
574 573 570 634 647 643 642 643 634 642 1242 643 637 1192 640 1241 1245 1241 366 368 338 422 398 359 362 396 362 396 399 438
692 737 456 455 735 737 455 457 478 476 287 288 317 341 357 341 340 327 476 451 337 422 341 321 324 417 448 417 351 345
534 535 534 535 532 530 526 528 526 529 530 535 537 540 538 532 534 535 531 527 528 526 529 532 531 537 536 538 540 537
769 739 457 478 457 461 773 775 774 776 777 776 774 771 741 436 440 449 450 474 450 452 477 328 462 740 769 770 773 769
1123 1166 1122 1166 1134 1166 1169 1108 1107 1098 1097 1099 1221 1228 1206 1229 1234 1231 1175 1173 1126 1169 1122 1134 1130 1105 1229 1199 1229 1224
71 68 64 66 69 75 76 73 75 74 72 70 66 63 56 51 54 56 59 55 54 52 55 54 52 54 51 53 58 54
930 841 857 840 935 963 841 843 872 917 914 913 956 959 956 959 963 959 964 970 966 932 930 931 928 844 858 857 871 940
1002 1004 1008 1002 1005 897 1008 896 893 892 1020 1017 804 1019 1018 803 805 804 1023 811 816 820 824 998 824 1001 996 994 990 984
744 741 740 742 433 428 741 429 434 435 438 403 435 744 1050 1053 1154 1151 1063 1148 1060 1151 1056 1151 1060 1145 1142 1146 1143 1064
66 63 57 60 62 58 64 62 60 62 64 67 62 57 60 65 63 61 56 53 50 55 57 61 65 69 72 75 69 66
635 664 663 667 364 666 664 665 698 332 702 666 426 433 428 432 431 429 428 427 437 744 1054 1056 1059 1151 1153 1052 1047 1040
906 904 897 1005 817 816 819 817 1001 816 1004 817 1004 1010 1008 1003 1000 1002 817 819 823 994 995 989 834 828 832 827 993 998
138 150 131 756 757 759 757 753 749 745 761 765 1051 1054 746 1087 1089 1088 747 750 762 765 1045 763 764 749 753 759 152 132
171 169 164 169 172 168 166 169 170 173 168 165 168 171 168 174 172 169 165 170 165 169 172 174 176 175 176 182 179 176
729 728 731 727 731 730 734 730 735 692 689 691 689 684 688 690 728 730 735 730 732 692 694 736 738 739 427 741 769 437
311 483 704 703 334 704 484 712 485 701 482 335 483 336 338 340 345 393 354 416 394 355 344 324 319 316 320 322 318 323
933 963 969 972 907 854 925 844 845 874 856 917 859 938 940 860 918 871 916 918 871 856 851 906 971 974 975 971 968 972
480 332 479 455 737 456 458 736 739 461 460 477 331 479 455 457 461 772 769 461 463 461 467 464 776 775 777 781 1036 1031
952 951 944 938 943 952 951 955 960 934 959 961 963 935 940 942 954 955 951 947 945 948 944 942 945 942 939 936 873 871
399 401 384 398 381 398 383 385 383 388 389 388 369 364 667 361 667 361 362 366 364 368 362 383 386 381 369 381 379 368
530 526 531 527 528 529 527 528 529 526 528 527 525 530 532 536 533 536 532 538 535 532 531 537 538 541 545 546 550 583
1127 1124 1122 1123 1168 1188 1189 1118 1198 1200 1205 1085 1083 1091 1095 1099 1224 1223 1224 1213 1218 1214 1218 1100 1098 1100 1101 1100 1218 1219
957 942 943 957 955 958 963 857 856 964 915 856 874 871 857 841 930 981 927 982 981 984 982 983 828 825 834 827 821 817
212 215 214 216 218 216 214 213 210 209 210 207 203 204 206 203 202 199 202 201 198 194 196 199 198 194 191 193 183 177
679 723 517 513 510 487 507 511 509 508 486 506 487 506 503 491 492 718 524 519 525 527 530 533 527 492 721 520 521 490
1207 1206 1229 1200 1233 1199 1229 1210 1221 1094 1216 1078 1081 149 1078 1066 1075 1065 1066 1091 1213 1208 1204 1200 1195 1199 1200 1204 1084 1085
543 549 546 548 553 558 553 555 554 558 562 566 675 699 695 666 665 571 665 699 333 703 676 700 488 510 513 511 506 516
288 291 292 312 317 326 283 466 283 327 283 281 473 472 449 421 398 396 381 389 381 368 1244 369 1243 365 667 666 699 571
1231 1230 1226 1231 1108 1203 1205 1114 1205 1108 1231 1234 1237 1193 642 641 1241 1245 370 368 364 359 420 451 422 364 422 453 478 475
981 837 836 829 837 842 840 861 871 920 917 915 916 939 938 939 943 942 938 958 939 944 952 947 946 945 941 945 948 950
1027 808 804 1023 1021 1027 1023 804 805 802 801 806 807 1012 810 811 1027 1033 792 1036 1037 1039 1041 1035 1032 785 1038 1037 1034 1029
211 209 211 208 207 209 208 210 207 206 205 202 201 202 201 198 200 198 201 204 206 207 206 203 202 205 204 205 204 201
1220 1224 1226 1229 1104 1173 1168 1173 1130 1136 1098 1099 1103 1106 1169 1122 1126 1106 1111 1205 1229 1205 1208 1225 1227 1226 1222 1210 1215 149
1242 1239 1235 611 609 641 1236 1239 1236 1180 613 1180 1235 1238 1236 614 611 1239 610 1239 640 644 634 662 661 575 634 636 640 1238
977 903 906 903 976 977 970 930 978 974 977 980 979 982 989 827 994 984 987 985 986 985 983 998 817 997 1002 997 821 820
299 298 296 315 288 329 477 286 313 314 315 317 450 451 341 419 451 450 321 326 320 475 478 330 478 476 287 288 287 290
100 117 120 121 119 102 101 117 103 114 104 116 104 115 117 100 117 100 120 98 96 123 95 98 120 96 120 123 135 137
482 483 480 482 334 483 335 479 477 460 463 473 281 463 326 418 321 347 346 348 347 346 375 342 340 314 310 313 286 477
330 337 342 337 340 329 450 329 477 289 290 289 312 295 315 310 313 340 420 396 382 390 381 386 1238 1234 1229 1210 1224 1100
217 219 221 222 220 221 223 221 222 223 224 222 223 221 219 217 216 218 217 218 220 223 220 221 220 219 217 219 217 219
539 541 720 722 524 718 493 491 555 497 493 495 500 562 561 560 563 561 568 655 647 646 644 366 363 640 642 620 621 615
332 702 673 713 560 500 493 719 679 678 570 659 634 646 631 632 649 655 654 595 599 601 600 602 605 599 645 623 621 622
139 143 147 404 145 142 411 137 409 137 133 413 444 132 130 127 147 407 151 408 411 138 141 145 408 752 152 149 152 406
509 486 508 487 507 489 491 717 676 491 503 517 512 504 502 556 550 544 543 719 720 543 544 540 538 537 538 536 538 532
721 524 521 520 501 490 519 514 511 513 511 506 512 504 503 502 716 571 678 719 542 719 543 541 539 532 530 535 531 533
676 568 566 561 565 713 560 565 562 561 559 553 717 549 544 545 548 546 577 576 1191 636 1191 1188 1121 1167 1169 1107 1112 1205
1139 1143 1138 1113 1134 1122 1171 1109 1172 1168 1120 1166 1170 1166 1165 1115 1116 1163 1115 1116 1111 1202 1228 1207 1228 1232 1234 1178 1232 1234
1092 1095 1094 1096 1140 1161 1144 1160 1145 1146 1143 1157 1162 1158 1155 1160 1158 1145 1158 1146 1147 1143 1139 1133 1110 1134 1133 1134 1164 1117
1222 1221 1225 1211 1216 1211 148 404 147 152 148 407 438 441 438 749 438 743 431 429 430 426 423 451 453 337 339 315 295 316
300 299 298 299 302 305 309 308 309 311 316 313 318 325 450 328 451 330 423 331 455 452 327 320 323 326 472 468 465 470
533 536 532 538 535 536 531 530 534 532 535 531 534 530 526 527 522 722 517 514 511 512 513 514 516 520 502 498 495 552
1003 998 999 1000 821 825 924 829 836 835 829 830 835 868 920 870 872 936 858 919 921 869 862 864 866 867 921 828 983 828
742 741 429 432 430 741 437 466 468 280 467 449 327 451 327 316 315 311 288 477 328 330 329 455 333 700 697 693 696 734
1015 1011 1014 895 1023 807 810 807 812 811 1030 1026 1032 1038 1047 774 773 465 462 458 738 458 739 741 462 741 742 741 433 426
59 65 59 58 56 54 52 57 58 55 59 61 66 60 61 65 61 67 70 72 69 75 78 75 77 79 76 71 73 72
985 986 833 832 834 826 822 820 814 900 1008 1002 817 1002 997 996 994 992 998 1002 1005 897 1014 1015 1016 802 804 1013 1022 1024
850 847 922 846 874 967 964 875 854 907 908 912 965 967 966 965 960 935 841 872 860 935 960 958 963 969 968 965 962 933
194 195 184 195 197 198 196 197 195 197 200 197 194 192 195 193 195 192 194 198 194 197 199 201 200 201 200 201 199 202
411 412 145 144 411 127 132 131 125 122 99 116 115 114 103 105 115 104 112 109 107 106 110 112 106 105 114 101 116 119
812 809 811 816 817 1005 1003 1007 809 806 1012 806 1011 1006 1001 821 825 821 815 810 1011 810 813 817 1004 1009 1014 1016 803 1019
677 490 493 501 492 721 719 552 555 499 554 556 558 500 492 503 523 525 524 492 523 493 520 718 722 718 717 720 542 545
1070 1062 1077 1072 756 758 761 745 743 431 432 433 399 405 407 149 1082 1079 1080 749 748 1085 1080 1079 1215 1082 1078 1073 1068 1059
532 530 529 537 529 528 524 529 528 526 523 493 520 503 517 724 723 718 490 723 720 718 717 676 713 560 556 557 554 493
118 117 115 116 102 101 103 102 118 98 122 123 122 134 130 152 410 412 410 413 443 439 155 469 282 461 772 461 460 462
1130 1122 1125 1124 1123 1169 1172 1198 1193 1192 1237 1181 1186 1188 1192 1191 637 1190 1188 1191 1192 1184 1182 613 617 620 618 620 623 619
846 845 903 854 850 852 848 854 855 971 975 972 976 975 902 898 903 979 930 843 931 857 932 966 972 907 905 907 971 966
858 844 856 967 875 971 907 968 856 917 856 924 927 828 831 826 922 919 858 934 858 936 939 944 940 859 870 858 861 858
897 1010 1011 806 800 804 801 806 811 808 806 807 811 808 1030 1034 1037 785 1038 1039 778 779 775 780 785 789 786 792 797 792
165 162 166 164 166 167 166 167 170 175 178 180 181 183 193 184 187 183 182 180 178 175 171 169 174 175 177 175 177 182
809 806 809 1008 811 814 818 1004 1001 998 993 995 997 995 989 986 987 981 982 988 989 994 823 817 998 996 998 992 993 991
1196 1191 575 633 647 650 658 634 637 634 644 634 659 577 581 579 660 663 660 677 675 704 700 698 700 698 662 664 669 668
658 657 656 657 655 591 595 593 595 598 594 596 591 589 591 654 656 630 626 586 585 584 582 584 587 589 590 557 565 566
738 736 458 455 459 739 459 456 478 476 283 286 477 476 460 463 282 280 281 468 471 157 158 767 158 445 158 156 153 442
31 20 31 30 27 28 26 29 24 25 23 31 30 24 30 28 25 24 25 28 23 28 23 31 30 32 20 17 18 22
841 932 933 932 857 844 924 844 843 874 914 960 963 939 937 942 943 952 955 960 914 917 915 872 871 917 915 914 916 944
722 520 504 487 505 502 498 497 500 556 553 557 560 562 557 554 584 578 575 579 638 579 578 577 659 634 569 660 636 635
1216 1094 1213 1210 1222 1227 1206 1210 1214 1216 1214 1218 1216 1078 1074 1066 1062 1064 1060 1065 1061 1147 1059 1068 1062 1064 1059 1152 1150 1144
630 658 647 642 638 579 633 657 569 570 633 626 632 633 575 634 639 1236 614 617 616 622 624 620 617 620 614 617 1181 1235
661 575 579 577 572 660 570 699 675 702 704 707 708 673 569 664 634 578 584 582 576 635 663 668 667 359 363 668 663 571
1012 1010 1004 1002 1007 1011 804 800 801 806 1013 808 806 801 802 1016 803 1013 800 803 807 811 808 811 813 817 1005 901 977 928
556 494 555 559 561 558 560 568 713 712 711 486 710 485 508 488 502 490 516 515 516 514 518 519 502 489 517 722 719 524
476 327 329 453 337 314 339 338 341 372 341 342 306 339 340 420 341 340 337 451 327 452 454 333 669 671 674 702 671 672
1145 1158 1163 1158 1155 1159 1142 1145 1060 1064 1076 1066 1058 747 1057 1061 1065 1066 1061 1055 1061 1151 1053 1154 1152 1147 1145 1156 1149 1157
950 948 949 952 947 952 943 956 961 956 960 958 959 958 959 942 943 938 944 916 940 938 960 958 956 946 948 952 945 954
28 22 29 26 28 29 21 18 21 22 24 21 33 36 34 33 36 34 36 38 36 37 35 33 34 36 38 37 36 33
29 26 25 28 27 28 23 24 21 30 31 20 31 32 30 28 25 22 20 17 18 21 20 31 33 20 22 23 29 25
647 651 652 655 628 623 633 635 574 580 581 578 571 680 571 659 678 681 690 681 687 688 685 684 688 690 684 689 681 691
633 627 622 617 1185 619 625 632 643 648 1242 1244 1243 644 643 1242 643 633 569 703 674 704 710 711 714 703 485 712 714 675
894 1023 894 1021 1027 798 795 796 794 788 789 792 1032 1037 1032 1030 1032 792 790 787 786 780 776 777 1042 777 775 774 778 774
958 961 913 912 875 914 913 956 962 964 855 856 872 917 914 912 914 960 966 964 874 856 844 928 845 923 870 869 919 870
354 415 447 324 322 317 288 476 287 290 292 311 336 314 335 337 454 736 698 696 734 735 738 735 457 461 464 466 473 284
161 158 764 765 763 158 157 154 160 154 758 757 1072 188 1068 188 191 186 183 185 192 194 196 195 196 197 196 195 192 195
1033 789 783 781 787 1036 1041 1037 1041 1040 1042 1043 775 771 772 768 769 775 772 469 466 769 462 283 285 281 280 467 461 773
591 596 600 628 596 630 657 590 557 499 498 501 499 552 546 549 580 549 545 550 581 659 634 569 572 576 575 634 571 568
110 104 111 110 112 111 112 106 104 106 110 106 111 107 108 110 111 113 114 113 103 116 102 99 100 102 117 116 101 99
1227 1103 1227 1233 1239 640 1197 639 644 641 645 607 645 1243 364 358 396 401 435 439 404 435 430 431 742 739 426 431 432 433
1011 805 1011 805 1012 805 801 803 805 800 1026 1031 1033 1031 792 791 788 793 797 793 795 791 792 796 1029 788 782 784 1039 778
1101 1104 1231 1227 1232 1200 1229 1228 1226 1223 1104 1223 1229 1176 1173 1171 1167 1169 1121 1124 1125 1170 1110 1105 1231 1225 1099 1133 1128 1129
963 968 972 977 855 874 967 857 871 874 858 843 978 975 906 905 974 969 965 963 914 915 914 916 944 945 939 936 934 859
106 111 103 116 114 115 100 102 116 104 102 101 100 118 100 115 102 99 123 126 125 127 146 145 146 139 411 137 411 414
313 314 340 343 314 340 336 338 342 306 304 305 310 309 310 315 295 312 289 290 289 311 313 289 312 315 296 301 305 310
896 897 895 896 1014 1011 806 1014 1023 1021 1019 1021 1023 1020 896 900 818 814 1007 1004 1010 1008 817 1005 1000 821 819 820 1004 1003
322 299 319 302 318 316 340 317 476 477 288 314 288 291 315 314 477 476 479 455 694 697 731 694 700 486 482 332 452 420
1163 1160 1161 1137 1135 1136 1135 1140 1088 1141 1161 1163 1115 1200 1197 1116 1112 1202 1196 1197 637 639 1195 1194 1197 640 644 640 363 368
1078 1080 1079 1074 1061 1077 1079 1083 1205 1203 1112 1113 1114 1117 1163 1161 1162 1161 1159 1145 1148 1057 1053 1152 1059 1147 1153 1155 1160 1163
218 217 216 215 216 217 216 218 220 221 219 220 218 219 217 216 214 212 213 214 216 214 215 213 211 212 213 212 213 215
274 277 276 273 274 276 275 273 271 273 276 278 275 273 272 271 272 270 268 265 260 262 259 263 260 258 259 265 261 255
435 440 436 426 430 742 741 744 433 427 435 440 155 157 443 445 158 763 762 750 1081 1212 1083 1209 1222 1206 1107 1112 1169 1170
824 993 990 984 986 981 929 844 925 848 925 853 906 854 874 917 873 875 913 878 880 878 909 908 972 908 905 902 853 846
760 753 748 1088 1079 1094 1098 1096 1095 1100 1107 1221 1219 1213 1210 1208 1210 1220 1222 1212 1090 1092 1087 1081 748 1087 1083 1208 1202 1197
975 907 854 852 903 854 846 905 977 975 974 972 906 846 924 847 851 875 964 965 970 964 915 913 961 914 912 878 880 882
1129 1132 1127 1132 1137 1092 1097 1101 1129 1106 1130 1103 1221 1226 1222 1100 1103 1100 1098 1093 1141 1143 1161 1142 1140 1089 1090 1080 1076 1087
519 524 492 556 551 547 551 553 556 559 560 561 565 561 565 712 711 483 707 704 672 656 629 626 630 589 627 631 583 577
56 53 55 52 55 56 52 56 61 58 63 67 64 59 63 62 64 60 62 59 58 63 59 55 62 56 58 53 52 51
337 423 337 341 355 354 352 393 345 349 352 416 412 416 417 418 447 355 358 401 399 359 400 402 397 356 395 345 393 380
920 919 869 863 860 871 873 855 852 853 905 908 971 972 905 903 901 903 904 976 904 975 906 851 854 844 980 926 855 843
1232 1202 1205 1204 1203 385 384 387 384 383 401 402 401 396 402 413 416 348 350 345 346 341 344 341 451 327 318 299 297 300
566 569 714 486 482 701 696 698 696 698 700 694 699 714 712 711 487 674 673 712 711 483 336 483 335 314 313 316 289 290
441 157 159 158 764 441 767 765 441 764 437 769 462 740 429 435 438 442 439 436 440 155 470 469 466 157 444 439 402 442
699 703 334 705 708 711 703 486 703 672 700 675 699 694 738 739 769 741 430 427 437 441 440 444 152 149 1082 149 152 131
401 399 404 402 406 408 409 408 150 408 1082 748 745 1051 1053 1152 1154 1157 1148 1154 1053 1055 1152 1148 1060 1056 1149 1153 1148 1142
708 709 707 484 708 707 706 704 713 702 666 702 669 702 666 698 699 663 635 575 578 660 663 668 702 701 699 693 728 505
779 775 770 744 437 427 434 743 1050 770 741 428 434 427 436 403 401 400 405 413 356 398 397 358 397 396 401 397 384 397
182 178 183 185 187 189 192 195 194 193 184 182 179 181 179 182 179 178 175 170 168 173 172 170 167 166 167 164 163 166
585 582 580 577 660 632 646 630 657 567 565 673 565 674 712 671 567 564 567 657 570 573 677 718 717 493 500 493 502 499
1116 1202 1200 1198 1192 1185 1190 1192 1185 1192 1195 1197 1192 1182 618 614 1236 609 614 616 613 612 610 611 1181 1174 1180 1182 614 617
371 365 398 399 404 403 398 364 358 359 357 396 358 356 417 353 349 343 303 302 319 318 317 315 317 314 335 706 710 708
891 894 1021 1023 798 797 796 792 796 1029 1027 1025 1026 797 792 786 788 783 778 1039 1036 786 785 789 794 791 793 787 790 788
1024 1027 1031 1026 798 801 799 1018 1023 1026 800 1022 797 798 1027 894 1027 1024 1026 1025 1026 797 796 794 793 796 1026 1022 1026 798
479 312 293 290 286 285 475 464 466 449 440 155 443 156 160 158 471 467 283 464 772 777 780 776 775 771 773 770 772 775
1079 1090 1089 1087 747 1060 1056 1152 1052 1050 1047 1038 785 1033 1027 1033 1031 1034 1040 1044 766 763 158 156 158 759 753 749 407 150
768 438 434 400 438 434 430 427 360 362 361 363 365 398 397 398 382 385 1238 1235 1238 1197 1196 1237 1197 1196 1192 1189 1191 1196
1095 1099 1100 1097 1091 1088 1094 1076 1212 1221 1107 1110 1132 1128 1133 1131 1125 1128 1127 1129 1110 1105 1107 1221 1226 1209 1226 1225 1219 1210
461 476 288 285 459 739 425 737 428 738 459 458 738 461 458 739 462 476 463 285 463 473 326 449 326 327 283 476 326 448
44 42 41 42 43 42 43 42 44 43 42 44 45 48 45 46 43 41 39 38 37 35 33 30 24 26 28 30 33 36
88 90 89 85 82 81 79 80 79 81 83 81 82 81 78 76 71 72 75 74 70 76 73 75 73 76 70 65 64 59
575 574 572 662 570 578 584 578 632 624 626 624 629 590 557 555 495 552 718 521 519 522 517 723 727 691 693 736 698 700
618 622 583 585 550 555 493 551 496 497 493 717 491 498 500 491 718 721 528 523 520 524 527 529 530 531 525 722 491 492
805 801 800 804 808 812 813 817 812 806 807 812 818 822 818 823 819 822 827 822 818 1004 1009 1011 1010 1012 1013 1011 1012 805
457 330 451 450 418 417 324 327 316 320 326 324 320 323 319 324 326 450 341 452 421 453 328 424 359 667 362 381 398 396
615 613 612 607 616 618 624 604 603 602 603 627 624 604 600 601 607 645 603 598 628 631 585 553 582 585 551 585 631 625
1057 1053 1055 1056 1059 1151 1058 1066 1063 1067 1077 747 1088 1061 1151 1060 1061 1057 746 1087 1084 1085 1082 1213 1225 1208 1206 1204 1229 1105
670 703 484 487 484 711 705 704 703 698 699 666 423 337 333 454 478 288 329 424 423 333 332 333 330 329 455 332 698 666
817 900 902 900 897 894 1024 798 800 804 799 804 800 1023 1018 804 1018 1023 1026 1032 1028 1029 795 790 795 793 787 793 797 792
1209 1215 1078 751 748 1082 148 406 408 406 410 413 356 358 423 330 479 478 328 476 473 474 466 464 473 282 284 283 459 739
151 154 409 414 133 125 126 135 125 124 135 132 135 132 444 440 437 743 428 741 772 468 283 476 330 457 459 285 459 455
879 876 911 909 908 909 911 910 908 971 906 877 913 878 913 910 877 915 876 854 904 974 973 968 907 876 909 877 913 910
440 768 771 768 771 766 1045 1042 1047 1051 1052 1047 774 776 773 465 768 469 441 155 447 470 444 442 403 437 436 742 743 740
876 915 856 846 926 855 846 853 848 846 922 925 848 853 847 919 847 849 846 875 968 854 851 854 851 846 922 822 820 816
526 525 722 521 516 505 487 674 560 555 553 493 520 504 513 510 732 727 725 728 691 681 680 718 720 542 721 722 716 675
502 491 501 520 523 722 716 728 726 723 728 723 724 521 525 530 526 522 722 720 679 720 717 549 494 495 496 556 676 679
767 771 1047 1038 1042 1044 1038 1047 1051 1045 1041 1046 1049 1052 1051 1052 1054 744 746 745 434 741 744 742 740 428 431 435 432 430
319 302 304 347 303 322 318 347 352 415 418 449 467 464 475 460 474 285 475 460 474 460 285 288 476 459 460 476 330 313
856 874 916 919 916 917 914 877 851 877 910 912 876 878 876 879 881 878 876 912 875 876 878 911 912 879 913 914 943 960
1074 755 1067 1075 1215 1210 1206 1232 1175 1232 1177 1172 1170 1126 1130 1133 1107 1101 1107 1099 1095 1090 1095 1216 1079 1082 1080 1212 1207 1222
622 617 614 609 604 601 598 593 591 589 628 622 620 624 630 591 594 593 594 597 591 628 600 604 624 632 633 660 577 576
80 79 76 78 73 71 73 72 68 71 69 74 71 67 62 67 71 69 67 64 67 68 62 60 56 57 52 54 57 56
353 355 393 345 393 353 348 349 352 348 346 348 418 354 395 345 342 376 373 371 377 369 397 395 419 358 360 436 742 427
1048 1052 1054 762 767 466 473 280 467 471 282 281 280 468 474 327 463 469 468 776 465 771 743 770 773 771 465 769 743 740
65 61 59 60 66 71 69 72 70 72 76 74 73 71 67 62 66 71 67 60 66 62 66 61 56 62 63 64 67 66
639 637 576 1191 1189 1187 1182 614 613 1180 1184 1182 618 617 614 1236 1237 1239 1242 643 664 702 714 702 672 705 671 567 564 562
35 33 32 34 32 21 33 35 33 35 33 34 36 35 32 33 31 29 26 28 25 26 29 32 20 30 32 20 31 21
352 347 417 419 355 347 354 392 394 418 421 359 397 380 387 382 387 385 384 1200 1202 1108 1107 1102 1106 1176 1228 1176 1170 1171
865 863 864 867 863 865 867 870 871 940 860 859 856 967 874 854 924 829 921 925 844 858 838 829 922 825 819 818 823 827
1056 1149 1156 1154 1053 1052 1047 1044 1043 779 775 773 769 741 740 462 283 472 157 443 406 405 406 148 1082 1085 1087 1091 1097 1101
913 878 913 956 942 941 943 939 960 966 964 912 911 908 906 975 974 905 854 904 907 975 977 973 968 965 912 965 961 958
175 173 167 172 170 172 173 168 171 166 161 160 163 166 171 172 175 177 179 178 176 175 178 180 179 181 177 176 183 187
396 397 383 366 644 640 1241 363 366 369 381 1244 1241 640 1196 639 620 603 627 625 626 583 579 638 640 637 639 642 638 635
270 268 270 271 272 269 265 260 256 258 256 258 253 252 253 258 263 267 263 260 258 253 252 249 247 250 249 251 250 249
743 427 428 740 428 743 744 1054 1048 762 767 440 441 767 766 771 1049 1046 1048 1044 766 1050 762 1045 1043 1046 1049 1051 1052 1152
497 499 500 502 488 508 710 485 482 331 330 458 459 330 452 332 483 332 698 700 674 673 713 487 704 713 568 567 655 628
998 993 999 1000 997 998 821 1001 816 814 901 818 814 896 901 1006 1007 1004 1001 824 1001 819 820 1000 997 819 823 822 925 924
941 946 956 914 875 907 906 854 855 926 928 977 903 978 845 905 977 980 983 828 921 830 826 824 819 815 816 819 822 821
418 341 357 368 366 365 368 396 398 383 385 1203 1230 1224 1102 1133 1098 1092 1064 1076 1077 1072 1077 1072 1068 1059 1063 1151 1148 1156
90 89 91 89 92 93 91 87 85 82 80 82 83 82 85 89 86 89 90 88 85 89 87 84 82 80 77 74 70 74
1141 1090 1080 1079 1073 752 1073 1061 1060 747 1081 755 758 130 127 409 152 130 136 123 124 122 119 123 122 125 130 756 1072 751
238 241 242 240 242 239 240 237 240 237 234 235 236 234 233 235 234 237 235 237 239 237 234 236 235 234 236 238 241 240
1112 1201 1203 1202 1203 1225 1211 1216 1079 1082 1210 1221 1097 1093 1096 1091 1096 1136 1139 1138 1141 1163 1119 1116 1111 1172 1106 1174 1109 1169
18 21 32 30 24 21 18 21 23 21 18 19 18 15 13 16 20 19 31 21 30 21 16 18 15 18 15 9 7 6
20 30 21 29 24 21 30 32 19 17 14 13 11 15 10 11 8 7 9 7 5 2 0 1 3 1 4 6 3 4
969 970 930 928 979 974 970 843 856 841 858 934 959 938 958 959 939 940 935 840 841 858 918 869 871 860 872 857 916 939
342 305 346 342 375 342 345 351 350 344 347 346 351 354 348 351 353 355 344 338 339 317 343 302 319 298 301 296 294 293
552 549 547 544 545 547 544 547 546 551 549 584 579 623 625 624 622 621 616 621 619 1191 576 579 660 578 584 549 555 560
268 265 264 267 270 268 269 270 271 273 276 275 272 271 269 266 265 264 261 256 259 258 260 255 258 254 259 260 256 253
339 343 318 303 343 345 342 339 340 313 315 311 292 290 289 313 329 454 698 693 691 695 696 732 510 505 487 486 711 487
1197 1117 1114 1164 1161 1142 1156 1145 1160 1144 1138 1133 1099 1106 1111 1116 1120 1169 1108 1203 1197 636 640 644 641 1236 1180 612 608 603
199 197 198 196 199 201 198 201 203 204 207 209 208 206 203 206 203 204 205 207 203 204 203 204 201 204 202 201 200 198
145 402 435 430 743 437 442 157 470 474 471 445 155 156 440 155 152 752 1077 748 750 746 747 751 755 1072 1062 1073 1077 1082
1114 1202 1201 1115 1205 1211 1222 1215 1216 1214 1220 1223 1222 1214 1213 1223 1213 1223 1219 1218 1221 1220 1222 1100 1221 1227 1210 1228 1210 1204
1214 1215 1216 1095 1216 1095 1094 1088 1085 1086 1080 752 151 408 150 131 135 126 151 406 401 383 397 402 419 341 419 341 337 339
583 584 580 574 661 634 662 698 662 635 579 632 643 642 632 654 650 653 630 595 654 648 643 645 650 647 648 642 620 619
864 868 861 918 916 873 964 967 855 968 855 874 858 843 926 855 854 851 848 847 846 926 927 844 842 838 858 861 869 862
673 675 701 675 672 566 561 557 562 557 553 717 549 550 554 496 495 553 584 582 576 573 578 572 659 660 579 583 582 576
253 254 255 254 257 263 262 257 260 258 261 266 265 264 265 260 259 261 263 262 263 266 267 266 262 257 261 266 267 264
1173 1172 1202 1206 1205 1086 748 751 1072 1070 188 190 187 186 185 186 191 186 184 181 184 195 197 196 199 200 198 194 193 195
504 516 512 515 520 505 502 500 493 717 502 498 500 493 524 519 525 722 721 543 546 580 584 551 555 551 548 543 721 528
614 612 607 611 1234 1232 1230 1233 1234 1176 1233 1231 1234 1230 1176 1104 1100 1094 1096 1094 1097 1092 1080 1083 1087 1209 1210 1225 1100 1093
709 673 708 673 708 705 710 708 706 334 336 483 482 483 707 709 713 488 506 729 728 729 732 730 728 691 690 728 693 699
169 174 170 174 169 171 167 165 170 166 162 165 167 163 161 162 165 166 171 169 168 170 175 173 171 174 170 167 170 171
424 739 462 458 455 330 332 456 330 335 484 703 676 677 570 715 504 715 714 674 676 677 715 489 502 504 515 517 728 680
25 28 23 30 23 21 16 11 14 12 13 15 13 11 16 20 17 18 22 30 27 22 31 19 22 18 22 30 33 21
200 197 195 198 195 193 183 186 192 189 191 189 187 190 191 192 189 191 187 189 185 194 185 183 176 180 179 177 181 180
370 1245 1244 369 382 402 399 361 360 424 330 480 478 288 311 289 316 290 292 293 291 312 317 320 315 291 295 302 303 302
545 549 544 543 721 524 720 722 523 519 514 505 503 519 520 515 518 725 728 691 732 728 733 511 507 487 711 704 714 676
142 145 409 128 152 127 409 405 404 402 405 146 145 411 416 419 422 453 332 331 456 480 481 455 737 738 461 738 456 457
1153 1156 1159 1156 1142 1137 1140 1136 1130 1131 1135 1140 1138 1140 1088 1064 1066 1077 751 752 1073 751 761 765 743 769 768 438 437 440
538 540 538 532 535 531 533 532 528 531 534 529 527 531 527 492 524 526 525 527 532 531 529 532 536 535 532 533 535 531
220 222 220 221 222 220 222 224 223 221 223 222 224 225 227 228 227 226 224 226 228 226 225 222 220 219 221 223 221 222
471 464 282 283 463 285 478 330 458 740 739 741 740 433 740 743 768 438 768 438 406 403 406 155 159 158 764 760 763 762
62 67 60 58 52 55 59 58 57 53 55 51 48 45 44 47 44 46 44 48 49 51 49 50 49 47 49 47 45 47
627 658 660 634 663 666 426 433 435 399 422 338 343 340 338 452 453 329 328 459 455 330 335 484 709 485 704 565 562 565
1189 1191 1190 1185 619 618 616 611 1236 1180 1175 1108 1228 1222 1213 1094 1096 1091 1088 1076 1078 1081 1078 1212 1082 1083 1085 1089 1144 1088
972 908 911 877 912 964 874 872 873 872 846 905 854 925 926 822 816 813 819 820 817 823 822 827 824 823 824 820 994 996
250 247 248 249 252 249 251 249 246 245 244 242 240 237 236 234 231 234 233 231 229 227 226 225 223 224 223 225 223 222
833 983 980 983 985 984 994 825 830 828 837 828 988 983 927 930 978 905 975 904 899 897 1011 1007 897 902 977 976 906 876
1019 1025 1026 1027 812 815 816 811 895 896 814 812 810 1004 810 806 801 805 803 806 805 810 807 808 1030 808 807 1013 806 805
825 994 984 990 987 983 994 984 991 827 830 921 868 861 868 861 864 866 865 864 868 921 826 820 993 827 991 988 990 993
444 154 442 440 156 442 157 158 470 471 282 474 471 470 468 466 441 470 449 451 421 419 448 472 445 158 157 156 445 444
710 484 481 479 335 334 331 480 455 332 698 702 674 675 488 674 569 661 577 575 577 576 637 638 640 636 660 658 630 567
6 5 4 7 8 10 12 16 18 15 14 13 14 10 14 16 18 15 12 13 11 9 12 9 12 16 10 15 16 20
690 683 685 687 686 689 692 737 693 736 693 732 691 693 696 665 670 569 566 562 499 493 500 560 564 562 558 559 564 560
620 624 642 646 649 644 648 645 650 648 643 1193 1198 1237 640 1193 636 639 1192 1197 1199 1194 1198 1200 1205 1201 1199 1108 1203 1198
780 781 1043 1039 788 791 788 794 792 1029 1031 1029 1028 1034 1039 782 1039 781 777 782 777 773 461 466 462 461 738 735 455 452
86 87 89 90 86 89 91 90 87 85 88 87 84 88 89 90 91 88 85 86 88 86 88 91 88 86 87 84 83 82
60 58 56 60 62 59 54 53 51 53 55 51 54 58 55 62 55 61 58 56 58 60 66 64 62 56 55 52 50 47
871 860 871 874 854 846 919 924 922 923 851 852 851 877 908 907 912 910 880 879 910 908 905 855 971 904 974 976 902 900
431 429 426 453 454 334 454 426 427 425 423 331 337 454 426 423 666 662 660 574 572 574 578 574 579 581 579 580 585 626
308 306 343 322 302 298 300 297 295 318 344 324 325 324 321 316 314 312 479 477 288 329 288 290 292 294 291 287 477 288
391 412 390 387 396 355 416 447 417 413 416 394 416 448 450 340 342 346 375 376 346 350 348 355 417 446 156 445 155 442
87 88 87 85 89 86 90 93 96 123 98 95 94 91 94 95 93 91 89 91 87 89 86 89 92 95 123 124 125 135
287 284 474 467 280 277 280 282 283 468 281 464 282 280 468 469 157 471 470 440 435 436 400 358 360 397 359 397 398 396
5 8 5 4 2 3 2 0 3 1 0 3 4 1 0 2 4 3 0 3 2 0 1 2 1 2 5 3 5 3
2 1 2 0 2 4 1 3 2 1 3 4 2 3 2 1 3 2 1 0 1 0 3 1 4 1 4 3 4 3
398 400 432 435 402 404 406 439 403 407 148 408 147 405 403 442 438 439 400 401 398 359 363 667 663 667 359 362 367 365
13 16 9 11 13 16 10 12 9 15 11 16 20 18 16 20 16 13 14 10 16 18 17 16 14 16 20 32 29 25
455 697 734 733 511 513 503 515 504 505 512 515 520 504 520 501 555 551 553 582 579 622 618 614 620 622 617 1181 613 611
554 551 549 548 546 549 494 501 491 504 516 505 729 731 736 454 422 419 358 359 667 670 671 675 569 657 630 655 657 590
1138 1160 1148 1143 1064 1147 1145 1157 1159 1164 1113 1117 1112 1114 1090 1092 1087 1083 1081 1087 1079 1216 1219 1210 1211 1215 149 151 408 150
475 328 449 451 337 333 669 647 642 644 1243 1244 373 376 378 377 375 369 363 640 1193 1196 640 1239 1240 1239 1240 641 1193 641
1054 1058 1055 1056 1151 1150 1059 1061 1057 746 1057 1151 1153 1155 1148 1145 1155 1156 1154 1151 1145 1155 1158 1160 1148 1153 1056 1058 1053 1056
993 991 989 986 982 984 994 825 925 852 848 853 899 902 978 843 859 856 876 968 875 877 914 875 914 943 914 956 945 943
1234 1231 1105 1107 1103 1227 1228 1231 1176 1104 1231 1230 1228 1230 1231 1108 1106 1111 1203 385 1233 1231 1178 1180 611 1180 612 1180 611 1181
1215 1214 1220 1218 1212 1079 1066 1074 755 1071 1074 1062 1056 1062 1064 1060 1054 762 1046 762 1051 1054 750 749 747 1088 1064 1060 1062 1059
946 943 937 934 859 860 842 839 857 875 912 908 912 909 907 912 876 909 907 972 976 899 901 1009 810 805 804 806 812 818
638 1196 1181 1183 1186 1181 611 1239 1237 1234 1237 1240 1242 648 670 671 651 671 675 699 697 698 703 705 706 707 484 703 567 566
691 690 688 690 683 574 579 634 570 659 661 633 643 632 627 630 592 590 566 675 676 571 677 679 573 677 569 671 672 565
349 351 345 342 347 322 320 315 288 314 312 288 290 316 311 288 313 315 309 311 316 320 316 320 322 317 341 342 340 338
426 430 428 737 738 428 737 740 433 742 428 425 427 743 1050 766 1048 766 772 774 1043 1048 770 772 464 282 468 776 778 782
262 259 254 255 253 254 259 257 263 257 258 261 265 263 262 259 262 266 261 260 255 260 265 269 266 264 265 266 261 260
36 34 35 36 38 39 42 40 43 46 42 39 41 45 42 41 43 46 49 47 49 48 44 45 46 45 46 43 44 46
549 555 494 495 497 495 496 494 497 496 495 499 555 493 559 493 502 556 495 497 499 495 500 496 555 501 559 553 493 490
939 956 913 908 905 975 974 973 971 976 974 968 965 971 906 875 908 905 854 875 846 853 854 856 853 925 854 925 928 857
75 76 77 76 69 74 75 74 71 68 61 65 59 65 63 67 62 64 68 72 71 67 62 59 57 58 60 67 62 59
607 610 1239 609 1236 641 1236 641 639 1192 636 661 636 1193 641 607 614 609 1235 1237 1197 640 1240 1241 366 1241 1239 1238 1197 1192
748 1087 1082 1211 1210 1229 1210 1227 1108 1228 1232 1233 1227 1230 1226 1224 1219 1221 1099 1096 1099 1133 1127 1130 1110 1172 1169 1108 1232 1206
901 897 810 804 1012 810 816 813 1008 1014 897 1010 1014 1009 896 893 892 895 899 894 1020 1026 799 1019 1013 1022 1025 1023 798 1022
1038 1041 1038 1037 1041 1038 1043 1044 1040 1036 786 789 788 1039 1044 1045 1048 1051 1045 765 743 438 765 763 762 1045 1043 775 766 775
358 422 452 337 451 340 344 418 394 392 378 373 374 372 369 370 1245 1244 388 395 355 346 351 352 393 391 392 394 380 393
445 154 406 147 149 150 408 1081 753 1073 1077 1082 1084 749 764 762 750 746 745 744 746 1054 746 748 1084 1082 1084 1205 1115 1202
45 41 42 39 38 40 37 39 41 45 48 49 52 49 51 49 47 44 45 40 38 37 39 40 37 35 36 33 21 19
924 870 839 841 935 860 840 933 841 856 871 859 860 841 872 861 859 937 943 956 945 939 938 859 872 875 876 874 964 874
746 1057 745 743 771 765 1049 766 772 464 460 330 313 317 286 283 281 472 466 283 281 280 471 472 283 472 281 467 284 281
242 244 246 245 247 249 246 247 246 243 241 239 237 240 239 236 235 234 233 232 234 231 233 234 237 235 234 236 238 239
938 937 942 954 953 955 961 962 964 959 962 964 959 964 857 840 838 834 839 859 870 858 932 931 928 977 902 976 905 972
978 976 979 974 971 976 906 976 972 977 978 902 898 1009 1007 1001 1003 1005 1006 1007 1003 999 1001 817 819 825 828 994 827 828
716 503 502 505 510 486 482 332 455 737 692 731 735 455 330 478 313 340 450 344 419 345 347 354 353 415 348 417 344 322
1240 609 607 603 645 624 604 615 614 610 608 609 612 1180 614 619 625 628 600 596 654 595 629 632 630 657 569 703 674 569
1206 1222 1209 1214 1209 1210 1207 1228 1223 1218 1220 1100 1222 1219 1213 1214 1217 1218 1223 1221 1222 1209 1083 1207 1210 1082 1085 1089 1093 1095
108 107 111 109 108 106 108 107 105 107 106 112 105 112 114 101 104 115 116 103 114 106 107 106 110 112 103 111 113 111
148 406 412 395 392 378 372 368 669 367 370 379 389 379 355 396 420 359 422 341 342 376 342 376 378 391 412 146 412 410
540 542 540 539 538 536 539 537 534 536 534 537 531 530 531 532 527 533 528 531 528 529 530 525 527 526 529 531 535 530
853 848 850 847 853 976 905 846 906 907 972 907 908 876 877 907 877 908 877 911 877 910 908 875 914 943 956 914 964 912
61 62 58 64 65 70 65 70 74 71 68 67 63 62 64 58 55 60 58 64 58 54 59 55 57 61 57 59 60 65
870 918 861 864 869 870 862 865 863 869 861 840 931 843 846 872 873 918 871 874 845 843 841 842 927 928 925 854 850 917
940 872 843 845 978 845 977 976 979 977 903 904 978 905 971 907 972 970 974 969 970 843 856 968 965 961 959 962 958 962
486 702 700 695 666 669 333 702 664 669 367 373 379 390 393 389 381 387 380 392 393 391 395 379 368 668 666 695 699 333
747 1054 1051 1045 766 1048 1045 1041 1036 1040 1035 1040 1044 1038 1047 766 1050 1047 1052 1049 1053 1050 1049 770 1048 1047 1052 1046 1052 1053
410 143 410 144 145 405 400 406 411 408 409 407 1081 1212 1216 1218 1217 1220 1219 1210 1225 1220 1101 1107 1110 1172 1109 1104 1107 1172
1236 1237 1233 1228 1233 1229 1207 1083 1208 1211 1226 1209 1226 1209 1210 1225 1224 1220 1217 1215 1212 1083 1078 752 1081 753 151 132 125 123
97 99 96 124 95 96 93 96 93 91 94 92 89 92 95 123 136 138 127 410 404 148 407 150 755 750 1081 1088 1140 1089
281 278 275 274 276 275 277 276 275 274 275 273 272 270 268 265 264 261 264 263 262 261 262 258 256 259 265 259 260 255
753 152 753 1081 408 149 408 402 443 153 410 143 409 153 131 129 756 1073 1072 1067 1073 1079 1075 1066 1076 1081 1082 1085 1114 1201
48 51 54 57 54 59 64 62 68 66 62 56 53 55 57 61 66 71 76 78 75 74 72 75 77 73 71 68 67 68
128 409 405 412 415 352 347 322 319 314 319 322 319 325 326 320 323 326 447 155 131 126 151 149 1078 1082 1215 1218 1215 1075
803 1015 1018 803 807 801 806 800 1013 807 803 804 799 797 795 794 797 798 1019 800 1026 1025 1022 1013 1019 1017 804 801 1013 800
1088 748 1082 149 128 148 150 130 135 137 135 137 138 142 411 139 141 142 141 147 152 413 409 146 147 128 127 411 412 146
560 562 499 491 716 723 725 724 721 524 527 522 518 516 503 516 515 504 491 717 719 717 680 677 569 665 695 697 696 698
210 213 212 209 211 213 212 211 208 209 211 209 208 206 208 210 209 211 210 212 214 212 214 213 210 214 210 212 211 210
700 715 713 485 507 486 710 673 674 567 655 599 624 646 644 1242 1241 1239 640 645 1242 641 1243 370 364 397 381 395 419 447
777 778 1039 1038 785 786 781 785 1036 1032 1031 1030 1029 1033 1028 1026 811 806 803 1019 1014 896 814 811 814 819 825 924 920 871
1143 1139 1137 1164 1117 1115 1200 1204 1201 1199 1203 1199 1197 1201 1203 1228 1105 1130 1134 1131 1123 1188 1189 1118 1119 1118 1165 1168 1118 1167
642 606 645 650 652 648 645 642 639 1237 1198 1192 638 636 638 644 647 643 637 1197 1237 640 1239 1242 606 1242 645 649 651 650
468 776 777 774 770 1049 771 741 742 743 430 741 428 424 423 454 694 425 456 458 740 769 466 464 283 459 455 694 734 728
1201 1196 1195 1199 1238 1239 1237 1235 1240 1243 1244 386 1244 1242 1241 640 1239 1242 609 614 1180 1179 1181 1196 1197 1199 1195 1172 1173 1104
448 417 418 326 467 470 767 158 469 465 469 156 160 156 440 155 444 443 419 402 419 449 466 283 459 283 466 460 476 288
392 390 144 409 407 408 149 755 1067 1061 1055 1152 1053 1050 765 745 746 750 1081 1075 1066 1061 1151 1060 1150 1152 1151 1055 1051 1052
1191 639 1236 640 1194 1116 1194 639 642 640 644 638 643 648 644 638 643 646 633 575 580 549 719 491 500 555 558 555 554 496
1230 1203 1198 1114 1165 1120 1123 1125 1123 1171 1109 1110 1109 1104 1228 1207 1205 1200 1199 1175 1181 617 1183 1179 1171 1190 1194 1196 1236 609
493 499 502 501 559 557 555 560 561 564 567 704 673 711 703 672 567 560 568 676 572 678 659 633 658 582 633 634 646 658
960 958 939 940 916 944 947 953 956 960 965 961 914 913 878 881 880 883 887 885 889 890 889 890 891 893 1020 1017 1016 1017
478 454 334 454 333 703 672 658 631 590 657 656 557 558 554 551 493 718 720 718 679 682 690 680 717 489 513 515 514 513
1137 1138 1162 1160 1163 1166 1165 1118 1168 1117 1167 1190 1187 1186 1189 1167 1117 1195 1198 1115 1086 1084 749 751 1079 1211 148 150 147 138
776 772 773 771 1049 774 773 771 770 775 774 773 461 460 285 477 476 479 482 335 483 333 334 482 483 704 713 703 485 706
580 549 581 633 575 660 677 570 657 590 629 631 633 626 589 588 629 599 627 631 630 631 589 590 657 658 627 590 557 657
932 934 841 856 844 856 853 976 973 974 968 969 964 960 963 962 934 959 936 959 958 942 956 945 947 952 950 951 949 948
365 1243 371 377 392 390 380 394 345 351 350 353 393 416 348 417 355 418 415 447 449 447 445 154 160 162 160 163 164 163
68 61 64 59 63 67 63 66 62 55 57 55 50 51 52 49 48 47 46 47 44 47 44 43 45 47 46 43 44 47
778 1042 1041 1048 774 1049 770 1050 771 773 465 283 326 450 327 477 476 460 466 326 473 282 463 460 330 424 360 424 436 439
979 927 983 834 825 831 833 832 837 833 988 985 984 995 994 827 994 825 926 925 927 928 929 931 842 933 931 932 843 930
386 1241 645 603 604 605 606 608 607 616 619 642 640 645 632 625 621 616 615 607 645 623 626 622 618 1185 1186 1190 1187 1171
893 1024 894 1023 798 804 802 805 804 808 804 1018 1017 1021 799 803 800 798 1024 894 897 894 1019 1020 1022 1023 894 895 894 897
1147 1150 1145 1155 1159 1145 1157 1142 1146 1145 1139 1133 1128 1125 1131 1125 1127 1106 1133 1127 1170 1187 1174 1109 1169 1123 1188 1183 1187 1185
324 326 475 320 324 344 394 354 344 354 353 354 393 416 393 378 394 378 379 395 396 358 424 422 452 341 418 394 380 381
180 183 178 177 182 183 192 195 198 197 200 203 202 201 200 202 205 202 201 204 205 207 205 202 201 203 200 198 194 191
1080 1076 1212 1078 752 1077 748 747 1081 1078 754 752 749 1084 1208 1222 1227 1231 1175 1233 1200 1196 1238 641 620 617 614 1182 1184 1195
320 323 318 340 343 342 376 375 342 343 342 341 420 327 450 449 466 283 472 448 447 448 444 153 132 154 160 132 129 149
373 378 377 370 377 392 355 341 339 310 309 311 309 315 312 311 336 706 672 673 560 556 502 556 501 490 521 503 506 489
369 373 367 1243 364 667 662 682 680 728 505 518 522 516 518 521 721 719 524 720 543 541 538 541 545 547 548 551 550 545
408 409 131 134 122 135 123 96 98 96 99 121 124 135 127 411 127 153 443 470 474 473 471 469 155 131 125 123 120 97
795 798 797 794 788 791 1029 1025 796 795 797 1026 1028 792 1030 1036 1030 1033 1039 781 785 782 787 784 786 788 792 1036 1035 1041
307 310 314 317 313 317 320 319 292 315 311 313 317 343 349 393 392 380 373 370 367 667 665 695 699 714 568 713 700 701
986 989 983 828 830 828 830 828 983 988 982 983 985 984 989 991 984 990 985 982 989 990 993 997 824 825 823 997 1002 1000
1036 1030 1034 1031 1032 1036 1030 1036 1031 1028 1024 1021 1022 1017 1015 1017 1013 1022 1018 804 1017 1018 1019 1013 1017 803 1015 1011 1013 1008
996 997 999 1002 999 996 1001 818 817 823 829 825 924 854 850 848 924 854 925 928 982 989 990 984 995 997 823 827 993 995
346 353 417 449 472 445 157 467 471 466 467 281 283 459 461 459 462 283 462 460 476 459 458 455 454 333 665 571 578 581
24 26 29 21 18 20 16 17 15 9 7 4 1 3 4 1 2 5 2 3 6 3 4 5 8 6 5 3 0 3
520 516 505 516 490 718 720 723 680 692 696 665 662 570 569 657 557 657 653 656 590 588 590 629 593 592 630 591 627 596
303 300 295 300 299 319 314 318 340 310 339 342 306 308 307 305 342 341 345 341 342 343 346 353 349 346 347 302 298 302
146 145 402 403 400 435 433 742 430 428 743 427 425 433 430 427 436 440 436 428 432 430 434 438 434 400 384 397 387 383
1073 752 149 129 151 410 138 136 139 146 139 136 127 408 407 752 751 750 1054 1057 1060 1064 1147 1149 1150 1146 1142 1159 1156 1161
514 515 512 517 515 513 510 488 716 489 716 490 520 523 528 533 537 535 536 539 538 541 539 541 720 718 716 676 572 660
201 200 198 194 192 184 186 185 193 192 195 194 184 186 191 190 186 188 1070 1071 751 749 1081 747 1087 1209 1079 1209 1087 1082
390 380 373 375 346 343 306 343 318 314 318 343 317 343 347 351 349 344 342 337 334 702 713 709 712 487 674 567 674 560
703 334 702 673 560 556 557 552 551 550 549 551 549 543 541 545 550 549 719 493 501 494 492 499 500 493 719 720 543 545
623 632 579 574 661 664 666 663 665 698 666 667 670 665 662 572 570 677 676 491 718 677 573 683 689 687 688 691 693 696
934 841 858 861 862 867 863 868 867 863 869 860 870 919 920 870 873 964 958 960 964 967 875 906 853 977 904 854 874 843
1060 1150 1151 1150 1149 1147 1063 1067 1058 1059 1056 1054 765 1051 1050 1051 1057 1063 1062 1077 1068 1066 747 1057 1059 1068 1077 1064 1058 751
17 14 12 14 15 16 21 29 30 29 21 17 15 9 11 8 9 12 15 10 11 12 14 12 10 7 6 5 8 9
535 538 532 527 522 518 514 517 512 517 506 514 518 522 528 530 528 532 530 527 523 528 530 526 522 525 721 542 541 544
659 632 630 658 634 575 661 660 665 660 663 660 572 576 582 581 577 659 578 678 676 715 716 678 719 679 682 574 578 582
12 16 20 16 15 17 20 32 34 32 19 22 31 20 33 20 18 17 15 18 17 20 22 19 18 19 32 31 32 20
605 599 596 593 596 630 599 630 590 654 651 654 653 651 670 702 697 696 731 697 698 694 697 333 482 332 702 701 696 700
576 1191 1188 1192 619 639 641 606 604 598 593 595 601 602 601 598 603 597 595 601 600 628 593 596 593 629 588 590 629 585
861 860 870 861 840 842 856 841 842 928 977 845 853 856 875 855 968 963 932 842 837 838 858 861 872 869 917 872 856 967
447 324 318 320 321 450 326 283 464 776 773 771 773 461 464 474 476 328 477 287 313 337 331 330 454 335 337 340 344 347
810 812 818 816 814 815 817 1008 1006 1003 1001 824 823 819 817 822 817 820 826 830 831 834 836 834 835 836 987 837 840 936
628 631 633 583 631 650 672 567 566 565 562 556 552 553 493 552 549 545 541 539 536 537 536 535 532 527 492 521 523 498
712 710 713 568 655 599 598 595 630 657 582 657 630 627 646 634 637 643 642 643 636 664 660 570 717 723 490 493 497 555
1162 1158 1163 1161 1158 1145 1160 1148 1154 1148 1152 1060 1064 1067 1077 1066 1059 1150 1059 1065 1063 1147 1144 1147 1061 1151 1056 1057 1060 1149
452 338 314 477 327 475 316 286 477 316 292 298 296 300 298 296 294 299 303 342 303 301 296 293 297 293 298 301 305 346
1097 1096 1092 1088 1094 1221 1103 1105 1225 1221 1223 1229 1206 1207 1210 1219 1225 1231 1105 1104 1230 1226 1225 1228 1108 1175 1172 1111 1110 1099
512 514 506 714 711 487 509 508 484 708 704 673 712 675 673 708 707 709 703 673 566 653 647 645 643 363 1241 1245 370 365
781 782 784 1035 1037 1042 778 775 1043 1037 1031 1036 788 785 1033 788 789 787 785 1040 782 778 782 1039 784 781 1043 778 784 786
367 669 666 695 736 693 699 570 573 684 573 684 686 687 689 681 680 727 726 728 733 696 693 729 725 730 733 693 699 714
331 337 422 423 453 332 452 420 419 449 421 436 742 435 440 768 763 762 760 761 762 765 766 774 766 1044 1038 1035 1033 785
77 79 82 83 80 82 80 79 78 75 77 74 71 75 69 74 70 75 71 75 70 66 61 66 65 63 60 61 57 55
719 548 552 548 551 555 501 502 559 502 498 501 520 493 494 549 546 545 544 549 717 676 571 659 664 667 663 667 669 334
420 448 418 449 419 357 365 382 369 380 381 392 380 377 379 377 392 394 389 392 378 349 378 375 369 382 362 385 1204 1203
366 383 384 386 388 381 395 345 394 396 359 421 399 421 424 360 433 428 741 772 464 776 777 783 777 1043 1046 762 768 466
283 281 474 328 449 448 445 446 445 153 406 155 131 154 758 160 163 161 163 167 168 172 173 174 173 167 172 175 177 176
22 27 25 29 31 21 19 21 17 21 32 34 36 35 36 33 20 32 35 33 36 34 33 36 37 38 39 38 37 36
429 433 742 739 742 437 768 469 767 466 772 775 781 779 784 787 792 796 798 1019 807 811 809 806 811 1023 804 801 799 1023
775 773 772 778 1042 1041 1045 765 766 775 769 771 741 769 441 768 469 768 772 766 772 466 769 773 771 1050 771 765 1050 1046
255 259 263 267 264 267 263 266 268 269 265 269 271 272 269 267 263 260 263 257 260 257 258 259 260 259 256 257 255 253
954 953 956 942 955 958 955 953 947 948 950 952 946 942 959 956 959 960 961 957 943 957 954 952 948 950 946 951 944 916
350 352 354 416 413 355 345 354 417 345 341 357 341 452 425 455 452 340 338 368 366 365 382 385 1233 1203 1202 1228 1229 1205
808 809 812 809 814 895 1023 811 806 1012 805 1013 806 801 798 1029 1026 795 796 797 799 1019 896 898 1005 902 975 904 906 905
1058 1062 1069 1072 1067 1073 1078 1091 1212 1221 1209 1091 1095 1097 1101 1107 1206 1208 1085 1089 1141 1146 1140 1138 1089 1090 1087 746 1054 744
1096 1098 1095 1097 1093 1094 1088 1077 1062 1077 751 1082 1079 1090 1140 1092 1141 1093 1089 1090 1089 1088 1094 1212 1091 1093 1099 1094 1218 1215
621 623 633 643 648 645 647 643 649 602 596 628 597 601 604 624 618 621 624 632 626 624 618 614 1236 1240 1241 366 1243 648
842 927 979 981 984 983 991 996 997 996 1001 819 818 821 1000 817 901 814 1004 1008 1007 814 816 818 822 926 846 851 876 908
1199 1202 1116 1199 1204 1209 1211 1222 1217 1220 1214 1213 1225 1108 1112 1164 1165 1111 1099 1111 1116 1194 1198 1237 1236 615 1236 641 646 647
851 923 926 977 970 978 972 966 965 968 907 968 912 908 854 908 876 910 911 913 908 878 915 877 913 879 880 879 882 883
515 514 725 518 505 515 504 487 506 507 512 514 516 504 491 716 677 569 567 658 659 676 678 577 580 583 550 544 552 544
626 589 587 584 549 717 716 718 490 491 718 490 489 513 489 505 714 702 671 700 694 454 334 482 484 508 511 509 506 486
40 42 46 42 39 41 44 47 50 55 62 60 56 61 57 59 57 54 56 57 61 64 63 62 68 67 65 62 66 69
731 728 724 721 543 545 550 581 633 575 578 660 664 634 644 639 1192 1198 1112 1164 1161 1139 1161 1138 1089 1140 1144 1138 1140 1142
434 742 428 738 457 478 329 454 330 476 317 312 310 318 321 344 394 392 378 377 394 354 345 342 338 368 669 367 364 668
1069 1068 1059 1056 1052 1153 1151 1056 1054 747 1060 1151 1149 1150 1148 1056 1055 1059 1067 1066 1079 1213 1210 1207 1229 1223 1224 1102 1221 1209
590 596 600 606 645 1243 1245 1243 365 668 666 661 660 662 699 571 678 681 682 687 681 572 680 681 572 575 579 622 624 632
136 139 137 410 138 137 136 138 127 411 406 409 142 150 138 126 137 143 411 136 411 136 132 152 146 127 410 138 136 139
787 782 788 793 795 793 1029 798 804 1022 1026 800 799 1026 797 1025 1027 1024 892 890 887 890 892 891 888 891 890 888 891 894
547 550 586 587 584 579 635 639 1193 642 606 642 646 630 627 657 567 561 558 555 493 502 491 500 502 500 492 555 493 553
1062 1073 1067 1061 1147 1063 1151 1058 1068 1058 750 752 407 405 401 402 408 411 406 438 767 763 767 437 768 763 765 1051 761 750
701 698 334 698 696 677 573 635 638 643 363 667 362 366 359 398 421 357 341 321 344 345 340 336 314 336 341 451 452 338
363 365 667 361 422 359 420 355 418 449 451 421 420 344 354 395 378 377 376 393 380 395 355 393 394 369 372 338 314 312
636 660 570 578 658 672 701 714 486 702 675 712 706 708 709 673 560 566 565 674 672 702 333 701 334 703 333 702 699 693
381 370 364 366 382 145 144 138 137 142 143 405 408 151 752 148 405 148 1079 1208 1222 1216 1211 1206 1108 1099 1106 1177 1105 1103
1068 1071 1061 1151 1145 1141 1135 1139 1141 1164 1162 1165 1162 1160 1164 1141 1142 1144 1089 1141 1093 1091 1090 1086 746 745 748 1079 1212 1222
96 124 122 130 131 125 128 151 148 150 142 145 406 148 147 127 408 148 1081 753 407 146 127 125 127 149 1215 1216 1075 1215
645 632 654 648 655 567 704 673 712 709 705 706 707 709 673 703 485 484 706 671 669 668 361 367 368 367 1242 640 641 645
81 82 85 88 89 91 87 86 85 88 85 84 85 84 82 79 80 77 76 71 73 78 75 72 73 74 76 69 72 68
524 528 530 528 533 535 531 537 536 532 539 536 538 536 538 532 530 526 524 529 537 539 536 538 540 532 529 533 535 538
1217 1211 1213 1095 1213 1221 1224 1226 1104 1230 1207 1211 1083 1088 1081 1091 1083 1080 748 747 1086 1088 1061 1074 1079 1209 1214 1210 1211 1225
698 701 333 335 706 704 565 559 493 520 523 519 521 518 521 724 517 519 502 503 490 676 675 657 631 626 629 593 592 594
962 963 935 859 937 940 942 938 942 944 945 947 944 942 939 940 860 937 935 960 914 873 872 856 851 906 977 853 907 908
1010 1007 897 898 902 903 976 972 977 972 976 903 902 976 899 814 809 814 1004 810 812 807 805 799 804 801 807 1022 1018 1015
419 449 327 420 356 412 137 409 152 133 413 405 410 411 415 411 142 139 142 137 140 144 139 136 134 153 414 133 130 122
1241 1238 641 609 604 615 618 616 1182 1187 1183 1182 1181 617 1192 1181 1235 1237 1193 1195 1192 640 642 632 658 578 577 678 572 575
345 349 345 343 306 304 301 304 303 345 419 356 359 361 364 397 401 435 427 437 427 424 426 740 462 457 460 330 331 481
216 217 218 220 222 224 225 226 228 226 228 230 228 229 231 232 234 232 231 234 237 235 233 231 234 235 236 238 236 238
649 654 655 628 623 632 582 623 643 638 1193 1197 639 637 635 579 574 573 663 573 677 675 712 673 560 564 562 558 559 496
711 713 709 712 711 710 713 565 675 716 680 689 681 683 688 683 691 695 691 690 731 727 730 733 506 513 504 715 556 676
427 426 433 425 427 433 428 737 735 456 332 702 697 695 693 698 666 662 572 581 572 679 681 691 732 727 691 694 731 691
885 883 887 890 887 886 882 880 883 884 886 887 889 887 883 880 882 879 883 885 889 885 889 892 893 895 894 899 903 845
98 120 121 98 118 120 117 119 116 101 118 102 104 106 108 110 109 111 114 104 116 101 118 100 97 99 121 120 97 120
263 260 255 260 265 261 262 258 260 257 261 259 254 257 254 252 254 256 260 265 263 264 263 266 268 266 269 271 273 274
1006 1008 1005 901 899 900 898 895 811 808 810 814 810 1010 897 1006 1002 1004 1000 997 823 820 993 992 990 984 985 986 989 987
884 881 882 886 885 888 891 892 890 891 892 890 893 1020 1016 803 800 806 810 813 1005 898 902 976 903 845 903 974 972 905
1219 1221 1104 1227 1104 1100 1099 1096 1100 1219 1210 1220 1217 1219 1215 1217 1213 1079 1066 1071 1074 1066 1074 1078 754 1067 1060 1152 1057 1052
246 243 245 242 239 236 237 234 233 235 233 234 236 235 238 236 234 236 234 235 237 240 238 240 238 241 242 240 243 244
814 818 812 807 1022 797 799 800 801 804 803 1019 807 1019 1018 1016 1015 1011 1014 806 1011 804 803 1012 805 802 1016 1014 1015 1016
92 94 92 93 96 125 123 96 120 117 120 99 116 115 104 101 100 115 100 98 123 136 126 135 122 98 118 117 103 111
1059 1065 1066 1074 1066 1073 754 760 761 753 755 760 764 763 768 434 746 1057 747 745 765 762 761 758 755 1078 1067 1060 1065 1059
505 515 519 518 505 516 504 488 490 491 499 497 498 555 499 501 503 515 518 725 517 505 503 523 520 504 714 702 671 651
581 578 632 633 655 649 652 647 645 632 634 575 572 573 678 572 576 572 577 579 584 550 544 552 551 494 719 492 719 722
1025 1019 804 1014 895 896 901 1006 1001 824 994 989 982 828 987 835 832 829 830 824 997 993 998 1000 1003 1007 1011 1012 1013 806
1195 1116 1114 1166 1113 1112 1111 1169 1113 1108 1110 1122 1167 1117 1168 1119 1120 1116 1117 1167 1170 1127 1129 1126 1124 1123 1121 1119 1164 1138
771 465 282 474 320 322 344 349 354 419 341 372 371 372 345 304 343 346 353 350 345 393 345 350 303 305 346 344 340 450
72 77 73 69 73 78 75 74 78 81 79 81 82 81 78 80 81 79 82 81 83 86 89 87 86 90 91 94 93 92
1198 1202 1201 1206 1201 1207 1209 1213 1095 1096 1140 1090 1099 1097 1094 1092 1098 1133 1110 1099 1103 1101 1104 1108 1199 1233 1235 1181 614 1236
736 734 735 693 733 734 732 488 506 516 490 677 571 574 579 584 581 547 546 545 547 544 552 555 494 555 552 548 551 552
78 73 74 77 75 71 65 68 67 70 76 72 69 67 61 66 62 57 53 58 54 55 51 52 49 48 44 41 43 45
144 140 411 146 409 411 413 417 344 350 344 339 342 338 422 358 359 400 358 400 399 402 403 398 362 398 382 369 372 394
1120 1122 1110 1131 1133 1111 1106 1110 1130 1102 1098 1097 1221 1217 1212 1211 1225 1105 1178 1174 1170 1188 1184 1180 1236 1233 1227 1233 1238 640
652 670 650 646 641 645 642 643 641 643 644 647 646 624 622 624 625 630 588 590 654 656 567 565 562 558 588 631 591 599
494 550 549 580 550 552 495 550 549 545 544 548 719 720 721 520 722 518 516 504 715 675 702 714 699 701 332 331 453 455
854 851 852 846 848 923 844 846 872 918 869 870 924 926 925 822 823 822 827 823 828 837 839 857 963 873 943 944 945 946
849 851 874 967 968 876 911 908 909 876 875 907 853 845 906 971 978 843 980 843 857 930 844 978 845 906 904 905 846 927
84 81 82 84 82 83 82 80 79 78 74 72 74 77 75 78 76 73 70 69 71 70 71 73 70 68 67 60 57 51
122 96 120 118 117 101 100 103 104 107 105 102 116 118 120 96 94 97 95 98 96 122 130 134 136 132 129 130 136 135
187 192 187 185 182 185 194 185 192 187 189 186 184 187 184 193 191 188 190 185 190 192 193 184 182 177 180 179 177 180
404 409 413 355 345 342 375 372 341 419 345 346 344 355 353 351 345 356 358 424 420 452 425 738 694 691 694 738 739 461
553 499 553 584 578 573 570 572 634 635 638 640 643 640 1192 1184 1171 1167 1169 1165 1161 1159 1163 1158 1157 1155 1153 1053 1050 1046
782 786 791 1032 1036 1035 784 781 776 774 773 771 767 157 156 441 437 438 403 405 404 1084 1085 747 753 751 748 751 1080 1208
76 79 77 76 72 73 70 72 75 73 69 66 64 68 65 71 69 73 78 81 78 79 77 73 74 73 74 77 73 75
1192 1182 617 613 1180 611 1239 610 1240 641 607 612 609 608 607 604 607 604 615 617 1181 1175 1174 1171 1199 1194 1193 642 641 644
915 878 908 968 962 933 840 932 843 927 846 852 851 855 964 960 956 942 957 939 961 962 961 957 955 952 943 948 949 953
1055 1054 1052 1050 762 759 764 761 753 760 757 758 754 753 1081 1080 1077 1078 1216 1079 1215 148 1215 1210 1205 1201 1203 1208 1083 1211
1159 1160 1145 1149 1146 1148 1144 1141 1164 1166 1168 1188 1120 1118 1198 1200 385 384 385 384 385 362 397 368 669 647 649 598 601 598
243 245 247 246 244 247 245 246 244 247 249 250 253 251 254 251 249 248 246 245 247 246 249 248 247 248 251 248 245 244
310 315 296 301 296 298 295 316 320 315 320 321 316 295 293 297 300 301 303 345 344 324 347 344 346 355 357 345 351 348
329 331 479 335 706 708 709 708 707 483 707 709 707 710 705 674 705 670 672 650 656 567 675 567 671 702 568 674 566 567
430 744 745 744 749 754 758 160 154 409 410 402 406 148 1078 1083 1082 1210 1223 1222 1227 1104 1107 1100 1094 1100 1097 1102 1105 1225
351 345 379 378 377 379 396 387 388 395 391 392 378 395 397 380 357 450 327 477 314 316 319 322 344 303 345 417 351 348
589 585 586 589 629 588 591 595 629 654 598 600 605 604 603 645 607 609 1240 1237 1234 1230 1231 1178 1177 1174 1177 1106 1177 1172
774 773 769 469 471 466 472 156 155 759 755 1077 1074 1071 755 758 753 1081 1078 1074 1076 1081 1082 408 148 147 410 138 409 137
847 850 849 850 852 846 847 854 967 855 967 963 960 942 958 959 934 858 841 934 932 841 934 858 919 920 829 830 827 822
73 75 78 77 74 69 73 74 78 73 74 75 77 75 77 72 73 76 72 76 72 70 69 76 78 80 83 80 79 81
469 769 740 742 743 434 428 425 454 423 426 427 429 430 744 746 1054 1055 1061 1060 1058 1071 757 753 407 153 154 409 413 443
665 660 677 573 574 573 677 716 491 492 503 504 714 703 713 710 486 710 705 670 702 670 648 645 603 598 600 604 624 628
507 510 486 714 569 677 717 720 524 722 518 513 517 504 517 504 502 717 679 682 662 665 661 570 677 676 677 680 728 690
902 853 903 904 971 977 975 971 904 977 901 897 1009 1014 1013 1022 800 804 1013 1019 803 1017 1019 1021 894 899 898 976 899 894
1030 1036 784 778 773 771 776 775 777 1043 777 776 464 465 474 286 289 312 318 312 318 299 294 297 299 294 296 297 293 298
181 180 183 184 185 187 191 188 185 194 185 187 189 191 188 1068 1067 1078 1073 1061 1071 1072 1073 1079 1215 1078 1075 1080 1088 1094
571 578 572 576 635 575 660 661 577 572 573 682 573 571 570 678 571 679 677 716 503 521 723 724 728 680 696 697 700 571
124 135 153 131 132 153 132 136 124 126 134 136 132 131 133 127 410 411 408 153 135 122 99 101 104 102 105 111 109 110
164 161 163 168 162 168 171 170 168 166 163 161 166 165 160 165 167 169 172 174 176 178 180 183 187 190 191 185 183 181
237 239 236 238 241 242 244 247 249 251 248 250 252 250 247 245 243 246 244 241 238 240 242 239 238 235 233 231 234 236
438 399 360 363 360 399 401 358 401 403 443 442 440 438 744 768 440 419 356 421 328 421 424 433 426 453 333 700 676 717
984 998 999 996 1000 820 997 993 990 993 824 994 995 993 827 834 838 858 874 871 856 854 908 911 908 854 851 845 978 902
794 793 789 783 782 785 1033 1028 795 797 795 796 798 1026 1032 788 787 781 775 770 437 434 744 742 740 433 360 667 665 699
143 410 145 147 146 406 411 416 356 395 392 396 355 353 352 354 418 450 326 476 284 328 329 452 337 331 453 451 463 283
595 653 649 654 646 633 659 661 634 658 582 550 552 547 550 582 579 581 547 552 550 549 719 723 679 680 717 553 555 501
579 632 631 629 590 631 585 583 587 586 589 630 624 646 654 567 704 700 715 718 524 718 680 716 492 491 494 491 498 497
8 9 6 4 6 9 15 13 12 13 15 11 16 13 15 13 14 13 12 16 10 9 8 6 8 9 8 5 2 5
948 953 946 952 956 946 951 946 947 946 953 954 952 945 952 949 952 947 942 945 956 914 875 913 961 914 964 969 963 965
389 381 365 371 379 389 392 396 392 396 394 355 358 422 425 426 423 422 399 396 383 396 372 368 363 367 1241 640 1196 1194
372 370 381 356 421 424 739 457 330 335 334 704 671 334 484 710 705 701 332 331 336 706 711 485 487 713 676 678 571 699
819 1001 824 830 826 829 836 834 831 827 834 831 830 827 824 819 813 1005 1000 998 997 993 990 994 825 822 925 903 978 902
1210 1204 1209 1225 1205 1229 1200 384 401 384 362 398 399 403 401 396 357 450 420 396 395 394 373 374 377 378 379 388 387 384
820 818 813 1004 813 808 1013 801 1013 810 809 1011 810 815 821 818 820 821 925 928 977 971 854 924 919 870 861 864 866 865
439 405 146 141 145 409 150 151 131 135 153 410 153 406 152 752 753 751 746 745 747 1077 1061 1073 1066 1073 750 745 1054 745
786 1036 1035 788 786 791 1032 1030 1033 789 1032 1038 1033 1029 1027 894 1023 1024 1028 792 1030 1026 1031 1027 811 812 817 818 817 1000
1124 1123 1127 1125 1128 1129 1130 1128 1132 1133 1136 1142 1145 1139 1143 1140 1135 1139 1144 1161 1164 1111 1172 1175 1233 1236 1181 611 614 1181
602 606 603 627 650 657 653 651 655 632 629 625 629 593 596 591 588 630 595 592 591 597 598 603 602 608 605 608 604 599
1237 1232 1227 1228 1107 1172 1168 1167 1188 1187 1186 1190 1171 1199 1237 1181 1182 1185 1184 1185 1186 1171 1186 1182 615 620 618 615 616 615
1037 1040 1035 1031 1029 1030 1032 789 791 787 1036 1030 1025 799 796 795 796 1029 796 798 804 1012 805 799 807 799 797 793 797 792
907 972 907 904 971 906 908 910 913 908 909 906 877 878 881 883 882 886 884 882 879 877 876 850 848 852 849 847 850 852
474 463 473 463 285 477 288 477 314 337 317 339 344 322 323 320 323 318 327 448 446 414 415 393 395 369 396 420 421 440
193 194 192 189 188 191 194 197 196 193 184 191 192 183 186 189 185 187 186 183 178 182 185 183 186 187 173 175 177 183
1146 1157 1142 1140 1139 1133 1129 1131 1124 1127 1132 1138 1160 1141 1163 1164 1134 1135 1137 1114 1116 1167 1169 1167 1170 1168 1116 1168 1112 1199
600 627 645 1243 644 606 601 606 604 609 1236 614 1236 1239 1240 641 644 639 619 621 622 618 1182 615 610 1239 609 615 612 1235
265 261 258 260 256 258 264 266 264 261 264 265 263 264 259 257 259 261 263 260 265 266 262 259 261 262 265 261 257 256
513 515 513 515 503 715 674 713 485 713 507 506 516 502 503 519 501 493 719 722 490 506 510 486 713 673 569 677 696 732
937 938 957 939 934 840 842 839 838 860 937 939 937 940 872 936 941 957 938 941 937 936 959 960 961 962 957 942 944 940
892 895 896 897 898 904 903 845 928 927 825 922 919 916 857 844 858 861 860 937 936 841 935 959 961 964 874 873 875 851
650 654 655 646 652 648 642 607 616 615 614 617 620 638 575 633 582 588 591 592 595 599 595 653 630 567 569 670 664 667
437 435 437 436 432 429 432 743 431 432 427 360 365 398 365 360 422 453 421 399 357 369 368 379 376 377 371 376 374 368
707 706 673 713 485 509 486 487 674 675 714 487 508 510 486 674 700 694 696 677 678 659 580 546 549 545 544 541 720 540
1178 1181 1184 1187 1185 1192 1186 1183 1187 1185 619 616 610 616 615 619 614 616 618 616 622 625 628 627 655 653 647 632 656 672
1171 1174 1178 1181 1196 1238 1237 1196 1237 1233 1234 1237 1197 1115 1164 1112 1169 1108 1112 1203 1198 1193 640 1242 643 642 645 606 642 641
1022 1026 1028 1033 1039 1043 1046 1051 1048 770 775 777 776 779 780 784 783 777 780 1039 1038 1040 1034 1039 788 782 788 1033 792 1032
910 908 912 968 963 934 857 967 973 969 973 975 978 843 928 978 976 971 908 878 911 879 882 885 884 882 886 885 887 886
111 106 111 108 110 107 109 107 111 107 111 114 102 103 100 101 103 112 114 104 113 104 112 110 107 104 111 110 107 110
527 522 520 518 505 517 521 718 719 552 544 546 547 546 580 585 588 631 588 591 597 594 593 594 592 629 589 590 629 595
798 1021 1022 1023 1020 1025 798 796 1029 796 792 1028 792 795 1025 1027 1026 798 1021 1020 1016 1022 1016 1019 800 1022 1021 1023 811 1030
449 327 330 423 422 360 421 423 421 451 327 284 475 284 286 477 328 285 328 476 459 454 452 338 452 330 424 426 428 743
279 276 279 276 279 281 463 464 776 771 465 775 1043 777 783 785 1036 786 783 784 782 785 1035 1040 785 1038 1034 1036 1041 1035
730 692 690 727 723 717 556 554 496 500 502 516 503 506 729 726 723 517 724 727 728 723 680 717 549 719 717 502 501 491
89 92 94 95 124 136 126 151 409 412 137 136 411 414 353 348 346 349 345 350 302 298 301 298 299 300 295 297 299 298
402 357 381 379 388 381 357 419 448 446 416 418 353 346 376 345 344 418 326 450 317 327 328 474 320 321 326 463 475 328
241 243 245 243 240 243 245 248 246 247 245 242 244 245 246 249 250 252 254 256 254 256 254 257 256 260 257 254 257 261
597 592 597 595 654 631 655 595 653 568 565 672 702 714 716 570 675 714 675 702 712 705 702 332 702 698 736 696 698 697
256 253 255 252 249 250 248 247 249 246 247 246 247 245 248 251 249 246 245 246 244 243 242 239 240 242 244 242 245 242
462 458 456 424 358 364 361 399 405 403 438 439 403 405 406 400 438 403 440 442 153 155 440 444 152 131 150 407 146 140
481 484 709 710 708 709 707 709 707 710 483 706 707 704 708 484 704 485 710 704 671 334 704 674 713 703 709 484 705 702
773 777 780 783 777 782 786 790 785 1035 1038 1044 1039 780 776 774 775 773 774 770 740 770 1050 1047 774 771 774 1043 1042 1040
1007 1002 817 820 821 824 829 922 847 850 848 852 854 876 874 845 903 925 847 925 854 853 899 897 901 899 895 811 810 808
99 119 117 100 101 104 101 102 101 116 103 100 103 115 117 119 123 98 119 102 100 120 118 116 115 116 101 119 101 114
1174 1180 1179 1183 1174 1179 1177 1106 1177 1175 1108 1106 1109 1107 1169 1110 1170 1184 1179 1182 1186 1188 1171 1184 1185 1184 1186 1189 1186 1190
726 723 717 490 492 502 500 556 553 495 498 497 499 559 496 558 564 565 561 558 500 559 562 559 499 497 499 492 523 722
1203 1199 1237 1235 1239 611 613 614 620 614 609 610 641 647 650 627 589 629 592 630 599 605 610 613 1183 1175 1179 1183 1175 1179
277 279 282 464 475 284 474 327 329 454 334 702 569 702 673 656 649 648 653 630 629 591 593 598 593 591 655 566 653 649
1032 1026 797 798 1026 795 790 785 1032 1027 798 800 798 795 793 797 792 1033 1030 1026 798 1019 1017 1018 1014 1023 807 803 1014 807
643 646 644 646 650 658 655 646 624 645 647 642 623 631 657 566 560 673 704 711 487 488 503 505 487 704 707 710 704 703
53 52 53 58 63 61 62 64 63 56 50 49 48 49 47 45 44 48 46 48 50 47 46 49 46 45 44 47 49 50
737 428 430 744 1053 1052 1048 774 771 769 437 440 767 438 435 403 443 449 472 281 472 157 154 444 448 324 447 470 441 466
616 618 614 609 610 615 613 611 614 612 617 613 610 607 612 610 605 606 608 605 604 603 597 603 605 601 599 654 653 567
333 337 423 331 455 332 697 702 669 364 369 374 376 349 347 348 303 346 350 347 304 346 303 305 342 340 337 338 336 333
613 1236 1180 611 1180 1183 1181 1178 1179 1173 1170 1124 1122 1130 1126 1174 1184 1175 1108 1102 1104 1109 1133 1106 1102 1221 1103 1102 1107 1101
608 605 606 601 603 608 602 597 593 594 600 603 598 596 630 589 656 569 633 660 657 569 572 662 682 662 695 693 699 694
606 642 634 659 570 572 576 577 578 634 570 572 577 579 638 620 642 632 645 650 672 713 486 702 568 570 716 678 573 572
845 927 828 982 929 927 930 981 987 981 985 983 990 991 997 1003 1007 1009 1012 804 807 1026 1023 1025 796 794 793 1029 1032 789
1184 1188 1120 1119 1165 1169 1134 1138 1164 1119 1118 1194 1196 1200 1201 1203 1225 1209 1090 1084 1205 1111 1137 1111 1205 1211 1083 1082 147 405
172 174 176 177 175 176 171 173 171 172 170 166 758 753 749 407 147 1082 1080 1078 748 1088 1077 755 758 755 758 759 763 1045
916 857 966 932 843 859 940 873 914 917 916 872 840 935 932 930 979 982 983 984 989 993 994 823 825 819 814 809 808 811
678 570 569 702 704 675 672 709 711 713 715 674 711 485 712 706 711 483 484 709 712 713 704 703 706 710 706 708 710 508
943 957 956 952 944 952 944 948 949 948 949 946 947 942 954 946 949 951 942 959 960 955 957 955 958 963 856 842 844 874
561 566 674 657 650 651 652 656 650 652 670 671 569 657 656 649 653 568 567 569 703 672 651 654 632 655 630 590 630 628
190 186 183 182 179 182 184 192 184 193 195 197 194 196 195 198 200 197 200 203 202 205 204 203 207 203 202 199 197 196
284 464 459 454 422 338 343 346 375 376 374 369 382 384 397 356 381 382 396 369 366 359 422 357 399 422 426 427 739 424
705 710 709 704 708 707 709 674 672 674 703 714 676 490 676 488 715 487 486 489 486 488 676 678 553 554 588 631 626 630
763 767 438 743 771 776 778 781 785 790 785 1039 1041 1047 1052 1152 1155 1158 1141 1162 1156 1155 1149 1153 1053 1058 1061 1068 1062 1068
69 66 69 65 67 61 57 56 63 60 65 62 58 56 57 63 55 60 61 59 56 53 56 50 48 47 45 42 41 42
1081 1080 749 746 745 1050 1047 1043 1046 1050 743 745 744 745 1057 1052 1056 1051 1054 747 751 748 1084 1080 1212 1214 1213 1082 404 145
674 568 659 660 577 576 572 661 665 569 703 706 672 657 567 650 567 656 657 658 650 657 659 633 658 657 629 624 642 639
135 133 134 133 446 448 416 447 326 327 318 327 340 315 340 317 450 448 473 468 776 465 463 281 464 468 772 466 441 155
378 379 372 367 1242 642 1193 1197 1200 1115 1118 1115 1165 1167 1168 1122 1171 1174 1126 1127 1125 1128 1133 1107 1103 1227 1105 1130 1107 1103
797 792 791 1029 796 797 1029 1031 1033 1036 1031 1032 1033 1039 782 783 789 1032 1030 811 1027 1024 1025 1027 1022 1017 1022 1013 1011 805
914 956 960 936 939 859 936 871 936 841 839 858 919 918 862 861 864 866 864 867 862 868 866 865 863 864 867 868 863 860
872 875 846 922 829 830 828 926 846 849 848 854 906 905 902 1005 817 813 809 1007 1004 818 812 813 1005 1002 1003 998 824 993
91 89 86 83 81 80 82 84 86 83 80 81 79 76 75 73 76 78 74 71 68 72 73 77 75 72 70 65 69 67
516 512 507 513 516 514 506 505 511 509 507 505 516 504 516 517 515 520 502 504 490 519 518 520 515 516 517 506 488 715
176 182 184 194 193 191 194 196 197 198 200 199 201 200 197 194 193 195 193 186 185 192 183 176 173 169 168 162 168 172
785 1036 786 790 784 790 785 791 792 795 1025 1024 1020 1026 811 812 811 895 1014 1009 896 1014 895 899 853 844 925 928 981 834
26 27 22 32 33 20 32 21 32 20 21 24 30 31 23 31 33 21 32 34 33 20 17 20 22 20 31 21 33 30
840 860 940 941 937 934 932 843 926 843 967 966 970 905 977 903 925 845 847 855 851 850 847 926 821 994 993 997 992 989
239 236 239 237 239 236 239 237 240 239 241 239 237 235 238 236 235 233 234 231 233 234 237 238 240 237 238 236 234 231
830 831 833 828 824 1001 821 925 821 817 814 820 993 989 983 982 989 984 990 985 981 930 931 934 840 837 927 930 929 844
119 123 97 124 122 119 117 102 105 102 119 117 115 117 102 103 104 111 113 112 103 113 110 112 106 111 114 116 103 102
189 186 193 196 197 200 199 202 199 200 198 199 201 204 203 202 201 200 202 205 206 205 202 205 208 207 205 208 205 206
511 733 506 507 506 732 691 684 688 682 691 692 694 691 696 677 700 672 703 675 565 566 713 488 503 500 560 561 656 673
867 921 924 856 875 907 877 906 908 913 915 874 913 914 964 959 942 960 942 945 949 951 948 952 951 944 939 957 938 942
16 18 19 32 30 21 29 22 18 15 12 13 12 11 12 15 13 12 15 11 14 11 8 5 6 5 7 9 10 7
477 314 317 288 291 288 311 289 290 286 317 326 449 324 449 420 327 477 288 316 320 324 320 327 420 355 448 324 448 472
757 1071 1062 1069 1067 1065 1060 1150 1145 1141 1145 1153 1060 1152 1147 1063 1067 1058 1056 1051 1050 1051 762 753 407 753 757 1071 1074 1067
875 854 852 848 924 922 924 920 871 856 855 874 913 877 909 876 964 856 857 860 857 930 841 840 843 846 849 923 925 853
1023 1029 1034 1032 791 790 787 784 781 1036 785 1040 1034 1040 1047 1042 775 767 465 462 476 330 451 421 451 337 334 701 332 479
54 53 51 49 47 48 47 45 40 37 39 41 39 42 44 45 46 43 40 37 40 39 41 40 38 39 40 45 44 43
1121 1166 1164 1160 1156 1148 1157 1148 1147 1150 1146 1149 1145 1158 1159 1162 1165 1162 1158 1157 1143 1064 1088 1081 149 1082 1091 1213 1208 1203
883 882 885 887 883 879 912 964 962 961 914 876 877 914 877 910 912 968 963 934 842 858 916 874 845 874 855 856 858 841
286 328 331 481 478 285 474 472 448 419 421 453 426 666 667 668 363 366 644 1241 366 1241 386 388 380 379 381 366 370 377
376 346 341 317 339 318 316 312 291 287 312 313 289 286 289 477 289 478 332 453 332 333 666 423 425 739 769 469 470 471
653 651 650 646 634 646 634 633 569 699 700 487 713 715 489 491 715 675 703 334 338 335 331 333 671 672 701 699 693 699
925 848 923 926 825 827 831 833 989 988 989 990 991 994 984 992 996 994 828 983 981 928 931 858 919 916 875 967 855 876
1111 1205 1084 1081 1088 1066 1074 1068 1061 1059 1150 1151 1153 1149 1060 1059 1054 1055 1151 1059 1148 1057 1152 1053 1059 1060 1067 1059 1054 746
294 291 311 310 307 308 305 303 302 319 292 288 481 332 698 703 705 701 696 662 574 577 659 582 659 658 672 569 671 706
928 845 855 845 852 848 851 875 851 849 848 853 905 855 853 856 968 856 875 854 903 975 907 972 977 974 905 854 903 898
531 525 521 490 504 516 515 518 505 489 488 503 515 514 512 510 733 735 738 459 455 332 701 486 482 335 454 698 695 662
188 190 188 191 194 191 189 191 185 189 191 190 191 192 184 191 186 185 189 192 190 192 183 178 180 178 175 170 165 160
1071 1062 1071 1066 747 748 1083 1088 1081 408 150 142 141 145 410 146 139 137 133 154 445 442 470 156 441 158 441 767 763 766
563 557 563 558 560 559 562 565 560 555 493 491 503 513 511 510 506 514 511 487 704 672 704 672 568 656 658 578 575 638
1089 1143 1161 1165 1121 1168 1120 1188 1121 1123 1127 1124 1125 1170 1112 1198 1200 1238 1234 1239 1234 1176 1233 1176 1234 1175 1183 1186 1184 1192
380 390 382 145 401 383 385 383 366 365 368 669 647 642 634 660 570 717 718 490 502 559 554 499 497 499 554 494 554 550
132 134 133 132 131 151 755 760 757 761 767 765 763 158 155 759 762 1048 1051 762 1054 1055 1151 1150 1059 1054 1060 1151 1055 1056
385 362 360 433 432 427 435 742 437 441 444 440 419 417 446 414 353 394 416 348 349 344 342 341 321 326 476 459 425 422
634 637 1194 1193 1191 1192 1237 1235 609 641 609 604 601 604 599 602 645 1241 1240 385 386 383 397 387 397 395 397 356 421 422
911 912 965 969 968 854 903 853 875 856 853 851 876 968 912 968 963 873 960 958 938 859 938 943 914 915 913 874 967 961
1052 1055 1053 1049 1054 1051 761 1051 1050 1052 1057 1054 1060 1061 1065 1061 1056 1057 745 1057 1153 1152 1154 1053 1052 1047 1050 766 770 769
1154 1148 1160 1138 1113 1168 1187 1170 1123 1170 1188 1123 1121 1124 1121 1169 1109 1202 1200 1194 1195 1181 1185 1180 1175 1234 1238 1199 1197 1196
70 69 68 65 59 64 68 72 75 72 69 71 76 78 74 69 68 62 68 72 74 70 73 76 71 68 70 74 76 72
273 270 269 268 270 271 268 271 274 276 278 281 282 281 282 284 474 471 470 445 448 444 439 405 410 143 410 405 404 401
364 363 369 1244 369 375 379 376 394 346 345 372 369 377 394 378 372 396 390 412 390 381 365 382 388 390 412 405 411 146
523 722 491 500 499 494 718 490 714 716 719 548 494 553 582 588 585 553 717 491 716 489 502 505 517 515 503 505 725 723
1152 1147 1149 1151 1146 1142 1145 1161 1160 1163 1117 1118 1168 1172 1202 1201 1207 1225 1105 1175 1234 1233 1227 1105 1231 1203 1205 1090 1212 1078
500 502 498 493 501 504 490 489 501 520 501 520 490 715 505 487 506 503 515 505 715 676 679 719 552 548 545 549 544 546
660 634 637 1197 1198 1195 1171 1195 1188 1184 1181 1184 1180 1184 1181 614 620 607 604 598 649 643 633 583 633 627 632 625 586 589
999 995 984 983 833 989 828 994 996 995 994 991 989 982 998 1003 1002 817 821 997 820 1001 1007 1001 820 816 1004 1010 1008 1005
43 44 41 40 45 44 46 48 51 57 55 53 58 56 55 62 66 68 66 60 57 63 61 63 60 63 57 52 54 52
10 15 16 17 21 19 17 21 16 21 29 21 24 27 30 28 23 21 19 32 20 16 20 21 22 20 32 34 33 30
562 564 567 650 653 651 655 631 655 590 656 654 649 632 579 576 578 661 634 638 635 643 638 575 579 659 661 635 639 642
1233 1238 1233 1236 1181 1180 1182 617 616 613 1183 1175 1181 1183 1179 1171 1112 1113 1117 1168 1165 1163 1158 1145 1159 1157 1162 1164 1111 1090
301 302 318 303 322 317 322 344 342 344 348 347 351 354 355 348 394 395 382 362 364 361 663 667 365 364 366 367 1243 369
921 830 833 829 836 829 826 828 989 986 983 986 929 986 982 984 998 1003 1006 1007 1001 1005 1001 814 817 998 984 989 834 835
839 861 870 839 857 933 963 966 968 855 853 976 902 978 845 856 963 969 971 905 853 925 847 844 854 907 910 880 877 851
1131 1133 1128 1133 1131 1127 1125 1123 1125 1123 1124 1123 1187 1184 1195 1192 638 644 646 658 659 580 582 658 647 658 627 629 628 625
232 233 234 235 233 234 235 236 237 234 231 234 236 234 232 231 233 234 232 233 231 233 234 237 234 231 230 231 229 230
1183 617 612 615 608 607 611 1181 1174 1175 1170 1175 1179 1182 1186 1190 1193 641 643 633 659 664 669 667 662 666 662 698 666 699
1063 1058 1067 1066 1059 1062 1070 1073 1078 1083 1090 1098 1137 1113 1167 1116 1201 1112 1111 1202 1204 1208 1225 1210 1227 1229 1210 1221 1209 1203
899 976 901 817 820 819 825 925 847 849 846 906 971 967 857 844 925 853 906 855 874 854 856 915 964 958 959 962 964 873
1091 1080 1083 1206 1232 1227 1104 1173 1112 1165 1112 1116 1194 638 634 637 639 638 633 660 579 581 553 678 659 664 665 666 699 695
240 239 236 237 239 241 244 243 244 246 248 251 250 249 248 245 247 246 248 246 244 243 240 239 242 240 239 237 238 239
260 264 260 258 253 252 250 251 248 250 252 253 250 252 250 247 245 247 250 253 256 258 264 260 255 253 118 120 96 94
490 676 674 715 490 521 518 722 718 680 572 682 689 683 682 681 677 716 680 718 520 517 506 714 673 675 701 698 695 696
995 983 833 987 990 995 993 990 989 831 833 835 829 828 927 825 922 920 921 867 866 868 861 869 865 862 870 872 855 856
895 897 1014 1020 1021 798 1025 797 793 797 794 792 796 792 1030 1027 1030 1027 1025 1026 1032 1034 1030 1033 789 784 787 781 787 789
844 846 922 924 870 862 865 867 920 918 870 924 846 845 853 905 970 973 978 972 971 973 974 977 906 971 904 902 898 902
1043 775 772 767 764 766 763 764 749 753 151 154 132 131 153 444 440 449 447 415 393 345 349 353 416 354 392 390 412 405
258 263 262 263 258 255 259 260 264 266 265 269 265 260 259 264 260 262 261 255 258 260 256 258 260 261 260 255 253 254
1115 1202 1108 1227 1103 1102 1100 1107 1106 1099 1096 1093 1089 1093 1100 1104 1176 1234 1231 1175 1169 1134 1132 1135 1132 1130 1128 1125 1127 1131
314 319 299 298 322 302 298 319 292 293 295 293 294 292 313 340 339 344 340 318 340 342 304 342 339 336 341 339 314 315
295 300 303 304 344 349 346 351 417 446 413 356 396 401 406 152 132 151 154 160 159 154 130 124 130 129 126 151 127 153
900 896 1008 1010 1014 1015 1014 807 1019 1013 1020 895 811 808 798 796 795 791 1032 785 1033 1028 1023 1025 1026 1027 1022 804 801 802
335 332 337 339 314 288 312 315 339 340 451 449 466 157 444 158 157 154 156 445 154 758 754 1072 757 755 150 148 406 400
361 422 421 423 454 459 458 738 735 732 727 729 724 723 718 552 551 552 492 494 491 493 554 495 553 582 581 579 632 645
598 604 598 599 629 625 628 631 655 591 592 596 629 656 672 650 648 651 650 671 670 652 654 651 648 650 672 700 333 337
749 764 767 441 769 775 778 773 770 437 768 441 439 402 398 359 356 398 397 395 379 378 373 367 369 357 369 372 378 395
357 380 391 380 394 380 387 382 366 371 374 372 370 381 388 390 382 381 382 389 380 357 421 452 328 421 423 453 450 422
484 710 709 705 712 486 710 704 711 484 706 335 701 703 704 486 711 507 508 713 714 711 712 711 483 333 455 698 333 665
550 583 631 582 584 550 554 555 557 590 588 557 555 558 563 560 559 554 494 492 500 493 500 560 564 567 658 568 655 646
234 231 230 231 234 233 234 233 234 231 233 235 237 236 235 233 234 235 234 235 234 236 234 231 233 235 234 235 236 239
356 397 358 398 362 368 357 418 345 341 355 413 405 401 383 366 370 377 392 355 341 344 347 318 316 295 302 350 348 351
433 438 442 470 443 470 155 132 136 411 412 356 381 370 371 376 375 379 388 389 393 354 356 420 422 421 453 423 331 456
826 824 994 821 1001 997 995 994 991 984 983 824 822 819 997 819 815 811 807 804 1019 1023 1019 800 1023 808 1026 799 1021 894
881 886 881 884 883 879 910 908 968 970 905 904 903 975 973 977 974 978 981 837 832 828 927 844 928 843 857 858 936 841
19 18 21 33 20 22 29 28 22 32 19 17 20 22 21 32 21 16 18 19 22 27 29 22 18 19 32 30 31 30
609 615 1182 618 623 642 643 664 659 634 575 635 1193 1191 1185 1183 1171 1169 1106 1174 1105 1227 1108 1232 1177 1232 1176 1170 1122 1171
762 768 440 419 417 354 345 342 345 343 317 477 474 463 283 465 768 763 760 761 1054 745 1051 1045 1043 1039 784 782 1039 784
297 295 299 322 298 300 296 301 300 303 343 322 321 317 315 316 288 480 454 426 436 403 438 403 407 404 403 438 403 400
723 725 730 735 730 725 723 721 724 721 524 493 524 523 528 527 528 529 527 532 531 532 536 538 541 538 537 533 529 534
340 313 291 313 287 477 329 288 291 312 315 288 476 329 450 419 450 451 326 466 768 766 767 771 773 461 282 470 473 283
1166 1117 1116 1166 1115 1197 1115 1166 1119 1121 1124 1127 1128 1130 1136 1141 1088 1141 1089 1091 1092 1088 1085 1080 1077 1082 1091 1209 1087 1092
130 132 127 409 149 151 147 1082 1084 1082 1080 749 1084 1208 1222 1218 1100 1107 1228 1207 1203 1197 639 638 641 606 605 609 611 614
641 640 1238 640 644 639 1196 637 1192 1182 617 618 615 608 604 599 645 649 603 646 624 622 583 586 585 588 629 654 629 589
529 527 524 501 494 548 544 719 723 720 544 552 491 718 492 502 715 556 495 555 558 561 563 558 563 561 656 567 560 500
582 631 568 631 623 619 625 620 623 638 639 1237 1195 1199 1198 1201 1199 1108 1105 1227 1103 1129 1126 1131 1124 1131 1126 1109 1199 1238
860 863 865 866 867 868 835 868 921 870 840 872 857 932 967 970 977 906 907 912 911 910 877 879 912 911 876 878 880 879
1211 1209 1204 1203 1228 1106 1099 1110 1114 1163 1119 1166 1170 1169 1168 1170 1123 1131 1122 1134 1109 1122 1130 1170 1187 1123 1131 1130 1170 1122
904 898 901 977 906 845 843 970 978 926 903 926 928 857 874 857 963 959 936 938 958 939 961 955 942 940 916 858 857 860
170 168 163 166 161 165 169 174 173 176 175 177 174 171 168 166 161 163 162 165 166 167 172 171 169 168 170 175 174 172
1239 1235 613 1182 1187 1186 1181 1175 1234 1229 1227 1222 1223 1218 1213 1212 1217 1222 1226 1104 1224 1228 1109 1106 1127 1130 1105 1232 1233 1228
473 283 286 478 453 455 478 285 477 288 285 476 288 315 313 291 287 316 477 285 478 313 312 295 297 294 298 300 296 301
1008 1007 814 810 896 1014 1019 1024 1023 1028 1025 1029 796 1025 798 804 1019 1022 1019 799 803 1015 1012 1019 1018 1014 1009 1010 1006 1004
235 236 238 236 234 233 235 236 239 242 241 238 241 243 245 242 243 245 246 243 244 245 243 242 244 247 250 253 250 248
518 515 516 522 523 525 524 523 520 515 503 490 504 714 713 712 487 507 513 511 507 513 510 506 516 503 501 504 515 514
909 908 968 970 965 960 959 935 936 941 942 945 946 950 946 952 946 943 938 939 934 933 936 871 860 940 945 952 956 960
732 734 727 723 728 732 694 699 663 664 667 363 368 373 370 381 380 395 390 393 395 394 418 449 328 450 325 474 448 472
828 827 989 995 824 983 927 983 986 989 824 995 984 995 999 1002 1006 1008 898 1009 1008 1006 1001 1005 1003 999 996 1001 816 819
990 993 994 992 994 821 827 828 827 991 989 824 993 990 993 991 993 827 831 833 837 834 983 824 821 824 989 984 986 833
37 36 35 37 35 37 36 34 35 33 35 34 32 31 32 19 32 21 17 16 15 12 16 11 16 15 11 16 20 33
185 194 196 199 196 198 194 196 198 194 193 183 186 193 196 198 199 200 197 198 200 197 199 201 202 199 200 202 199 197
624 642 620 619 639 1193 1195 1168 1190 1188 1121 1170 1127 1128 1131 1122 1124 1121 1119 1122 1166 1115 1200 1202 1115 1116 1118 1117 1167 1190
926 922 924 919 924 829 828 988 989 994 823 997 993 991 984 828 983 981 983 994 998 997 821 827 832 836 833 829 823 828
247 245 246 249 252 249 248 245 248 245 246 244 243 245 246 244 246 245 244 246 244 245 243 245 247 245 247 244 245 248
63 58 60 66 67 71 72 68 71 67 71 68 66 70 69 70 73 76 72 69 66 60 62 61 67 65 60 55 61 60
964 966 968 855 843 857 871 869 870 858 856 857 967 874 855 907 904 977 901 1009 1012 1014 1015 1018 803 1015 1019 1014 1016 1015
38 39 40 38 40 43 41 44 48 51 56 50 53 51 55 60 64 61 60 58 55 61 56 61 58 64 67 71 69 73
203 202 205 204 201 202 203 201 202 201 202 199 201 199 200 201 199 198 196 199 196 194 195 193 186 187 185 191 185 183
309 306 343 306 308 307 309 311 339 310 313 314 337 334 483 333 482 481 480 479 456 459 455 478 313 331 453 426 433 432
859 935 840 859 916 856 859 935 841 840 871 873 960 939 958 942 951 946 947 949 953 955 961 957 962 967 856 859 857 839
728 725 518 520 515 518 522 526 522 520 722 718 720 524 718 491 555 496 556 553 495 494 552 547 550 544 720 524 493 556
644 641 609 641 1193 1237 1195 1171 1174 1126 1130 1173 1107 1104 1226 1225 1208 1202 1203 1233 1231 1104 1227 1233 1175 1176 1178 1180 1174 1176
1061 1055 1058 751 1079 1090 1083 1084 748 1085 1083 1206 1208 1212 1083 1207 1212 1076 1074 1079 1076 1216 1219 1210 1220 1221 1214 1210 1222 1215
112 114 106 104 103 114 111 112 114 105 103 104 101 99 122 125 133 136 132 125 128 756 760 756 128 151 130 154 151 130
1045 763 767 469 772 773 461 773 774 1042 1041 1045 766 774 1043 782 788 786 789 1033 1029 1031 1027 811 807 1014 1023 1028 1034 1033
1028 1027 808 1027 894 1024 1022 1023 1026 1020 894 1019 1023 807 811 815 818 812 816 817 1001 1007 1005 814 895 897 902 979 928 929
184 193 185 191 186 185 192 184 183 186 184 194 196 194 193 192 183 178 183 193 195 184 193 185 192 190 189 190 192 190
681 689 680 716 728 724 722 718 494 551 553 555 550 556 502 498 502 717 676 714 703 334 336 341 336 339 318 324 418 447
632 647 651 647 641 1241 386 1240 1241 363 367 364 362 667 361 360 399 401 404 145 143 145 142 145 409 411 136 133 134 137
697 702 666 333 482 333 335 338 336 311 483 334 484 705 708 709 710 484 709 672 568 672 670 668 671 665 698 455 453 423
945 940 872 841 839 931 844 930 981 980 983 986 985 984 981 927 930 932 843 872 936 937 934 857 874 872 840 861 864 869
974 976 899 894 897 1005 1003 1006 1005 1007 1011 809 807 1023 800 801 802 800 806 808 805 800 804 806 812 807 800 802 1012 1010
544 546 581 572 635 660 575 636 634 643 641 638 635 636 664 668 663 573 574 661 575 579 575 633 658 657 569 570 658 675
886 883 879 883 885 887 886 881 880 910 879 881 884 886 884 886 888 891 892 889 890 893 890 893 890 892 890 891 890 889
113 103 111 103 115 118 98 124 122 130 150 153 443 155 439 155 446 417 348 346 344 341 452 330 329 327 474 463 462 467
126 129 126 136 126 128 756 130 124 120 100 116 119 123 121 98 123 97 123 124 122 96 123 98 96 122 132 129 152 131
565 672 565 559 561 560 500 558 553 552 544 546 584 554 551 585 626 627 628 592 591 593 594 600 596 628 595 599 596 594
186 193 194 184 186 183 180 183 177 183 180 181 178 180 182 176 171 169 170 172 173 175 177 179 176 178 175 173 171 174
832 836 835 834 830 831 836 833 832 831 827 822 925 921 826 822 818 820 993 823 994 1000 1005 1009 1005 1001 820 1000 995 1000
198 194 193 186 192 186 187 192 190 185 183 176 175 176 179 182 181 179 177 180 179 180 183 177 178 182 177 176 171 169
525 527 528 522 519 502 498 495 493 524 518 725 723 521 721 543 548 550 585 553 581 579 580 575 573 572 635 662 573 635
1224 1099 1133 1102 1130 1131 1132 1127 1123 1188 1192 1188 1171 1167 1112 1166 1118 1117 1119 1166 1112 1202 1108 1105 1175 1234 1175 1199 1204 1200
168 166 170 169 168 166 164 169 166 162 165 164 170 168 166 167 163 165 167 162 163 168 164 167 171 166 167 164 166 164
898 901 897 1010 1014 1023 895 898 976 899 894 1019 799 804 810 1011 804 799 804 803 1017 1016 1015 1016 804 805 802 803 806 1011
388 382 401 397 382 386 387 385 387 383 401 435 431 427 424 427 424 330 455 456 737 695 736 455 458 738 459 455 330 331
254 252 255 254 252 253 256 253 252 251 252 249 252 250 251 254 256 257 255 258 255 258 260 257 258 263 265 268 269 266
296 292 295 294 291 313 290 312 309 307 309 311 316 320 315 313 292 289 481 332 482 480 330 328 285 286 284 281 463 466
137 143 147 146 408 148 146 413 411 416 353 349 378 377 371 366 368 372 373 375 369 395 389 379 395 356 355 415 352 353
1016 1020 895 1014 810 1007 1009 901 904 976 903 852 849 923 846 872 857 874 964 876 913 875 878 880 878 881 879 911 878 914
413 402 404 409 407 152 413 402 357 422 419 421 399 358 402 357 395 378 395 396 397 387 382 380 396 366 644 638 640 1193
1026 1022 798 800 801 800 808 813 815 900 901 898 900 818 823 821 827 828 826 829 823 824 983 982 989 984 995 997 1002 999
229 228 227 228 229 228 226 225 223 222 224 223 224 222 225 227 225 224 222 221 223 224 223 222 225 223 222 224 226 225
953 956 943 957 962 965 875 965 961 914 963 962 966 968 962 958 961 957 958 955 961 967 963 965 912 908 854 967 843 844
783 777 783 789 788 783 780 783 780 783 779 778 779 777 779 776 775 1043 779 778 1039 781 784 790 791 792 1028 792 795 796
822 818 1001 813 1003 1008 1013 1017 1016 803 1013 808 811 1027 1031 1036 792 797 1025 1023 808 811 895 814 899 898 1009 1014 1018 799
82 84 83 80 79 77 72 73 70 76 70 74 73 71 67 61 65 68 64 62 66 64 63 56 50 51 52 55 62 55
231 230 228 226 224 223 225 223 224 226 225 222 221 222 223 225 223 220 223 222 224 223 220 222 221 220 221 222 221 220
766 767 764 760 753 747 1088 1061 750 762 764 753 755 151 153 134 122 135 132 152 411 133 131 759 755 751 749 744 1054 1055
866 868 863 862 865 867 869 918 919 920 869 918 917 871 857 858 872 860 871 868 861 860 870 839 842 927 843 931 840 933
222 221 219 220 221 222 223 225 223 224 222 221 219 221 222 225 223 221 223 225 224 223 225 223 225 226 228 230 232 233
551 493 559 555 500 502 559 555 501 492 555 491 715 491 520 519 504 515 519 501 498 556 558 559 558 553 552 544 720 542
191 189 192 193 191 194 195 193 192 184 186 187 183 182 183 192 187 191 192 193 183 178 180 182 176 175 178 176 173 168
793 789 787 1036 1034 1039 1035 1041 1040 1047 1045 1046 1045 1042 1046 1041 1046 1045 1049 770 766 765 771 1049 1050 1047 1041 1045 1046 1041
761 753 760 759 758 160 159 155 447 414 415 411 137 127 133 132 129 152 753 747 1054 1053 1050 1048 771 465 283 460 457 456
57 53 51 49 52 58 62 55 52 49 47 44 43 45 44 47 49 50 47 50 53 57 58 54 58 55 52 56 55 52
336 332 698 665 670 671 650 648 1243 1244 388 380 357 421 419 344 304 344 318 317 288 285 477 285 459 458 736 737 738 425
149 1215 1209 1206 1202 1172 1109 1176 1229 1105 1103 1227 1176 1227 1176 1108 1104 1101 1220 1223 1227 1210 1225 1229 1230 1229 1105 1229 1206 1230
214 216 218 220 221 222 224 225 224 226 227 229 231 229 228 230 229 227 228 226 228 227 226 225 227 225 224 222 220 219
655 566 568 560 562 563 561 566 653 630 627 624 600 628 622 616 621 620 603 628 626 588 557 590 628 589 591 627 624 628
472 157 155 447 155 160 155 406 444 132 136 124 96 93 91 87 91 94 91 87 85 84 82 79 76 78 76 77 80 79
654 628 589 586 583 578 634 646 643 644 366 369 394 380 397 400 435 437 769 766 762 764 763 760 763 766 1045 1043 1042 1047
463 326 472 281 474 328 477 314 316 286 313 292 296 293 315 288 292 316 312 479 289 292 319 317 476 477 288 317 340 342
414 446 156 442 154 160 758 761 767 465 467 281 285 459 283 468 473 463 468 283 462 772 773 775 772 774 770 775 781 777
1087 1082 1080 1077 1073 751 1067 1059 1066 1073 752 148 1082 1215 1210 1214 1079 1211 1083 1206 1203 1199 1198 1115 1085 1114 1115 1200 1194 1193
997 820 816 1004 812 809 810 897 1009 1008 1005 898 895 899 814 897 902 899 814 815 816 1004 817 1000 1004 999 1002 1006 1010 1009
1156 1153 1053 1059 1063 1060 1153 1146 1150 1151 1061 1062 1059 1058 1071 1062 1063 1066 1074 1075 1081 407 1081 748 1084 1090 1137 1143 1144 1146
546 584 586 588 629 587 586 588 557 555 560 713 709 710 486 713 709 710 673 712 674 657 632 623 618 617 620 623 617 618
248 250 247 246 247 250 252 251 250 252 254 257 258 257 261 266 265 261 258 262 264 258 257 254 255 253 250 253 251 252
852 851 850 876 908 905 972 974 971 966 962 958 939 935 937 860 839 857 841 872 871 859 934 841 933 931 838 829 825 922
1193 1198 1116 1201 1198 1118 1194 1168 1195 1118 1190 1167 1171 1186 1184 1172 1170 1110 1130 1122 1121 1168 1188 1190 637 1196 1197 1237 1193 643
49 52 57 52 54 59 64 65 59 51 49 50 49 52 58 55 52 58 55 60 58 56 62 56 55 54 57 55 62 61
1085 746 1087 1092 1140 1093 1100 1102 1130 1102 1097 1101 1097 1101 1106 1104 1228 1232 1238 641 620 622 583 578 572 681 691 682 573 577
1064 1066 1088 1081 750 746 1054 750 752 1073 1074 1065 1073 1075 1077 754 751 1081 1091 1090 1137 1114 1112 1166 1134 1166 1167 1166 1134 1169
942 945 956 962 963 958 942 939 859 872 869 917 870 839 842 858 916 873 857 871 859 936 871 869 861 870 859 856 963 960
693 698 700 694 736 732 691 680 573 570 571 634 662 634 572 677 660 661 570 678 680 696 736 458 460 464 776 781 1036 1032
109 112 107 110 107 104 105 104 112 103 100 117 118 121 118 253 258 257 261 265 267 263 265 263 265 260 256 255 254 252
178 182 184 193 192 187 191 185 186 193 184 194 193 196 199 198 200 203 201 204 202 205 203 204 205 206 204 202 201 200
167 171 166 168 166 170 172 175 172 168 164 166 167 165 162 159 156 445 447 445 154 153 413 146 149 1081 1088 1141 1161 1145
115 102 101 119 97 95 124 135 133 130 124 125 129 130 758 160 162 159 162 159 162 165 162 166 165 166 161 158 471 469
15 17 18 19 20 22 25 27 25 27 24 22 23 21 32 29 30 29 24 21 16 12 13 15 14 11 13 15 10 9
704 483 706 711 706 334 333 666 664 663 571 716 570 660 579 583 626 623 646 630 654 592 630 625 624 618 615 620 603 649
756 152 130 150 410 413 443 156 446 418 419 448 449 328 317 328 460 330 328 477 314 338 372 367 1243 367 644 366 1241 363
717 491 502 520 718 720 679 570 660 677 676 717 549 543 545 550 548 495 556 492 494 553 551 556 553 559 561 566 561 562
903 975 907 909 906 876 855 971 905 907 975 907 968 876 968 908 875 846 922 847 846 874 913 956 955 957 943 915 872 858
1090 1094 1212 1215 1078 1216 1079 748 747 1061 1066 1073 1077 1078 1074 1062 1068 1065 1074 1076 1065 1062 1069 1065 1077 752 1082 147 144 411
1161 1138 1144 1140 1135 1132 1128 1133 1138 1089 1142 1136 1138 1161 1143 1089 1138 1144 1064 1058 1053 1152 1053 1051 1048 1054 1049 771 765 770
1051 1046 1051 745 1050 765 764 438 749 438 434 742 436 439 442 403 407 439 399 422 399 402 397 382 402 358 398 382 388 379
394 376 394 396 368 370 1244 1245 1242 1245 1240 386 385 384 1201 1202 1228 1221 1094 1088 1085 1086 1205 1208 1206 1202 1200 384 1204 1200
1122 1168 1169 1165 1167 1119 1165 1163 1162 1142 1145 1139 1145 1150 1147 1060 1153 1151 1149 1151 1053 1049 1052 1049 1048 1044 1039 784 789 788
32 35 36 38 40 45 40 45 48 50 56 52 51 59 56 58 60 55 63 66 65 67 69 75 72 74 72 69 76 74
823 821 998 984 992 998 992 995 983 981 979 974 979 978 980 843 932 934 840 860 870 917 859 938 937 939 961 959 956 962
1238 1233 1229 1105 1172 1169 1131 1123 1120 1188 1186 1171 1184 1192 636 1191 639 640 1194 638 1191 1194 1196 1236 1180 611 616 622 617 614
1244 1243 370 1245 370 1243 1242 640 637 634 660 636 637 643 632 627 649 650 657 658 570 573 682 690 682 574 571 660 569 570
227 229 230 232 233 234 235 237 238 239 236 237 240 237 240 239 237 235 238 240 237 236 237 240 242 239 236 237 240 237
889 890 891 890 889 887 885 887 890 887 888 884 882 881 886 881 883 880 881 884 886 884 887 890 892 894 899 902 901 1002
317 318 322 302 346 355 447 449 447 326 449 321 318 325 475 450 340 342 345 354 345 420 421 440 439 443 155 439 403 436
813 808 1027 798 801 799 1025 1023 1027 1022 1025 1024 1021 1019 1017 1022 1013 806 803 802 805 807 810 896 898 903 898 903 845 853
206 207 210 207 204 202 201 204 203 207 204 205 202 205 203 202 203 206 205 202 205 204 205 202 201 203 200 198 194 185
382 385 386 1238 385 1200 1115 1198 1193 1195 1198 1200 1233 1239 1241 386 1244 368 1244 368 372 370 377 380 381 362 398 381 396 355
141 144 147 144 412 415 416 417 324 347 349 354 344 354 414 417 353 355 353 349 353 394 344 338 339 343 306 309 315 313
221 219 221 220 221 219 217 216 214 212 211 213 212 210 213 212 215 216 218 220 222 223 225 222 224 223 220 221 223 222
882 880 882 883 879 876 912 911 878 875 846 844 845 843 842 839 843 927 978 844 924 919 861 919 847 848 920 848 851 847
223 220 218 220 223 221 222 220 219 218 220 223 221 220 219 221 220 222 224 225 223 222 220 219 218 219 218 219 218 219
1113 1134 1110 1099 1102 1105 1106 1104 1108 1106 1104 1107 1112 1205 1201 1199 1202 1229 1232 1206 1232 1175 1178 1232 1235 610 614 612 614 616
806 801 800 1013 808 807 809 1011 1012 1011 809 811 1030 1024 1019 1021 1017 803 1016 1013 809 810 813 810 1014 1016 804 807 1019 1023
745 748 750 749 1081 1076 1079 1083 1088 1141 1158 1162 1161 1158 1142 1147 1064 1060 1056 1153 1145 1149 1144 1138 1133 1102 1105 1102 1224 1219
1072 1068 1069 1062 1073 750 748 1078 751 1073 1081 751 1071 755 1073 1071 1069 1059 1060 1062 1072 1074 1066 1071 1070 188 185 184 181 178
1164 1167 1170 1127 1173 1105 1229 1227 1206 1209 1225 1203 1226 1206 1222 1216 1095 1076 1077 1067 1065 1073 1074 1075 1077 1088 1077 1075 1065 1063
917 916 944 947 950 946 941 940 916 873 939 873 967 875 873 964 913 910 912 911 909 908 877 913 876 913 876 964 965 961
244 245 246 247 250 251 248 250 253 252 253 254 256 253 256 261 263 258 259 258 263 257 259 257 262 260 261 260 261 257
669 671 704 483 332 335 482 331 481 485 706 704 484 708 709 484 703 487 507 711 713 715 674 703 675 566 568 671 670 647
684 573 577 573 680 723 719 548 547 549 494 551 493 502 519 503 505 513 510 733 512 732 727 728 724 517 513 506 729 726
955 961 958 955 952 954 945 940 946 952 948 943 940 938 934 840 858 861 860 863 866 867 869 866 863 861 839 870 924 848
101 118 253 252 249 250 253 255 261 262 258 261 257 260 255 258 263 264 259 255 257 254 256 254 259 255 261 258 263 260
1067 1069 1068 1077 1072 1069 1067 754 1071 1069 1062 1077 1065 1060 1064 1068 1058 1059 1064 1143 1137 1136 1093 1136 1134 1169 1173 1104 1173 1112
593 591 628 629 624 625 629 630 590 657 659 633 634 644 642 619 625 619 625 621 625 619 614 613 1183 1180 1178 1179 1172 1167
153 444 447 443 447 417 414 415 411 413 446 156 154 132 134 136 124 120 98 122 121 124 98 122 121 119 116 103 113 104
412 410 151 131 127 125 134 137 140 139 136 130 152 154 158 470 441 466 772 465 460 457 330 478 330 478 285 463 468 281
134 414 417 416 447 413 444 133 414 411 146 143 413 411 410 137 140 137 143 145 141 145 141 143 408 410 127 135 138 137
970 978 845 844 923 925 854 848 923 846 905 852 904 852 849 852 905 902 903 906 876 915 917 856 842 932 930 928 842 929
807 811 806 807 811 813 1004 817 815 817 816 819 1001 1002 1006 1004 810 1023 895 1020 1014 1019 1025 1020 893 892 893 892 889 891
1208 1207 1083 1205 1202 1114 1113 1114 1205 1208 1222 1211 1212 1207 1230 1206 1205 1108 1109 1105 1227 1221 1107 1104 1225 1231 1229 1233 1237 1195
289 313 292 288 313 288 329 317 326 474 282 465 767 772 778 775 465 463 469 440 442 439 402 400 404 405 145 409 406 151
1179 1171 1172 1175 1170 1184 1187 1174 1169 1174 1105 1227 1229 1105 1177 1104 1106 1174 1183 1188 1184 1180 1185 1195 639 1237 1234 1231 1225 1227
105 103 114 113 110 109 110 104 111 108 110 104 110 105 111 108 110 106 108 105 104 111 109 105 103 114 101 118 116 115
125 134 126 125 133 414 409 131 152 127 130 124 120 99 117 103 102 115 116 101 119 120 124 135 123 96 97 124 96 124
838 857 871 940 860 863 861 918 868 919 921 923 918 920 868 863 868 864 867 866 868 862 865 862 918 858 857 846 906 855
157 472 326 449 474 476 462 328 286 313 331 423 358 400 401 397 358 423 360 359 422 426 430 433 429 436 428 436 741 427
104 105 111 114 101 117 115 114 102 101 102 99 96 94 95 96 95 94 95 98 124 95 98 121 118 120 98 100 116 104
383 396 368 363 367 363 1241 644 1242 1240 385 387 380 381 396 381 392 390 379 368 364 365 1244 369 367 372 368 366 1242 1245
510 506 509 507 485 508 511 507 511 512 515 513 512 733 511 505 511 487 704 675 713 710 673 704 711 705 708 709 704 713
458 462 459 425 739 425 739 737 738 739 742 741 430 428 430 426 425 429 436 433 427 424 739 740 429 435 431 430 435 403
611 607 645 644 1243 644 650 649 655 626 624 625 621 622 624 629 655 652 647 645 642 639 1192 1197 1116 1201 1115 1166 1165 1122
272 271 269 266 263 262 265 261 262 260 261 258 259 256 257 260 255 253 250 253 254 253 258 257 259 264 267 265 259 264
459 453 328 286 476 464 280 277 276 273 271 272 274 277 275 277 276 274 273 276 274 275 278 277 276 274 273 275 272 273
625 583 587 554 588 630 628 623 626 657 658 633 646 632 626 629 654 628 596 595 598 595 592 629 631 623 633 655 652 656
202 199 201 202 199 197 200 201 198 197 194 185 189 188 190 191 189 190 192 186 190 189 185 194 191 192 186 190 189 192
278 276 275 273 275 272 273 271 268 266 265 259 254 255 254 255 258 257 261 258 257 258 253 258 259 260 265 267 269 268
495 551 494 719 491 719 722 719 717 679 719 494 552 494 549 551 546 584 583 623 632 654 653 647 653 672 658 569 657 658
1083 1080 752 148 151 148 150 407 153 409 407 749 745 1051 1056 1051 761 754 758 160 162 163 160 162 167 169 164 170 165 161
868 862 869 861 918 873 936 963 874 914 912 968 967 965 971 854 845 906 853 925 922 921 869 866 867 864 867 870 857 963
341 422 450 421 358 402 399 439 407 438 399 438 400 383 396 381 398 399 402 382 144 146 405 407 403 436 433 435 429 430
887 885 886 888 886 883 880 882 880 881 883 882 885 883 886 881 882 884 881 884 888 885 882 886 883 881 879 881 882 881
1169 1166 1113 1114 1115 1164 1141 1140 1146 1145 1144 1140 1090 1091 1089 1114 1115 1199 1203 1231 1232 1175 1233 1239 1234 1176 1230 1234 1230 1227
725 731 691 694 700 712 714 716 723 716 490 491 504 502 519 503 517 522 523 528 532 540 528 526 530 535 533 529 531 536
976 904 853 844 855 967 970 964 876 915 875 856 916 856 846 925 854 967 875 846 919 847 922 829 836 839 857 873 914 878
1034 1032 1026 1020 1014 896 1019 1012 803 804 810 808 1013 807 1011 803 807 1014 807 1014 1020 1023 798 1024 1030 808 810 807 1023 1018
816 818 820 993 997 1003 1005 1004 816 811 1027 1025 1024 894 897 1005 1010 810 1004 813 808 807 808 798 1021 1020 893 899 893 899
1188 1189 1192 1193 639 1196 640 1241 1243 364 368 367 363 1241 644 641 1241 1239 1237 1239 1237 1192 1188 1190 1195 1168 1115 1118 1119 1117
718 520 490 676 678 679 718 492 718 493 496 497 500 491 676 488 732 735 733 729 505 714 569 672 704 714 486 485 482 481
1018 1022 1027 1028 1032 789 785 789 785 1038 1041 1036 785 787 792 797 798 1024 1021 1018 1021 1023 894 1024 1022 1026 798 1027 1025 1019
657 672 673 703 569 699 703 704 714 486 510 485 712 702 669 364 367 372 369 394 369 394 377 369 366 361 359 667 359 396
713 487 507 488 486 702 712 673 710 709 565 560 500 502 489 516 517 521 523 722 725 727 726 724 722 721 543 542 720 718
41 40 39 42 40 41 45 43 44 45 44 41 39 41 44 45 43 45 42 43 42 45 47 46 48 44 42 40 42 40
409 411 127 151 753 756 751 761 764 158 767 765 762 1051 1054 1050 1053 1056 1149 1150 1153 1052 1049 1045 1047 771 741 744 745 434
668 702 698 700 677 699 677 678 680 728 723 679 680 731 730 735 693 692 696 694 731 692 694 691 692 735 693 695 665 698
980 986 987 986 982 985 986 989 992 997 819 817 819 825 826 823 993 820 994 998 997 1003 1008 810 1009 898 1005 902 899 905
568 656 569 703 712 672 651 654 630 657 656 565 674 486 674 567 566 674 672 673 710 483 335 706 485 711 484 483 311 289
1094 1097 1096 1094 1093 1136 1131 1133 1132 1134 1128 1127 1173 1174 1187 1174 1170 1122 1130 1126 1131 1127 1170 1126 1171 1188 1184 1186 1184 1181
837 832 836 833 983 981 985 982 928 977 978 928 843 872 874 851 846 872 874 845 923 851 877 912 878 881 883 886 889 890
971 969 963 874 845 846 926 981 984 990 985 981 980 927 837 929 980 977 975 971 908 878 879 881 880 882 879 911 876 914
261 259 262 260 257 254 257 260 265 262 257 261 257 254 251 250 252 249 248 250 253 258 264 267 269 271 268 265 267 265
395 382 387 383 384 1203 1200 1233 1199 1108 1176 1179 1180 1174 1105 1175 1199 1202 1116 1118 1119 1116 1118 1116 1113 1169 1175 1183 1185 1187
666 333 697 702 700 713 566 657 557 656 672 700 714 486 704 708 673 714 675 715 678 715 502 491 524 718 552 492 716 728
578 582 658 627 596 602 600 594 597 592 629 626 655 567 566 557 566 673 711 706 482 706 672 700 487 715 489 676 717 556
617 615 1236 610 1236 1181 1235 1238 385 387 397 401 405 152 411 138 136 123 120 98 124 120 100 120 100 101 116 104 105 114
584 547 546 552 546 584 581 549 719 549 717 677 573 570 633 642 624 632 569 656 652 647 658 672 657 567 656 673 710 709
908 875 854 904 976 977 980 983 927 978 905 970 966 972 977 970 978 845 905 907 908 906 976 977 979 926 929 926 922 923
1213 1091 1086 747 1077 1075 1081 1082 148 1082 1085 1205 1083 1079 1088 1087 1088 1061 751 761 749 407 147 150 755 753 747 1066 1076 751
213 214 213 215 216 217 219 221 222 221 219 217 218 220 223 220 221 222 220 219 220 218 217 218 219 217 215 217 218 219
503 519 524 722 523 492 527 523 519 514 517 489 492 720 524 718 719 723 722 725 729 733 732 728 734 729 512 517 506 512
947 949 953 946 955 956 914 916 875 878 881 879 878 910 877 851 876 877 906 904 906 907 971 972 905 906 909 907 876 856
790 789 784 787 793 791 785 779 784 788 784 787 793 788 785 791 795 791 786 791 795 1028 1033 1031 1035 785 1035 1032 1037 1032
1119 1163 1114 1110 1129 1134 1128 1134 1138 1162 1165 1113 1114 1113 1110 1137 1111 1108 1229 1203 1226 1221 1223 1225 1226 1210 1213 1225 1104 1109
594 593 628 654 646 643 634 636 661 634 658 656 653 649 654 655 591 596 594 597 593 629 589 590 591 594 591 592 597 628
877 915 913 908 877 875 855 964 857 845 857 871 840 936 859 916 873 856 854 846 850 847 851 923 924 925 821 926 853 906
1140 1088 1140 1135 1131 1110 1114 1201 1199 1112 1168 1173 1112 1115 1118 1120 1189 1192 639 1236 1180 1181 1186 1183 613 616 615 619 639 1192
264 260 264 262 263 259 265 263 266 267 270 267 264 258 253 258 253 252 250 252 251 249 252 249 247 249 250 247 245 243
442 443 403 438 765 438 743 436 439 442 443 442 152 155 447 448 473 475 329 313 330 459 460 282 463 462 464 472 467 475
67 61 66 70 68 62 57 56 63 55 63 59 62 56 60 57 62 57 55 62 60 63 67 64 58 60 64 68 62 58
1118 1191 575 580 549 552 550 556 500 560 568 659 664 662 698 699 693 699 676 556 560 713 700 704 705 670 667 360 427 743
811 1030 1036 787 793 796 797 1029 1024 1028 795 1025 1019 1024 1021 1024 894 892 890 887 888 889 890 891 892 890 893 895 898 899
425 424 436 433 431 742 740 428 425 422 398 384 1200 1233 1235 609 610 607 616 622 626 624 600 595 628 624 628 593 592 596
85 83 81 79 81 84 86 84 81 80 83 86 83 81 80 78 77 79 76 70 71 68 61 68 72 71 72 73 76 74
405 144 145 146 148 408 151 410 138 139 143 142 141 144 410 145 142 141 143 145 143 412 143 140 146 407 147 138 150 128
789 787 786 781 1039 788 791 1032 1034 1032 1029 1023 1026 798 1026 1027 1023 810 807 800 1022 804 801 803 1017 1020 1025 1027 1031 1028
1134 1139 1141 1144 1143 1138 1142 1089 1138 1134 1110 1107 1106 1111 1110 1130 1102 1106 1172 1169 1107 1101 1099 1137 1142 1140 1142 1143 1146 1153
1000 1005 1000 1004 818 812 810 807 1012 1011 809 1008 900 1009 896 1011 1013 808 798 1021 1027 1028 792 1028 1025 1027 1028 1025 1030 1026
328 460 466 465 462 463 459 456 478 328 330 329 314 315 318 347 324 449 470 156 157 467 462 740 769 466 282 468 772 766
982 989 833 988 831 836 838 842 844 845 844 978 904 974 978 929 930 857 964 876 907 855 928 845 874 914 961 913 879 883
1204 1209 1079 1074 1076 1074 1075 1081 407 146 140 139 141 138 127 139 137 142 144 390 393 379 355 349 353 345 419 420 421 436
225 227 228 226 228 226 224 225 227 228 230 229 230 229 230 228 229 230 232 234 233 231 233 232 233 235 234 232 233 231
706 336 333 330 459 455 480 454 426 423 422 454 694 699 666 699 703 672 658 570 634 578 572 662 660 574 635 634 664 643
619 623 622 617 1192 1185 1187 1190 1195 639 1197 1115 1111 1206 1232 1200 1115 1164 1160 1142 1137 1140 1143 1145 1150 1063 1151 1056 1055 1052
230 228 230 229 227 229 228 230 229 230 229 231 230 229 231 234 237 238 237 240 237 234 233 235 234 231 233 234 236 234
800 803 806 1012 1014 1010 810 815 814 813 812 813 1003 1008 809 806 810 1010 1013 1020 894 891 890 888 886 887 885 884 882 885
570 578 635 663 664 643 633 570 569 699 571 570 717 490 718 491 498 494 491 502 490 505 512 507 508 506 512 517 515 518
1223 1221 1228 1222 1225 1220 1214 1223 1224 1102 1106 1133 1102 1097 1098 1136 1135 1134 1130 1126 1124 1170 1125 1123 1167 1170 1130 1173 1110 1112
325 319 322 320 317 321 316 477 314 477 474 451 453 421 360 426 360 424 450 344 420 450 449 470 156 159 157 470 155 469
465 464 461 769 772 462 328 462 738 736 737 693 696 733 736 695 731 728 731 697 693 734 730 733 729 726 724 517 515 503
323 318 316 477 288 480 288 476 477 330 457 454 423 360 426 430 741 739 461 465 460 465 767 466 768 742 769 770 774 771
407 151 409 413 152 149 147 406 403 442 156 159 161 164 170 173 167 170 168 162 166 167 169 172 168 170 173 176 180 177
55 56 51 57 60 58 52 57 62 64 66 71 67 68 72 69 74 78 81 78 73 71 66 61 66 60 65 60 61 55
802 801 807 805 803 804 1016 1020 1025 1022 797 800 797 1022 1019 1022 1017 1018 1015 1016 1014 1015 1013 1018 1019 1012 1013 1020 892 895
1039 1033 1036 789 794 790 787 793 796 1025 1027 1033 1029 1031 1026 1032 1031 1035 785 1032 785 1039 1036 1030 1027 1022 1016 1018 1022 1024
927 979 976 977 854 844 855 857 843 846 927 924 927 983 995 998 1002 1006 1004 817 819 822 922 825 831 987 833 838 858 936
648 654 648 643 639 640 1238 1239 610 612 1180 611 1234 1235 1233 1203 384 383 385 387 389 388 369 394 389 391 395 381 389 394
107 111 104 114 105 104 110 108 109 106 108 106 108 109 108 109 110 105 112 105 102 103 117 100 115 105 109 106 113 110
610 607 620 638 1193 1192 1194 640 644 1242 642 648 670 705 710 713 488 716 722 721 521 718 678 553 585 582 576 578 573 683
765 744 435 742 436 402 403 407 405 148 755 757 1072 754 751 749 407 145 410 138 136 124 121 124 97 120 124 96 124 126
792 795 796 1029 1024 893 890 891 894 892 893 896 814 901 900 895 811 807 810 807 1022 798 801 805 1012 803 802 1012 1011 1012
50 52 50 52 55 63 62 55 59 54 55 56 61 66 68 66 60 57 51 59 65 61 66 60 55 60 61 63 56 57
179 182 176 183 186 189 192 191 192 193 196 197 199 200 201 198 197 198 194 184 194 192 185 186 183 185 184 192 195 196
1021 1018 1016 1019 1014 807 812 1030 1026 1029 1028 1031 1030 811 812 807 804 1022 807 801 1013 1011 1006 897 1014 1013 802 801 804 803
1082 1215 1078 1216 1217 1221 1223 1218 1215 1213 1224 1103 1129 1106 1108 1110 1133 1107 1109 1110 1106 1110 1113 1167 1164 1113 1167 1168 1119 1118
983 824 829 825 827 994 999 1001 814 820 997 999 994 821 823 820 826 834 829 830 825 828 837 829 922 829 920 918 862 870
133 414 446 133 413 447 417 356 419 447 450 453 459 283 286 288 315 292 312 317 477 286 328 449 470 474 463 327 451 450
205 204 206 208 211 212 215 214 215 217 215 213 215 212 214 212 213 214 211 209 212 213 215 216 215 214 211 208 210 212
154 444 154 133 134 414 354 416 413 443 419 345 379 369 368 338 314 309 307 306 343 349 354 348 354 417 416 411 138 137
416 448 327 420 450 452 331 333 699 664 667 423 359 397 383 396 380 382 145 141 138 141 140 144 141 139 136 124 135 125
949 952 953 955 957 956 961 956 953 951 954 946 952 951 954 950 946 943 951 942 954 945 941 942 959 942 945 947 948 953
1160 1159 1164 1163 1166 1122 1119 1120 1123 1122 1125 1126 1129 1126 1106 1104 1229 1225 1219 1100 1224 1108 1199 1172 1199 1115 1205 1209 1082 1091
680 681 680 571 662 572 678 577 575 578 571 676 572 573 575 578 634 642 638 1192 1196 637 634 642 633 635 573 635 661 665
873 967 965 967 932 842 929 843 845 903 845 978 928 838 841 840 936 858 931 857 933 962 964 970 978 974 979 982 986 929
183 181 175 170 168 169 166 165 163 166 168 170 165 163 165 160 158 161 165 163 160 155 446 448 324 321 418 355 379 369
422 359 368 669 702 666 668 647 646 642 639 619 618 1182 1180 614 617 619 621 615 621 620 624 621 615 618 614 611 1236 1196
596 630 649 632 629 654 592 628 623 620 624 629 589 590 592 629 655 591 592 589 631 591 627 625 586 626 589 629 592 591
951 944 940 873 858 861 862 918 868 835 987 983 986 988 828 822 819 1001 998 999 1000 999 1004 1005 1009 901 977 973 967 873
788 790 789 788 791 1029 791 787 1036 1031 1028 1023 1024 892 894 1024 1020 1018 1017 1020 1021 798 796 1029 1032 1030 1036 1035 1031 1032
1041 1039 780 786 785 782 781 777 782 1036 1034 1039 778 775 1042 1046 1051 1052 1056 1153 1155 1152 1055 1053 745 1051 1057 1052 1054 744
1180 1177 1231 1176 1179 1175 1179 1180 612 608 607 611 610 611 1235 612 614 1236 639 1236 1180 1179 1184 1181 1179 1177 1232 1105 1177 1228
564 558 561 590 561 564 563 560 561 566 655 627 655 630 628 624 627 591 596 629 627 630 588 582 631 585 554 553 555 497
687 681 682 689 684 573 663 667 423 452 454 330 313 330 457 456 735 457 330 459 462 772 778 772 461 476 317 314 316 312
1001 818 1004 1006 1001 1000 816 1001 817 816 1004 813 818 1004 1008 812 818 820 814 815 820 818 817 815 810 897 1010 1007 814 896
47 50 49 50 47 48 45 44 42 46 44 41 42 44 45 48 44 46 42 39 42 45 44 46 47 46 44 41 39 40
1108 1105 1231 1232 1233 1229 1232 1228 1231 1234 1233 1236 1238 1200 1232 1173 1127 1170 1124 1131 1110 1129 1133 1102 1099 1094 1209 1087 1085 746
724 727 726 729 693 697 333 423 360 426 360 433 429 740 742 433 426 423 422 424 328 477 327 318 312 316 314 336 331 329
1093 1088 1087 1083 1081 1082 1212 1080 1092 1097 1221 1097 1098 1099 1102 1133 1102 1221 1223 1222 1210 1204 1206 1229 1205 1206 1229 1205 1090 1088
485 481 484 710 673 565 712 484 481 455 480 335 701 485 709 710 673 708 673 565 564 566 561 562 561 557 499 491 715 675
276 277 276 278 275 273 272 274 276 277 275 276 273 274 271 269 266 262 258 255 257 261 263 260 257 262 266 268 265 266
989 993 991 983 827 824 823 829 823 828 832 831 988 990 992 984 995 997 824 997 820 993 990 992 991 993 823 826 830 835
1103 1107 1173 1168 1122 1131 1169 1126 1109 1111 1133 1128 1132 1134 1113 1109 1176 1170 1122 1125 1124 1170 1188 1120 1117 1113 1112 1110 1105 1227
374 378 374 373 375 370 372 380 389 378 380 392 395 357 450 327 452 453 451 421 418 344 322 323 318 310 308 305 339 310
1194 636 1191 1190 1185 1195 1185 617 1183 1187 1188 1191 1185 1190 1167 1122 1167 1165 1116 1111 1206 1229 1231 1108 1225 1208 1207 384 398 397
207 210 208 206 203 206 207 203 207 208 209 208 207 204 206 205 204 207 204 207 210 208 207 209 208 206 208 206 204 202
521 518 519 501 555 497 555 560 555 492 718 720 722 522 521 718 717 502 491 493 502 520 502 499 492 521 522 519 517 489
739 427 423 427 437 436 424 330 425 426 423 422 338 341 342 304 343 321 327 325 473 475 316 320 315 288 480 455 479 332
233 232 233 231 229 231 230 229 228 226 228 227 229 230 228 229 228 229 230 232 230 229 228 229 228 227 229 228 227 225
1105 1173 1127 1170 1122 1119 1166 1114 1137 1132 1130 1110 1099 1100 1097 1096 1092 1091 1077 1068 1077 755 752 152 153 408 406 153 409 148
991 994 984 983 991 995 992 993 989 824 827 821 827 821 1001 824 825 829 837 829 837 839 858 856 967 843 872 918 923 925
537 532 528 533 531 535 530 528 531 527 523 519 518 515 520 501 493 501 500 496 558 562 556 554 585 588 582 658 650 569
1212 1094 1088 1064 1058 1055 1058 750 746 751 750 745 1057 1148 1059 1150 1145 1156 1161 1156 1162 1157 1149 1152 1060 1147 1064 1061 1063 1057
880 882 884 887 888 887 884 886 884 886 887 890 892 1020 1026 1031 1028 1027 1032 1029 1031 1033 788 1029 1033 1029 1025 1020 1016 1013
604 607 615 604 601 604 608 615 608 610 605 601 597 593 598 600 598 654 650 651 567 671 672 657 570 699 570 674 714 568
377 378 379 369 370 1242 1245 1244 1240 1237 1232 1202 1229 1230 1226 1229 1210 1211 1215 149 146 127 151 410 409 142 146 405 402 407
384 1200 1115 1202 1232 1177 1231 1177 1232 1203 1112 1167 1118 1168 1123 1188 1187 1170 1187 1168 1120 1188 1183 1184 1182 616 611 607 645 602
522 516 514 505 487 714 699 661 665 667 668 366 1243 1241 645 606 1242 648 652 646 655 630 653 567 561 567 651 648 650 653
315 288 286 288 476 451 341 419 422 357 341 452 422 421 424 425 452 455 452 424 420 422 450 474 460 459 453 422 450 449
