315 314 312 310 308 309 291 292 290 302 295 293 294 302 300 304 302 300 302 306 292 309 311 310 309 305 309 307 326 327
386 390 391 387 388 410 415 413 410 409 397 400 402 400 405 401 418 420 417 416 419 418 424 426 437 419 420 422 419 422
454 467 454 447 464 447 444 447 445 443 440 443 448 466 469 468 464 471 455 463 460 462 459 461 456 461 464 454 450 447
365 345 359 355 342 352 361 360 359 357 353 354 356 357 352 358 361 357 351 357 359 358 342 345 352 342 340 342 340 335
522 527 531 549 548 545 543 546 542 546 541 545 539 549 530 518 530 533 531 526 528 550 540 549 535 538 531 527 522 521
451 447 444 439 428 436 438 439 437 419 417 419 426 436 439 441 427 426 435 428 442 446 443 447 449 465 470 472 480 491
384 382 363 360 357 358 361 358 341 344 342 353 342 335 354 343 340 343 352 361 362 381 367 368 380 370 380 386 387 389
324 311 312 324 315 328 332 333 329 325 315 328 327 314 315 328 330 314 326 304 326 316 326 304 309 304 305 299 301 287
180 197 196 201 203 211 204 208 211 210 201 210 221 217 214 200 212 204 212 200 199 198 196 191 194 179 197 199 194 198
320 321 318 334 330 335 336 332 336 333 334 335 337 338 340 332 329 325 304 313 326 330 314 317 322 324 325 306 301 295
373 377 379 386 391 390 395 391 387 391 393 391 398 396 408 396 393 373 379 374 376 378 371 382 360 382 380 369 363 380
369 364 365 367 370 382 361 382 363 382 370 383 372 370 380 372 383 385 381 360 355 353 334 328 331 336 338 339 334 329
408 395 394 392 396 408 411 408 406 400 403 402 405 404 403 421 422 423 418 401 406 397 410 407 399 400 409 413 417 406
586 587 605 609 610 597 596 610 603 596 610 594 603 595 606 584 579 566 564 563 575 581 582 569 571 574 570 569 573 570
307 311 313 314 326 330 323 326 327 313 324 327 331 330 327 333 330 335 340 337 334 335 340 342 355 359 357 356 357 351
428 431 430 427 438 425 439 443 445 443 444 441 446 440 443 427 435 432 449 448 464 469 474 460 461 456 461 460 459 462
667 663 666 658 660 647 642 627 625 622 633 620 616 615 633 638 633 616 620 615 610 594 604 608 606 587 606 608 595 604
464 467 454 455 463 451 450 451 447 450 452 451 447 451 449 453 449 453 456 458 463 470 457 454 453 448 452 456 454 447
11 7 46 6 4 1 2 4 1 2 5 2 1 2 0 1 2 4 6 46 44 45 39 45 49 41 39 41 38 44
14 35 38 44 47 46 41 46 45 42 46 6 4 1 3 1 0 1 4 1 3 0 3 0 3 6 7 8 6 8
466 467 472 471 469 455 452 464 452 454 451 453 450 448 450 453 463 453 464 466 464 457 454 451 463 461 457 471 457 474
346 343 354 342 358 345 359 360 357 360 361 357 351 353 354 332 330 316 315 323 321 320 322 317 330 323 325 303 301 296
24 28 24 30 29 31 28 29 35 12 9 8 5 8 114 117 120 118 113 114 111 10 107 10 7 10 13 36 33 28
520 513 526 528 524 525 526 512 519 509 521 522 525 526 518 520 511 524 511 520 507 506 507 502 487 488 489 487 490 484
302 304 303 308 305 307 314 316 324 317 321 318 317 320 321 320 318 321 315 327 329 334 337 336 332 327 329 331 335 339
146 138 145 143 139 138 146 159 147 138 139 146 162 166 164 165 161 159 160 156 161 163 164 165 162 157 145 157 146 145
140 146 144 139 141 144 157 148 156 159 163 158 145 159 145 142 139 144 145 159 162 161 160 163 162 167 164 168 171 166
303 325 316 313 325 330 316 324 315 324 328 329 332 330 329 326 329 332 353 341 343 345 362 360 381 371 382 360 361 355
204 213 193 192 195 212 214 212 219 214 218 213 200 195 201 199 213 198 195 214 211 212 215 217 212 195 197 179 182 193
195 214 213 194 191 193 213 200 197 177 184 173 174 173 187 184 185 188 184 175 188 193 190 184 193 190 189 192 189 184
201 195 202 200 194 192 213 217 214 211 202 200 214 192 190 178 177 197 195 213 214 200 192 191 189 194 179 177 178 183
1 2 4 7 6 9 43 44 42 44 48 51 54 53 54 50 52 56 57 62 59 60 64 69 73 77 75 71 66 65
215 213 217 222 221 220 222 206 204 202 215 205 218 220 216 219 203 204 214 216 215 220 215 219 223 229 223 242 231 234
226 228 224 220 219 205 207 205 208 211 204 215 218 213 202 201 215 219 216 221 226 223 220 221 241 226 222 225 207 206
318 322 316 325 328 331 332 334 318 317 333 353 333 331 333 353 342 358 353 356 343 345 361 360 356 357 351 352 335 354
623 620 621 624 621 632 619 615 621 630 626 627 642 641 642 641 645 642 643 639 634 620 632 630 621 632 620 631 637 639
17 20 24 19 16 14 36 40 45 39 43 38 41 39 33 36 33 36 37 40 45 44 9 12 10 9 48 7 48 42
443 446 442 439 436 434 428 434 433 436 438 426 436 441 445 440 446 432 430 428 438 426 425 437 417 420 416 421 419 416
514 517 511 524 511 513 530 529 535 529 520 521 500 498 481 484 498 497 493 480 478 475 479 475 481 478 477 476 479 481
12 13 107 13 37 41 39 41 38 34 36 40 43 38 34 38 37 34 40 49 51 49 50 44 49 47 44 48 41 38
291 292 291 309 305 306 291 293 296 295 301 302 286 287 294 287 288 302 290 291 288 286 299 296 286 296 284 283 278 283
576 565 575 572 574 565 574 567 577 578 566 564 567 578 577 566 575 574 567 576 583 584 606 609 613 607 608 607 594 605
447 444 449 451 448 444 465 445 441 446 443 444 445 446 431 446 449 448 466 467 465 446 442 438 416 413 399 412 411 416
390 376 375 372 370 379 377 371 379 376 373 378 374 375 378 372 369 380 381 379 389 380 378 375 372 376 392 409 392 376
228 232 231 242 246 243 248 253 235 238 229 241 220 224 220 242 223 227 226 224 219 217 220 242 246 247 233 247 243 249
535 530 535 530 528 532 537 534 531 529 533 535 529 523 527 529 523 510 523 521 523 527 532 531 529 520 525 526 512 520
628 627 645 640 645 642 643 642 648 643 662 663 649 659 656 655 658 651 660 665 664 670 669 675 669 675 669 665 671 672
94 98 100 97 102 58 60 62 67 71 72 69 68 63 65 64 67 63 67 66 70 67 65 66 62 59 58 61 57 59
452 454 467 469 470 462 453 455 461 455 457 470 471 469 473 468 464 454 450 453 465 445 436 440 437 424 436 424 421 416
192 195 201 200 202 214 192 186 188 192 214 200 211 201 203 202 211 213 199 202 195 213 193 214 203 213 211 200 201 198
450 446 441 440 442 427 439 438 419 418 416 414 419 426 436 438 442 445 444 442 439 445 435 426 423 426 435 439 444 443
160 165 167 169 172 184 186 172 173 170 185 189 186 191 187 190 183 177 175 188 185 190 184 171 168 164 185 189 187 193
492 489 486 484 483 489 490 498 482 495 481 484 483 496 493 480 492 481 479 482 491 498 496 498 483 489 490 481 483 496
512 522 512 517 516 513 514 516 533 535 548 536 534 537 554 558 559 566 575 578 566 564 561 559 560 562 559 556 559 578
659 661 662 649 646 644 641 636 633 631 634 637 632 637 640 645 628 631 630 627 626 623 638 626 630 629 626 630 631 638
21 22 23 18 19 18 97 102 100 17 19 23 22 17 18 97 92 89 92 93 90 89 88 90 93 90 93 92 96 100
321 318 334 328 327 314 317 333 327 317 323 326 316 317 323 327 326 314 330 328 334 330 317 318 320 317 319 321 319 334
331 324 321 318 323 325 303 289 306 303 305 295 293 288 289 299 303 304 312 315 312 323 326 331 328 315 330 334 330 325
367 380 364 366 365 361 360 355 344 345 352 339 340 339 337 317 322 319 318 316 319 320 321 323 325 303 304 308 303 300
77 76 77 73 71 75 78 77 79 78 77 78 80 78 75 72 75 77 73 72 73 68 70 74 72 74 77 79 81 82
403 418 415 408 405 403 406 407 414 416 412 409 412 408 413 399 413 410 407 406 397 408 412 417 411 399 405 408 396 408
577 566 569 575 577 560 565 582 577 565 559 562 557 551 553 558 541 540 541 540 539 536 547 542 539 541 542 544 543 561
355 361 359 364 366 368 360 382 387 383 380 384 380 369 371 382 361 352 341 342 345 342 351 342 341 353 355 353 344 351
420 422 420 418 424 423 421 418 402 401 407 409 408 414 417 421 403 421 422 418 420 416 418 403 406 403 404 400 404 401
366 362 381 370 382 380 378 375 378 379 368 369 368 370 386 390 391 393 394 397 410 412 409 411 397 394 389 384 385 388
283 278 282 280 297 283 296 284 283 285 298 279 276 280 281 279 278 280 278 276 275 271 276 273 269 257 255 256 257 268
22 25 30 29 30 31 29 27 32 16 22 21 25 31 30 25 27 32 26 24 30 28 26 27 31 32 29 34 39 33
429 446 465 453 454 455 465 470 472 476 481 476 472 480 476 477 478 479 473 457 461 459 462 453 447 448 466 471 464 473
460 458 459 477 472 477 459 474 459 458 459 460 457 456 453 463 469 466 454 455 454 457 463 457 463 462 473 493 494 499
131 133 131 132 133 132 131 133 132 131 133 132 134 132 130 132 133 135 148 154 152 155 152 148 137 145 138 137 140 144
605 610 594 596 607 611 607 609 605 594 593 595 593 594 593 595 604 607 608 610 602 596 610 598 614 599 600 602 597 610
347 362 361 356 362 345 358 343 353 355 356 354 333 317 319 320 321 315 326 314 307 312 323 333 324 307 304 307 302 296
255 250 232 240 245 246 247 242 231 241 232 238 246 250 233 230 229 242 239 242 247 233 234 232 231 241 240 239 242 239
350 349 351 349 346 349 348 365 363 381 383 386 373 370 381 379 372 374 378 373 376 373 370 371 383 380 389 384 385 390
548 557 561 564 577 580 578 564 567 569 573 567 569 572 571 573 570 569 568 576 583 582 586 582 586 569 566 578 564 563
637 638 633 631 629 630 626 627 630 632 633 612 634 622 632 637 639 634 639 643 638 623 622 619 615 633 615 618 621 619
646 643 640 661 652 660 650 647 642 648 640 662 648 651 663 659 651 665 667 669 653 660 658 656 680 681 678 679 682 685
293 295 293 295 286 288 286 297 284 285 287 303 325 303 325 308 305 294 287 295 285 288 287 299 286 299 301 298 296 298
93 94 97 102 98 95 97 94 93 96 97 99 95 97 99 102 98 95 93 95 92 89 92 91 90 91 95 96 91 92
489 486 491 490 487 484 491 494 483 494 484 483 490 501 500 502 506 509 520 519 526 522 503 506 508 504 505 502 500 495
621 624 638 639 640 642 628 642 626 642 637 636 641 625 624 634 623 638 633 638 630 627 628 626 631 633 622 631 628 624
528 536 535 531 526 524 522 520 512 519 523 512 521 526 519 516 514 513 519 518 520 523 511 521 510 503 505 506 504 508
696 697 695 696 699 698 695 698 696 698 696 695 694 693 690 692 693 696 693 694 692 691 690 689 691 689 690 691 690 687
515 512 522 520 518 526 525 526 531 549 531 526 524 511 519 508 506 504 509 523 511 527 526 529 518 519 512 510 512 519
626 631 632 621 623 624 633 621 618 614 610 612 615 633 622 621 620 622 620 621 635 633 612 617 618 613 604 607 613 604
40 34 40 45 46 47 50 52 49 51 50 43 46 7 8 111 107 102 97 18 22 24 29 31 27 26 25 21 100 103
558 553 554 548 531 528 527 531 533 531 529 550 555 560 555 560 565 564 563 565 579 576 568 578 567 566 576 573 567 580
453 450 447 446 432 435 426 427 428 438 425 419 424 436 426 436 435 432 431 446 442 437 441 437 440 438 435 436 434 431
434 431 449 429 446 441 439 425 423 422 420 417 411 415 418 417 414 412 416 418 424 425 428 436 426 423 422 419 438 435
58 57 54 50 51 49 44 50 40 12 35 13 11 14 39 43 37 39 37 38 43 37 58 62 64 68 69 73 70 64
136 139 136 137 155 156 149 153 156 158 156 165 159 145 155 162 159 156 165 166 167 168 163 156 148 162 166 162 154 155
590 592 586 569 585 580 579 576 563 560 559 558 542 545 547 548 531 530 524 525 523 519 521 507 506 508 502 496 502 506
599 598 603 604 607 608 595 603 606 587 606 603 600 602 598 610 607 613 608 609 614 618 614 613 618 615 616 619 615 618
547 539 548 546 539 536 530 513 527 523 526 525 521 504 499 492 493 496 483 495 491 501 496 498 501 503 522 521 508 503
196 193 192 187 190 184 183 180 197 196 192 193 214 200 195 194 178 179 178 176 184 183 177 182 178 182 177 184 181 178
363 381 384 383 381 363 368 360 363 382 379 386 381 368 380 368 370 363 368 381 371 386 372 371 382 370 381 384 390 384
636 634 633 616 613 604 594 593 596 599 602 610 614 616 613 615 634 637 641 642 648 659 658 659 654 659 661 646 649 646
381 385 380 370 371 379 374 372 378 375 377 371 378 386 384 390 389 380 378 375 377 376 379 386 369 370 380 364 362 345
96 91 96 93 90 92 90 87 89 91 93 90 92 95 98 93 95 94 97 18 97 101 103 99 94 92 89 87 86 84
338 337 338 340 339 342 344 341 351 358 353 352 342 344 352 341 351 345 342 351 353 355 354 343 350 343 340 341 354 343
81 80 81 83 82 80 77 76 77 76 72 75 73 71 74 69 68 69 74 69 74 72 73 74 73 77 78 76 77 75
524 526 523 529 530 515 533 529 531 535 549 554 552 551 538 540 542 544 561 562 558 552 549 536 547 548 539 550 555 548
645 646 649 647 660 667 668 670 653 660 669 672 673 677 675 672 670 671 669 664 667 670 656 655 670 667 666 667 670 671
698 696 699 698 695 694 695 694 692 693 690 688 690 687 690 688 689 688 687 688 686 684 683 681 684 687 684 687 688 690
387 383 386 388 392 389 378 377 375 378 375 378 377 378 389 394 395 391 387 383 387 380 370 379 380 363 358 351 361 359
419 417 401 404 405 399 407 406 401 400 405 402 406 397 395 390 392 393 396 397 395 396 407 405 402 403 404 418 437 423
345 351 353 344 342 335 340 337 338 336 341 338 340 338 336 353 358 350 343 349 350 341 344 342 353 334 328 315 329 323
216 220 217 214 217 221 223 240 224 225 221 241 228 227 225 221 216 212 200 211 208 209 205 210 203 211 218 205 203 210
649 658 649 663 668 670 672 666 662 667 663 650 649 661 640 661 663 664 668 664 661 640 645 642 640 635 637 632 620 619
292 293 290 291 294 292 289 287 299 300 305 295 302 294 289 294 291 289 290 306 310 306 292 309 307 314 330 328 332 340
79 78 77 78 76 72 76 72 71 67 61 66 62 67 69 67 66 65 64 68 65 71 73 77 74 71 68 66 64 61
98 100 104 107 110 10 107 104 110 106 109 113 109 104 101 99 95 98 96 92 93 92 89 88 89 86 84 83 84 83
263 265 259 261 267 264 281 278 263 261 264 278 262 264 260 264 261 277 272 259 266 277 268 255 250 248 251 252 247 249
30 33 36 40 13 16 13 15 17 20 15 32 29 33 28 21 20 15 104 103 36 31 27 24 32 14 9 36 13 14
127 126 125 127 129 128 126 125 123 120 123 124 126 125 124 126 128 130 132 131 130 131 130 131 130 131 132 133 135 138
246 239 236 253 250 253 235 250 235 233 249 246 230 223 225 228 226 225 227 225 227 228 241 230 239 228 241 246 238 246
92 91 92 94 91 96 98 93 92 91 92 90 93 98 93 90 91 93 90 94 97 18 23 24 16 19 16 14 13 8
275 259 273 276 298 287 303 300 306 307 311 313 312 308 309 308 306 300 303 298 303 307 312 313 316 319 317 323 326 323
266 264 281 278 279 282 283 297 296 283 279 274 266 262 261 266 261 274 258 270 258 260 268 273 278 281 284 281 278 283
344 342 344 341 351 352 353 352 353 342 343 354 333 323 313 325 306 289 294 290 291 292 295 301 298 300 297 296 299 286
541 561 541 543 542 545 543 542 545 542 544 558 560 556 557 556 554 556 578 565 564 577 563 575 565 579 566 578 577 565
375 390 393 373 380 382 369 383 387 388 389 379 371 372 376 375 374 390 391 409 410 407 398 407 406 402 406 399 413 399
603 597 595 608 612 609 603 592 591 589 588 587 584 587 606 605 609 603 604 594 606 610 615 620 614 615 611 612 614 600
505 501 502 501 503 504 506 501 490 502 490 492 481 490 486 502 488 505 504 509 510 523 519 510 509 520 519 508 505 487
581 567 568 571 574 568 574 568 576 575 573 574 585 586 591 588 583 567 574 569 586 587 586 588 605 596 598 597 601 598
664 662 649 643 647 661 660 647 645 648 649 660 649 648 642 644 640 662 652 663 667 668 670 674 668 667 670 675 677 676
252 253 252 249 252 253 254 235 238 229 230 227 241 221 212 211 200 194 189 194 189 184 174 175 173 172 170 173 186 175
83 84 87 84 86 88 90 87 89 90 87 88 91 92 94 91 88 90 94 91 96 98 102 100 97 94 92 93 92 94
72 69 71 72 67 61 64 67 65 69 73 77 76 72 69 73 69 64 62 59 60 61 60 57 58 57 53 56 51 54
251 254 251 247 250 254 252 253 236 233 230 231 237 238 236 238 239 229 223 222 227 241 223 241 220 221 226 222 221 217
9 10 111 105 107 104 102 100 101 104 109 114 109 112 117 119 122 119 114 112 115 113 50 47 46 7 10 13 37 32
688 687 686 689 690 688 686 688 689 686 683 684 685 687 690 688 691 694 692 695 694 695 696 693 692 694 696 694 696 699
78 75 78 75 71 69 65 69 65 60 64 63 67 69 70 67 65 64 60 64 66 61 59 64 65 66 64 62 67 66
144 157 161 157 147 154 165 168 172 174 172 174 185 176 182 184 181 178 190 193 196 197 179 176 185 170 165 156 161 157
651 665 661 641 645 648 650 643 644 640 644 649 661 659 653 673 678 681 679 678 681 678 672 675 676 678 673 668 663 652
494 492 481 478 475 480 483 485 490 486 491 494 481 482 493 479 475 480 477 476 471 473 464 468 466 465 445 436 424 436
423 436 433 432 449 451 465 454 447 449 432 449 432 431 430 427 440 427 424 422 417 419 426 419 424 436 445 443 446 445
506 508 507 509 508 503 501 506 505 508 504 507 520 526 522 520 526 510 503 508 521 525 527 526 518 509 510 503 505 506
84 82 81 80 79 77 78 77 74 76 79 78 77 80 78 77 79 77 73 74 76 72 70 73 69 71 74 77 79 77
122 124 123 120 123 122 121 120 123 121 123 125 123 124 122 120 117 112 113 112 114 115 119 116 120 118 115 110 114 110
187 176 175 181 184 193 197 200 198 200 203 213 211 212 217 216 218 220 242 240 224 219 205 218 222 207 205 206 204 215
404 406 399 396 409 408 405 403 402 406 400 408 398 401 400 401 415 418 423 437 420 437 416 437 420 423 418 417 420 416
467 473 476 472 470 471 476 480 493 472 476 472 470 457 455 452 455 468 474 480 491 485 482 484 482 481 475 474 473 476
397 409 413 408 395 396 394 397 414 418 419 420 422 421 418 403 421 418 416 438 427 438 426 428 442 426 438 436 441 445
76 73 72 74 76 72 70 66 61 65 62 61 58 102 58 59 64 66 63 59 63 60 56 52 57 56 60 65 69 74
470 474 460 463 462 461 460 456 455 470 466 464 466 470 474 493 481 491 490 481 490 488 484 487 502 508 520 518 520 518
326 304 309 310 311 310 308 305 302 299 295 285 284 282 281 277 271 273 274 259 260 267 255 267 268 274 271 268 258 269
652 654 659 654 670 655 670 655 652 653 673 655 653 655 652 653 669 663 650 649 652 655 657 652 661 662 660 662 664 660
427 441 446 444 441 444 442 440 445 436 438 428 432 435 441 443 440 446 465 464 470 463 457 474 459 461 457 455 463 464
631 624 634 612 615 617 615 618 617 618 617 597 595 602 596 605 594 591 589 587 590 591 594 596 600 614 609 605 608 607
553 554 556 557 555 552 551 540 549 551 550 552 549 531 532 530 516 514 511 510 507 521 510 511 508 510 509 504 508 509
243 229 223 229 243 239 236 250 245 241 224 207 209 211 208 207 206 205 219 221 241 244 248 247 249 246 238 236 238 231
95 99 102 100 101 103 104 106 50 109 110 51 53 58 60 58 102 98 102 103 98 99 101 107 102 105 108 103 15 32
310 307 314 326 316 320 334 320 334 340 332 330 325 313 324 333 330 335 333 337 317 323 318 322 321 322 316 322 317 320
430 446 450 448 453 452 456 457 464 466 455 453 449 429 435 430 431 432 434 433 435 430 435 424 419 418 421 420 418 421
329 327 326 331 315 321 319 317 314 312 310 308 303 308 312 304 305 304 308 304 300 287 301 303 307 305 325 306 308 306
351 344 351 340 341 336 339 336 340 337 319 316 330 327 326 314 317 320 323 333 336 334 322 319 316 324 315 328 333 334
589 571 573 574 565 576 577 575 564 575 566 579 575 577 564 577 580 584 605 603 606 593 606 595 592 586 572 571 572 573
208 209 212 210 207 225 228 223 228 226 224 240 249 252 255 267 273 270 272 278 282 279 298 299 296 305 295 302 295 294
436 423 419 415 413 417 407 408 406 397 399 415 419 418 421 401 399 409 389 393 389 388 410 411 412 415 411 399 411 398
73 75 74 70 66 61 60 61 65 70 66 65 62 65 63 62 65 63 61 66 61 67 69 64 68 72 67 65 69 64
379 381 385 386 383 387 380 364 362 368 366 361 357 343 346 347 348 365 360 356 355 352 344 350 349 346 347 350 346 343
469 471 457 474 469 455 464 457 462 461 463 451 465 454 465 470 474 479 476 471 472 475 494 484 489 483 491 495 500 501
507 506 503 508 503 498 493 472 493 475 473 469 465 463 466 453 451 463 461 457 460 461 462 458 459 474 459 477 479 473
501 504 502 490 484 494 484 487 484 495 499 483 492 494 497 498 494 493 473 470 475 479 482 493 475 482 479 473 471 472
665 669 673 668 672 678 681 683 686 685 687 686 687 684 685 688 691 690 687 688 686 688 685 687 689 692 694 695 694 695
181 179 197 196 191 194 197 195 196 200 199 195 197 179 180 194 179 182 179 180 183 180 181 182 177 175 181 175 184 189
571 586 570 569 571 574 576 578 565 576 567 583 578 564 560 561 544 545 544 542 544 540 542 541 542 547 540 551 539 541
124 125 124 123 124 122 121 123 120 119 121 117 115 116 120 119 118 120 118 121 117 113 110 8 110 9 7 10 110 108
164 163 158 157 158 155 157 144 142 143 138 143 139 143 144 158 159 165 154 156 158 162 159 161 163 161 164 163 158 163
237 234 239 245 247 245 240 238 234 250 248 249 248 270 257 270 259 266 263 261 278 280 275 276 273 272 275 272 270 276
259 256 267 271 259 274 270 271 269 267 260 258 259 268 252 250 249 250 236 250 232 240 232 242 229 241 243 246 250 252
438 427 425 434 428 435 426 428 436 442 429 443 446 445 440 436 438 439 436 439 444 466 467 455 468 455 469 472 467 463
143 144 138 148 155 157 148 149 156 155 147 163 147 161 166 165 156 153 147 153 149 147 153 150 153 149 152 154 146 158
592 590 591 594 596 603 601 602 597 613 618 621 616 614 616 619 618 617 613 610 611 615 611 614 598 600 599 601 604 605
579 584 585 590 589 590 593 604 607 612 609 604 606 584 581 580 578 567 574 585 587 605 593 588 589 588 585 576 568 579
7 4 2 0 2 4 7 12 8 10 107 104 106 108 112 116 117 120 116 120 117 118 120 122 119 122 118 120 117 115
8 7 4 6 3 5 6 11 39 12 8 43 42 48 8 6 5 7 8 10 13 35 33 38 33 39 33 31 36 35
595 607 608 609 611 615 621 619 632 622 633 635 633 620 622 634 620 622 632 624 630 625 641 645 642 639 644 661 662 651
174 171 184 173 170 173 182 183 189 175 184 171 170 167 166 160 156 160 166 168 186 191 187 190 187 174 183 185 176 180
389 394 391 392 389 373 375 390 392 396 390 396 398 401 421 420 419 437 440 441 446 445 441 435 427 437 439 425 437 440
675 669 664 669 673 668 666 669 674 672 673 655 673 674 670 667 662 648 660 663 660 650 663 651 653 656 659 658 655 657
372 375 393 391 397 396 409 400 401 406 399 410 399 400 403 405 408 395 394 389 392 395 396 398 401 417 438 416 438 416
499 503 501 504 508 505 506 504 509 507 504 521 500 501 503 506 507 505 502 505 487 484 488 486 485 488 484 489 485 492
695 697 695 696 695 692 695 697 696 694 696 694 691 690 693 690 691 694 695 697 696 699 697 695 693 696 695 692 690 692
439 436 440 427 425 424 422 424 423 420 424 418 401 406 402 407 399 407 410 407 397 399 402 418 421 422 421 423 421 423
536 539 537 535 537 538 554 557 562 558 556 561 564 558 564 559 565 576 578 559 561 560 565 578 556 578 565 564 577 581
602 599 617 619 622 623 630 624 638 637 638 631 633 619 617 599 601 603 594 591 586 591 585 579 585 576 580 586 580 567
34 40 37 58 61 59 54 55 52 55 57 54 56 59 57 54 51 106 104 99 104 99 95 97 94 96 97 101 97 99
267 264 267 256 253 249 251 257 256 253 252 256 248 269 274 258 251 247 240 238 246 249 246 245 248 247 252 247 248 245
491 481 478 473 474 493 481 484 498 499 500 499 496 493 498 501 505 508 509 520 527 525 523 519 517 516 517 514 519 526
4 7 4 6 5 8 48 50 110 105 106 105 107 104 110 109 105 109 50 44 47 49 52 57 55 56 59 62 57 59
327 333 330 315 324 313 316 325 304 325 315 322 321 324 328 329 327 324 317 324 330 317 322 315 313 311 312 311 314 323
150 154 155 162 161 165 156 153 155 149 153 147 148 147 153 149 156 162 159 164 161 160 165 166 163 160 156 145 156 148
193 183 178 181 182 173 186 192 187 173 172 171 170 185 174 186 172 183 186 176 187 188 191 186 185 189 187 177 191 184
474 458 456 462 460 463 452 463 454 456 467 471 457 464 462 458 474 479 480 491 485 502 503 505 506 501 521 523 521 520
265 266 261 278 273 278 264 265 268 271 273 271 268 267 261 266 268 271 259 265 267 277 280 284 279 281 264 267 271 275
417 422 423 420 437 416 418 416 438 437 426 439 437 423 421 420 437 418 417 401 417 437 426 439 440 441 440 441 443 429
513 514 517 512 522 511 521 520 511 523 520 511 510 522 526 522 520 518 516 533 528 526 512 509 511 512 522 503 510 522
600 597 610 614 599 617 599 601 599 601 595 593 602 599 596 610 609 614 611 609 610 603 597 617 615 613 633 634 637 635
437 438 417 437 428 426 436 424 435 427 439 438 442 444 442 434 432 429 445 434 435 442 439 442 447 448 450 454 467 468
650 662 661 660 653 650 649 644 649 650 652 660 651 662 652 663 662 664 660 650 648 643 648 662 664 660 664 663 650 662
359 362 347 346 347 350 361 345 348 362 367 365 366 368 367 370 363 368 381 382 386 378 369 372 380 383 371 383 388 389
672 678 681 680 679 682 683 684 685 684 687 685 684 685 684 683 682 685 682 685 687 690 688 690 691 693 695 694 695 696
685 687 689 687 689 687 689 690 693 696 694 696 699 697 695 692 694 697 696 693 690 689 690 687 685 684 687 686 688 687
682 681 683 684 686 684 687 684 681 679 682 681 680 677 671 676 675 678 673 653 650 660 648 651 653 651 662 651 658 651
111 107 112 108 112 117 120 118 116 120 116 115 113 110 107 102 106 50 109 108 106 50 55 41 49 40 9 36 14 39
152 148 154 152 155 161 158 155 162 161 166 165 162 154 162 158 147 154 149 148 154 153 135 153 148 136 138 147 157 146
527 532 549 530 549 537 539 547 551 549 539 553 555 541 547 553 547 539 545 547 536 539 551 554 550 536 535 537 549 540
368 369 380 389 392 409 399 406 399 407 399 411 397 409 398 409 410 408 407 402 404 401 405 407 397 400 401 417 415 419
415 419 421 424 418 414 412 409 407 406 403 406 407 404 421 420 419 417 418 423 436 442 428 435 445 429 432 431 429 445
683 684 686 688 687 689 692 695 696 699 698 695 694 696 697 698 697 694 697 698 699 697 698 699 697 696 699 696 697 695
449 446 449 448 465 456 458 459 474 457 474 469 455 470 469 455 454 463 464 457 458 456 467 469 472 471 472 471 469 467
236 233 234 236 250 253 248 245 239 232 236 239 234 237 232 239 234 232 229 238 234 250 252 247 250 256 248 250 248 249
74 73 75 78 77 73 74 73 71 72 71 70 66 64 65 63 64 69 74 75 72 75 77 78 80 82 81 79 76 73
316 325 324 325 326 316 314 324 314 313 307 314 317 314 315 326 313 316 321 315 328 334 328 334 338 336 340 352 355 358
89 87 86 85 86 87 88 86 88 87 84 85 88 86 84 86 89 90 92 89 90 94 98 101 107 112 111 105 111 9
402 401 398 407 414 397 396 408 417 408 411 410 408 411 410 415 408 417 413 409 399 397 396 408 414 417 413 407 401 414
279 285 279 282 284 279 274 260 269 249 254 235 253 256 268 275 272 278 277 261 267 268 265 264 263 278 282 283 296 305
241 239 238 249 253 255 256 258 267 268 256 259 262 264 278 272 275 278 272 269 258 271 272 278 274 266 261 274 269 270
406 401 405 406 397 409 407 399 409 412 417 413 416 418 401 402 401 405 402 418 424 420 419 437 417 413 415 410 388 392
400 411 412 399 402 400 407 409 398 397 406 405 401 408 415 411 398 414 415 417 419 418 402 401 408 413 418 416 419 420
597 610 607 605 588 593 607 593 588 593 602 599 600 617 599 598 601 596 598 603 595 603 610 606 587 606 596 603 598 610
612 613 604 594 596 593 606 611 610 614 613 607 606 584 583 567 569 571 589 572 575 565 578 556 577 563 562 558 557 552
256 259 274 277 272 259 268 265 262 266 259 261 260 266 259 256 250 247 248 250 234 238 232 243 248 256 252 249 269 270
103 105 101 105 109 106 110 114 110 113 112 111 109 113 111 8 43 7 5 6 4 1 2 1 4 6 8 9 8 12
462 464 466 471 475 493 476 478 481 476 481 484 495 482 494 481 495 501 500 508 506 503 507 508 522 526 510 526 510 523
481 484 494 495 493 479 480 472 477 457 470 474 458 461 458 474 477 476 472 494 499 485 505 488 490 492 482 494 472 473
588 605 585 582 581 567 569 568 582 581 580 586 572 574 585 588 593 603 607 604 610 593 606 594 596 607 593 606 594 593
269 256 259 270 273 272 270 259 272 277 278 264 260 265 266 262 260 264 281 278 282 285 284 278 261 263 265 263 261 266
334 339 338 335 338 340 332 331 332 340 334 333 336 333 329 328 325 305 325 315 329 323 321 316 327 323 324 327 313 311
99 98 102 99 95 100 95 96 99 103 108 105 101 96 97 99 96 97 94 90 92 89 91 89 87 86 83 84 82 84
162 167 162 149 156 160 164 169 170 167 165 161 157 155 153 156 155 157 147 146 156 147 138 139 143 142 145 137 138 146
224 241 228 239 236 232 240 224 228 229 226 229 224 222 220 216 218 213 196 213 214 203 202 199 213 202 200 212 199 200
483 482 485 490 501 495 482 492 499 497 495 483 491 484 495 499 483 480 472 477 476 478 474 475 472 471 469 467 454 456
277 271 260 267 259 267 261 274 271 273 267 262 266 259 261 268 265 267 264 266 264 261 274 258 267 261 266 262 260 268
643 650 647 644 645 647 648 650 643 640 648 640 662 665 661 664 669 668 671 669 660 661 650 649 648 651 650 661 649 659
120 121 119 121 117 113 110 105 109 106 111 105 104 102 105 104 107 105 109 106 111 105 109 103 105 101 100 98 94 96
53 57 61 57 58 61 57 55 50 54 57 58 37 35 32 16 21 20 21 28 27 30 25 21 22 17 19 20 17 18
616 633 622 619 632 622 624 623 639 638 624 627 626 627 630 631 629 623 639 643 649 662 667 669 675 673 678 681 680 682
333 337 333 354 343 353 339 335 333 332 329 333 330 325 306 301 296 286 284 296 285 288 286 284 281 277 297 285 287 286
166 169 166 168 165 167 172 167 164 167 185 187 192 200 212 204 218 223 225 208 205 207 224 229 241 246 249 269 258 259
46 41 40 13 35 39 33 34 30 27 32 29 25 22 23 24 28 33 39 11 9 42 38 39 42 48 51 50 113 115
343 355 359 364 365 345 346 343 352 350 358 354 333 336 338 334 317 337 336 331 326 324 329 325 323 333 353 342 345 348
613 602 598 597 599 597 613 615 622 632 635 621 623 624 621 635 622 635 624 623 631 628 626 631 623 621 634 632 622 632
608 612 611 612 615 612 611 610 597 611 607 605 591 586 588 605 595 601 600 603 601 603 592 584 581 576 582 584 581 579
606 605 592 594 595 602 600 602 596 606 610 604 591 587 594 593 610 598 614 609 610 611 608 595 592 587 594 603 607 593
601 597 611 607 611 609 612 610 594 607 612 610 605 591 586 582 566 582 577 568 579 580 585 590 586 580 584 606 609 608
393 389 380 378 377 373 389 393 373 386 382 385 381 362 366 363 365 367 365 366 369 370 372 386 383 382 379 385 388 391
172 168 164 185 167 169 165 161 163 165 168 166 165 169 170 168 165 163 167 166 151 169 167 170 168 164 163 147 156 147
572 570 571 569 573 570 574 568 576 578 580 585 574 571 586 572 569 589 588 591 594 593 610 603 595 596 599 596 602 598
33 28 32 29 24 22 29 30 28 27 24 16 17 100 18 19 22 25 31 33 39 38 36 33 29 34 28 32 21 23
561 544 546 548 550 552 553 539 551 541 545 548 536 533 516 514 518 509 523 510 512 517 511 508 509 518 526 521 500 498
23 25 22 17 20 15 10 13 14 9 48 9 42 12 15 12 36 37 58 54 57 59 64 59 58 62 67 66 71 68
678 675 678 677 679 682 683 682 681 679 678 673 678 681 682 685 683 680 677 679 682 681 679 681 680 682 685 687 688 685
190 195 198 195 194 198 195 193 190 191 184 174 173 167 169 163 169 172 173 187 174 175 183 193 213 215 211 203 204 205
284 283 281 283 281 263 278 276 275 274 275 273 276 270 274 259 267 266 259 261 265 261 265 262 278 261 260 268 266 274
304 306 311 309 307 303 300 301 299 295 292 289 309 311 310 312 315 317 330 324 321 323 324 331 328 325 330 317 322 324
69 68 73 71 66 67 65 69 70 73 69 65 64 60 63 64 66 67 68 69 64 67 70 66 62 59 56 55 51 109
3 2 1 3 0 3 2 4 3 4 6 9 13 39 34 35 34 30 35 14 10 11 8 43 8 114 115 113 114 109
135 137 148 146 158 161 166 167 166 169 151 166 164 169 166 169 164 159 162 161 165 163 156 160 161 166 161 147 162 157
378 369 370 380 364 368 365 362 357 351 344 342 358 357 356 343 341 353 335 342 345 348 365 368 370 381 370 382 370 380
662 643 650 653 663 669 658 652 662 664 669 665 669 664 668 674 677 671 675 678 679 680 656 655 657 658 659 653 650 652
496 495 494 497 491 484 481 495 491 489 483 493 491 485 492 475 477 460 457 454 450 453 464 468 465 464 453 463 465 450
114 111 109 50 109 107 104 102 99 104 102 98 95 92 94 91 90 91 89 90 91 88 86 87 90 88 91 93 96 101
123 120 117 114 113 108 111 9 42 44 50 44 45 47 42 44 40 55 57 60 61 56 57 53 55 58 102 99 104 107
91 88 87 84 82 80 79 78 80 78 77 78 76 73 68 73 75 77 79 80 78 77 74 76 73 72 69 71 66 68
306 294 295 293 290 293 296 287 286 285 288 293 288 299 289 305 310 305 325 327 328 327 314 327 317 320 323 318 317 322
176 190 178 181 179 180 182 179 177 181 180 176 185 164 162 163 147 153 147 163 167 166 151 152 155 162 167 185 168 163
282 277 261 278 276 297 286 295 290 294 289 306 325 327 329 330 322 319 337 317 319 322 333 323 317 334 333 354 343 358
26 31 26 22 17 22 18 17 100 101 102 106 51 54 53 52 53 58 53 55 53 51 52 50 106 107 110 51 52 53
197 177 180 182 193 195 190 186 167 171 185 190 194 198 213 216 213 196 195 198 195 191 194 213 199 212 200 198 200 214
239 246 242 241 242 241 242 243 242 243 245 248 244 246 241 240 232 233 234 233 237 233 236 235 250 232 229 241 244 240
177 176 179 194 198 199 196 192 214 192 187 188 184 193 184 181 176 178 177 193 194 193 195 194 195 190 187 174 187 188
312 315 331 332 330 314 326 314 323 314 317 316 323 313 326 307 324 329 325 313 308 307 326 325 307 305 295 296 293 291
119 117 114 112 115 112 110 112 107 102 101 103 98 96 101 105 107 111 116 119 121 119 122 120 117 115 113 108 111 116
189 183 181 184 176 183 185 176 184 181 176 182 193 187 192 194 199 202 213 199 197 194 177 178 194 188 184 193 191 192
516 533 513 519 525 530 524 526 524 527 511 518 509 522 510 522 512 511 512 518 520 518 511 514 519 518 515 514 517 514
52 54 106 102 104 105 111 116 115 113 112 115 113 116 119 121 117 112 110 113 118 114 110 104 15 13 39 35 41 49
511 525 521 526 520 509 523 511 513 526 512 517 519 508 510 508 507 505 507 520 522 508 519 517 511 517 516 517 513 527
271 277 279 285 295 287 289 299 297 300 301 300 302 298 296 295 299 286 295 289 287 284 280 276 271 276 297 277 274 273
498 483 496 498 481 475 472 493 495 496 493 479 481 480 478 481 478 477 473 469 468 464 468 473 469 473 470 463 458 456
298 276 279 283 279 298 285 296 297 287 303 305 289 299 301 287 296 305 325 306 303 305 304 299 302 297 288 289 299 287
16 15 36 41 37 35 30 27 32 34 36 35 40 42 40 55 51 109 114 115 113 114 8 111 110 115 119 122 123 124
477 479 493 475 479 481 476 473 478 480 476 475 473 457 464 457 463 465 463 455 457 455 469 463 456 466 454 453 454 466
557 554 553 557 547 540 542 546 544 545 544 543 540 546 541 540 542 547 539 550 549 531 528 529 531 550 555 552 556 557
156 148 150 155 152 150 153 147 161 159 146 140 139 138 135 136 153 155 146 158 145 156 159 146 157 160 162 161 162 159
158 146 162 156 163 149 165 154 156 157 160 158 162 149 153 156 148 154 151 149 162 146 149 156 162 164 163 156 148 157
360 369 381 369 368 365 363 361 345 350 349 344 343 353 340 338 335 331 329 330 323 321 320 317 334 332 327 326 328 325
54 57 62 61 65 67 70 72 73 76 75 76 79 80 79 80 78 76 77 76 75 72 70 64 70 65 61 65 63 62
674 670 675 670 673 653 659 662 667 668 671 670 665 659 648 651 665 666 658 657 651 652 657 652 656 658 666 660 659 658
121 123 122 119 118 119 118 114 111 9 6 9 11 7 5 8 10 9 43 40 49 45 49 40 55 41 46 44 47 45
286 295 292 294 290 306 294 295 294 302 297 277 273 274 259 268 275 273 277 274 275 274 261 278 276 297 283 278 284 283
376 372 369 383 384 385 390 391 396 398 395 390 394 391 397 392 388 392 409 388 392 390 393 390 395 409 407 410 388 390
653 656 670 673 671 665 671 665 651 653 670 655 670 673 670 665 670 654 655 656 673 675 676 677 680 656 670 675 671 670
456 465 464 470 463 460 462 460 474 478 474 469 463 470 463 453 462 456 458 462 463 460 456 455 454 455 464 465 452 465
294 289 302 301 300 303 325 330 317 316 327 313 324 328 325 307 311 313 310 305 306 325 330 317 337 320 337 334 340 339
686 689 688 690 692 691 688 687 684 686 683 685 687 690 688 687 690 689 686 683 680 677 673 672 668 673 668 666 661 665
531 537 540 554 551 550 551 547 542 540 549 553 552 554 537 531 550 528 527 523 526 513 520 526 529 527 513 526 520 513
64 62 63 61 56 51 56 52 51 55 58 55 53 58 102 100 96 100 103 104 101 97 100 97 98 99 97 92 94 96
188 186 188 190 185 175 176 175 181 176 185 173 172 169 163 165 159 158 146 147 154 147 138 147 138 146 137 136 153 148
51 49 50 47 49 48 42 47 49 48 6 11 39 36 13 14 11 8 111 110 51 52 50 53 51 106 108 113 111 106
219 215 201 195 194 197 180 197 195 213 202 212 205 204 208 210 205 215 219 218 211 218 214 215 214 217 219 221 218 204
563 577 556 554 551 539 551 552 555 553 551 555 556 561 544 547 538 535 530 514 518 529 531 534 532 531 526 530 513 533
567 566 567 580 586 589 588 592 606 604 595 596 604 593 590 585 605 587 594 591 590 591 605 587 583 578 583 582 568 566
285 299 286 288 290 287 297 299 287 284 286 283 281 278 272 271 269 252 250 234 233 247 240 228 229 227 226 225 223 222
132 131 130 132 131 133 134 133 134 136 148 147 155 147 161 159 160 156 157 145 137 155 150 154 153 147 150 153 148 147
305 307 308 312 308 305 294 291 288 296 295 298 287 286 285 297 295 293 288 293 296 286 298 300 303 301 296 287 302 290
362 358 345 348 351 348 345 351 358 341 336 335 330 332 335 337 339 351 354 335 354 358 354 335 336 339 351 344 348 345
385 388 386 373 387 385 371 386 370 381 386 369 364 359 363 367 370 371 370 368 380 385 380 373 387 389 373 387 386 387
421 416 417 420 424 423 437 428 426 425 422 421 423 422 417 407 409 389 373 389 392 394 395 392 397 407 402 406 417 414
290 289 302 290 289 303 287 284 280 277 268 266 274 270 267 262 261 274 279 281 261 281 282 280 281 278 282 279 282 280
173 185 174 173 183 177 179 181 175 189 184 188 189 191 189 192 186 173 170 167 173 183 189 191 196 197 200 214 202 215
70 73 72 68 64 68 66 70 67 62 66 64 60 57 54 58 53 58 56 51 55 59 55 53 52 54 102 100 95 92
273 267 265 268 266 267 273 272 271 276 275 280 277 267 260 274 279 275 272 269 249 251 249 243 229 231 232 250 252 268
364 367 369 372 386 378 376 392 395 393 389 409 395 392 395 408 407 399 401 417 437 440 445 429 435 442 447 449 444 446
508 500 495 499 498 500 499 498 502 488 486 483 481 494 481 492 496 492 483 491 493 494 497 499 496 497 483 482 491 486
432 431 428 434 445 449 446 445 439 442 429 443 445 442 427 437 439 426 419 416 437 416 421 403 418 402 404 421 424 423
569 570 569 570 582 567 574 576 585 579 580 582 578 579 578 583 587 582 566 565 568 577 565 576 579 585 586 582 581 577
523 520 525 521 510 509 523 529 524 521 520 510 503 521 504 509 504 506 508 519 513 529 525 530 518 526 520 527 525 520
380 387 386 379 386 392 386 383 387 386 387 373 375 390 394 397 408 410 415 419 425 420 417 411 415 399 409 408 417 406
689 691 693 694 697 698 696 693 691 690 691 693 692 690 692 695 696 699 698 699 696 699 697 698 696 697 696 695 697 698
634 622 631 628 629 630 623 636 634 631 633 636 642 641 635 632 633 638 641 640 645 627 628 630 625 627 628 629 626 630
500 503 508 500 496 500 521 503 509 522 525 528 549 547 539 538 541 538 531 533 530 514 511 508 507 504 505 487 484 482
629 624 631 624 634 622 621 620 617 615 611 597 598 610 603 597 599 600 598 595 594 595 597 617 619 622 615 617 616 620
660 650 652 651 667 664 661 651 660 647 644 646 647 650 651 661 650 651 652 662 659 653 654 651 662 665 663 652 650 648
43 9 7 48 40 38 33 28 33 38 32 21 28 26 23 28 31 37 40 36 14 32 34 31 32 31 36 14 10 12
10 13 40 39 11 9 13 107 108 105 107 105 104 105 102 58 61 64 67 70 64 60 62 64 68 67 70 72 70 71
555 558 555 558 560 554 548 536 539 554 549 553 548 549 531 528 523 527 531 527 524 530 518 530 524 526 520 517 520 519
159 161 166 171 167 168 165 154 151 152 150 155 153 150 151 166 163 162 165 163 162 163 158 146 157 158 147 159 161 166
640 638 634 635 621 618 614 610 595 598 599 598 596 597 602 597 603 606 595 592 588 586 581 577 576 566 564 576 578 582
562 564 566 576 566 575 574 567 577 582 581 579 565 559 577 567 575 577 581 577 579 584 588 585 587 584 580 577 559 556
663 650 651 658 669 667 664 667 673 671 674 675 677 671 675 676 677 672 666 672 677 676 674 670 664 661 666 664 665 651
301 287 301 303 289 302 304 326 329 324 331 328 325 307 312 309 304 303 300 299 300 299 295 286 296 303 308 303 301 306
694 696 698 697 698 697 699 697 698 696 693 691 693 692 690 693 692 689 687 690 692 694 695 692 694 696 695 697 698 696
280 275 273 259 261 260 257 259 273 271 272 269 271 259 260 274 279 281 284 285 302 300 303 299 287 289 302 297 277 281
587 605 585 584 605 588 590 591 585 579 566 575 566 565 577 563 566 578 565 566 567 577 556 561 557 558 562 561 557 559
671 667 662 663 652 659 656 673 674 672 677 673 671 667 670 667 662 648 649 648 650 648 646 647 660 665 668 672 670 665
232 241 245 241 221 225 224 223 219 223 220 215 217 222 228 240 245 249 233 253 254 235 236 238 233 250 236 234 235 236
116 111 114 115 117 116 117 119 118 117 112 117 114 116 111 108 106 109 107 112 116 114 119 120 116 112 108 112 115 116
240 244 250 234 237 231 233 237 231 243 248 246 247 243 244 246 232 240 244 240 238 232 236 235 238 229 240 233 231 237
117 121 120 116 117 121 118 121 123 120 118 120 121 120 122 120 123 120 117 120 116 112 109 104 105 104 107 10 110 9
260 269 273 278 261 260 263 265 263 262 259 258 268 272 277 273 274 276 297 288 285 283 284 276 270 272 276 272 268 275
490 498 503 502 497 498 502 490 483 495 494 492 489 486 488 486 490 483 491 494 475 476 472 477 472 474 493 479 473 477
27 28 31 29 22 17 21 24 20 16 19 24 23 28 21 22 25 22 21 28 29 25 27 29 21 18 19 21 23 29
0 3 1 2 3 6 46 49 45 40 43 40 34 40 36 40 42 37 36 39 38 41 49 44 9 42 46 7 43 46
446 447 452 463 469 468 467 469 474 480 476 478 476 493 484 491 480 481 483 494 481 491 498 490 502 507 510 522 519 508
42 39 36 38 41 45 41 38 36 39 38 41 35 33 34 37 38 42 46 43 7 12 7 8 110 113 50 9 6 48
102 103 102 99 101 97 93 97 98 99 100 101 103 105 102 106 108 106 105 110 114 117 115 116 114 8 9 44 43 8
258 270 267 261 278 263 265 261 263 261 265 264 266 274 278 277 282 280 284 280 277 266 263 261 267 261 267 266 260 269
245 244 248 250 235 254 255 268 269 251 252 254 235 233 230 229 231 232 243 248 252 251 257 259 266 277 276 279 275 278
314 326 323 314 330 316 315 326 315 323 314 316 317 319 334 330 332 340 342 345 358 341 344 346 344 349 345 347 365 360
559 564 567 583 582 586 588 605 595 592 594 606 611 610 605 610 609 606 595 605 587 585 583 587 586 589 571 574 571 573
249 238 233 249 246 243 242 239 240 243 242 239 229 239 237 240 224 240 224 222 224 240 249 247 248 269 248 253 236 233
295 284 295 289 296 289 305 295 296 297 300 304 307 302 305 302 288 287 303 296 303 306 290 294 290 306 303 305 304 313
257 252 254 249 247 242 220 222 221 222 205 218 212 195 212 200 197 179 176 182 177 191 192 193 196 192 213 203 202 200
335 337 340 343 352 356 343 350 351 361 362 364 362 360 361 352 345 352 344 355 359 354 355 341 353 341 335 352 353 339
163 158 161 163 169 151 153 155 150 151 154 165 166 169 164 159 157 161 157 158 160 157 161 162 146 149 155 148 145 159
361 360 359 343 358 359 357 356 361 355 361 381 364 369 370 372 378 373 387 384 385 390 387 383 385 386 381 369 371 382
542 539 555 550 552 548 540 543 541 538 549 553 539 542 544 542 558 560 561 556 555 553 554 539 545 541 547 553 558 562
488 487 489 487 505 501 505 507 520 529 520 510 519 508 507 502 496 501 491 495 496 492 480 481 480 477 480 491 490 486
598 610 609 613 604 603 593 603 609 595 606 611 610 597 610 608 606 594 606 605 603 598 610 603 606 610 598 599 614 616
357 356 353 351 339 351 349 346 343 352 355 360 358 353 340 343 351 344 347 350 352 355 352 343 340 332 331 333 330 324
484 486 490 481 480 483 496 501 496 495 501 505 506 509 506 503 507 521 501 495 491 484 495 491 483 492 480 492 495 500
487 485 492 484 481 493 494 499 483 486 489 492 480 492 490 489 486 491 497 491 494 483 489 484 489 490 492 482 480 492
209 204 209 211 206 204 202 215 213 194 198 201 210 206 203 218 223 230 240 238 234 236 235 237 232 236 237 238 239 242
356 361 352 335 331 328 333 337 333 322 317 331 336 337 317 331 317 331 336 331 329 324 327 332 335 336 341 338 335 336
433 429 445 449 448 452 453 447 442 426 429 446 450 452 448 444 445 446 448 449 431 433 427 438 440 436 435 426 424 423
348 344 349 351 344 358 361 352 354 352 351 354 332 353 352 342 343 344 348 351 349 348 350 348 362 358 357 354 353 341
129 127 125 126 127 129 131 130 131 132 134 132 131 129 127 126 125 124 125 124 125 124 125 123 121 118 121 118 119 117
656 657 653 652 654 651 666 671 665 670 655 653 655 656 658 652 660 658 654 659 666 663 661 659 666 651 659 649 646 661
19 16 15 17 18 19 24 29 35 13 35 14 36 34 35 39 35 40 42 48 45 40 48 51 55 51 53 54 106 103
39 40 13 39 44 47 50 109 110 115 119 121 117 116 119 114 118 120 123 121 122 123 125 126 128 126 124 123 125 124
550 549 537 540 548 546 540 550 554 540 537 549 540 554 560 554 558 564 559 566 567 565 568 566 582 567 579 565 560 559
609 606 587 589 592 588 605 596 594 592 586 571 570 571 586 572 573 569 570 575 579 565 567 580 582 586 583 582 574 569
234 235 234 232 236 237 234 233 240 239 242 239 230 246 232 238 233 240 241 220 217 211 214 203 213 216 212 202 201 214
517 511 522 520 511 510 503 502 496 494 496 499 502 490 484 493 484 498 484 483 480 483 493 481 483 492 489 486 483 484
297 285 284 296 284 297 295 296 297 283 286 285 299 303 306 309 289 292 294 293 290 302 296 297 276 297 300 304 306 300
574 573 569 570 582 578 566 569 576 575 578 577 578 565 574 567 579 585 582 565 562 558 564 560 555 556 560 561 557 548
71 72 69 64 59 61 62 65 66 61 67 69 67 70 65 61 57 55 60 55 50 44 43 39 33 31 27 25 24 29
340 332 327 329 327 314 315 327 328 326 329 334 340 332 354 335 332 330 324 330 323 313 326 324 313 311 312 323 326 330
692 695 692 691 694 695 693 691 693 695 698 696 693 694 692 691 692 695 698 696 698 696 698 697 694 691 688 689 688 687
130 132 131 129 127 128 127 129 131 132 130 131 129 128 129 128 129 128 130 131 132 134 132 134 133 131 132 131 132 134
573 567 583 567 565 566 582 587 586 580 577 563 559 564 565 578 565 564 560 563 575 578 583 580 577 582 585 591 592 593
641 631 634 622 624 627 625 638 631 625 641 631 641 635 638 641 628 630 627 645 628 645 641 638 634 637 642 627 645 627
529 530 513 529 535 549 535 529 520 512 514 516 515 530 526 524 530 532 527 526 528 549 537 547 554 538 536 539 550 549
534 531 550 539 552 551 547 557 561 557 551 539 552 549 529 549 535 534 531 532 534 529 550 549 538 537 534 530 527 531
66 67 69 64 61 66 64 66 62 63 66 64 59 56 53 56 54 56 51 56 55 40 49 43 40 55 40 39 42 40
582 576 573 576 569 589 585 605 592 587 605 592 584 588 586 590 593 607 608 604 605 608 612 610 604 607 612 613 597 602
635 624 623 636 641 637 631 635 622 638 624 628 629 628 641 640 635 634 624 633 636 638 622 633 634 635 622 620 615 634
138 139 141 144 142 140 146 143 146 162 156 160 163 167 186 176 175 172 174 175 172 174 186 173 170 165 167 170 172 186
171 185 183 186 184 177 182 180 182 177 178 176 187 186 175 183 181 180 197 200 196 199 196 194 189 190 178 183 184 189
170 172 174 173 187 177 178 194 190 192 196 197 198 199 198 194 192 200 198 199 195 202 199 198 200 201 215 214 217 216
311 306 325 304 308 307 314 326 329 333 338 340 339 338 339 342 354 351 353 340 337 333 353 358 341 335 338 333 327 323
473 468 465 463 464 473 471 470 473 471 467 456 458 455 456 467 454 464 456 462 456 465 451 453 465 452 465 448 449 446
480 493 482 475 480 482 481 483 484 490 485 486 491 492 485 498 482 494 499 492 498 495 484 491 497 495 493 481 482 492
235 238 246 239 231 242 231 228 232 230 240 229 238 237 235 237 239 241 230 228 225 207 206 205 210 208 209 208 206 211
518 512 515 533 515 517 515 518 519 510 512 519 512 509 512 513 512 516 512 511 517 515 512 513 512 516 512 518 526 525
399 400 402 418 424 420 415 420 415 416 420 423 436 433 428 429 432 429 426 429 435 439 445 446 465 448 445 441 437 419
530 532 534 531 538 547 544 545 539 550 538 539 553 549 552 558 552 539 550 540 543 541 561 543 558 552 549 539 555 558
37 35 30 31 30 34 38 37 41 40 36 12 40 38 42 45 42 39 43 38 39 11 9 43 39 14 9 8 111 106
185 174 172 186 184 172 168 163 147 154 155 158 145 157 144 146 159 164 165 161 156 148 162 163 156 159 161 164 166 161
624 626 625 630 626 631 641 636 641 661 644 648 643 639 636 635 641 637 638 642 645 647 661 650 662 660 649 658 666 663
212 205 209 212 199 201 202 201 203 206 204 211 213 202 203 205 215 205 204 210 211 204 208 211 205 210 204 201 204 209
679 682 683 686 684 683 681 678 672 671 669 675 669 663 661 659 653 650 663 669 664 668 673 655 656 669 674 677 678 681
247 243 244 250 248 252 251 250 253 236 238 249 254 250 255 250 232 231 242 241 244 241 228 223 224 223 225 227 225 208
63 59 56 60 55 52 57 59 54 53 55 50 51 55 50 49 52 51 54 102 97 93 96 100 96 94 90 91 88 86
543 540 544 547 553 552 553 554 548 546 557 551 548 531 538 554 559 563 566 563 577 582 578 581 583 586 591 585 579 583
288 302 285 280 276 277 282 281 282 278 282 284 285 298 301 295 287 285 297 300 302 285 280 275 280 285 294 296 294 296
38 32 24 22 21 19 18 17 21 28 32 21 20 19 20 19 18 23 21 24 30 34 32 33 36 14 36 33 35 34
203 200 194 192 187 175 191 189 185 170 185 173 175 188 194 179 180 178 194 189 175 173 185 175 176 180 197 200 199 197
309 307 324 312 304 306 292 291 290 291 288 289 288 298 297 287 297 280 277 276 271 258 256 267 274 258 271 257 260 270
211 214 218 217 216 215 213 217 222 227 225 207 209 208 222 241 229 223 226 229 226 222 220 218 216 213 198 200 198 195
299 305 310 309 306 301 297 288 294 302 285 287 295 285 279 284 286 297 277 297 286 288 297 287 297 277 274 258 270 269
100 21 25 21 18 23 21 29 33 35 34 35 33 28 26 27 24 29 21 28 31 27 26 25 21 16 21 22 21 18
482 483 491 495 500 501 504 499 500 503 506 502 485 499 495 484 493 495 498 494 492 481 484 490 491 495 494 475 479 491
330 335 337 320 337 336 332 330 335 352 355 342 355 343 342 352 350 347 348 346 350 358 363 369 366 362 363 369 363 370
217 218 212 221 217 216 203 219 212 205 212 213 195 198 199 202 203 209 207 225 226 241 231 237 240 249 246 248 245 242
539 540 549 528 536 537 539 545 547 548 552 549 552 551 547 546 539 554 541 545 548 555 552 551 541 538 548 531 550 528
332 328 330 325 328 315 330 334 340 353 351 361 358 351 339 336 337 336 333 336 332 328 330 335 330 334 338 336 331 336
112 109 50 49 41 39 42 41 38 40 43 7 10 11 13 8 7 6 7 10 107 105 104 100 101 103 99 100 104 99
139 144 145 159 147 146 143 146 158 156 163 162 156 153 151 148 145 137 148 152 149 150 154 155 146 159 156 153 156 147
509 520 527 525 527 520 507 505 485 488 491 498 500 498 491 498 491 501 492 491 501 502 485 486 487 505 503 510 522 510
676 679 676 679 680 682 684 687 686 688 690 693 694 696 697 694 697 694 697 695 694 691 692 694 691 694 692 695 692 693
644 647 645 643 638 634 622 634 633 619 632 631 622 620 615 617 620 614 616 614 612 633 638 642 636 623 622 631 633 622
184 173 171 169 151 149 150 147 145 142 143 139 146 149 148 145 139 146 154 152 154 162 147 157 144 157 160 157 162 156
300 301 299 305 301 302 300 303 300 297 302 286 302 298 296 284 296 289 293 287 298 287 299 286 302 303 299 302 299 305
533 535 549 530 526 531 527 532 535 529 524 525 528 536 534 536 549 550 531 537 536 539 551 539 538 535 534 535 533 515
632 641 632 638 639 634 620 622 635 638 634 633 612 609 614 613 618 620 612 611 615 617 619 622 638 630 626 630 625 622
681 684 681 678 675 678 681 679 676 678 673 655 652 661 662 652 654 670 656 673 676 679 680 678 679 678 680 678 680 682
697 699 698 696 697 694 695 692 694 692 694 695 692 695 698 696 699 698 699 696 697 696 693 692 695 696 698 695 697 698
59 56 54 51 110 50 109 107 106 108 111 113 115 117 118 122 120 123 124 125 124 125 126 124 122 120 118 122 121 118
544 542 546 548 545 539 545 547 549 530 535 532 528 536 531 536 528 526 519 526 518 512 509 518 509 510 503 499 498 501
194 191 190 184 191 177 191 196 194 189 186 174 186 168 186 174 171 169 165 168 185 168 163 167 161 164 185 168 185 167
411 417 421 420 419 417 421 403 406 400 404 402 407 413 412 408 405 403 406 397 409 407 406 408 412 415 401 403 421 403
677 674 673 653 656 659 649 651 662 659 648 645 641 645 644 649 659 650 659 648 647 648 661 652 657 651 664 668 671 670
532 533 534 535 536 532 535 531 535 531 536 538 537 535 531 529 524 529 513 526 519 516 530 514 519 518 516 514 530 524
113 108 103 109 105 100 98 94 91 89 90 89 86 85 84 82 80 78 77 75 70 74 72 74 70 64 67 68 71 74
126 125 124 126 125 126 128 130 132 130 129 131 133 135 153 151 149 154 156 153 150 153 149 163 168 171 167 172 184 190
565 582 565 560 557 559 577 567 565 563 576 577 565 564 578 579 583 578 559 558 561 543 544 545 539 553 552 539 548 546
118 119 117 116 117 116 113 114 113 118 113 112 111 106 51 54 57 60 65 66 68 67 65 70 69 64 59 61 56 53
186 188 175 184 187 173 172 171 170 172 171 184 182 178 194 191 189 188 175 188 190 195 201 214 202 204 205 225 223 225
165 154 165 163 156 160 157 159 165 167 185 173 185 168 171 169 163 166 160 163 166 165 169 163 165 162 157 158 155 154
198 213 200 195 191 187 173 176 180 197 179 176 175 182 173 187 174 186 187 189 188 175 190 188 190 178 179 182 181 176
658 651 665 651 658 652 656 657 658 655 653 659 665 660 652 655 653 670 654 651 657 654 653 667 662 649 661 644 642 640
525 528 529 526 513 527 511 524 526 524 530 518 530 514 515 514 512 510 520 527 526 531 529 520 527 511 514 530 528 532
31 34 38 36 12 39 40 39 45 39 44 50 47 42 41 45 42 12 15 14 11 6 8 11 6 7 6 4 2 0
168 166 167 169 163 149 147 155 149 166 160 161 147 149 165 159 147 150 151 149 151 154 146 143 140 146 156 159 160 161
388 392 393 375 393 395 393 391 396 407 398 409 414 410 414 412 410 413 408 412 410 411 408 400 402 407 401 405 402 403
254 253 233 234 237 240 230 232 228 240 238 229 242 220 217 215 220 222 226 228 239 241 242 229 240 233 239 236 235 232
296 301 303 289 286 288 286 287 285 280 279 285 298 300 301 295 305 325 330 333 317 330 328 329 331 332 327 313 323 316
137 147 159 158 163 161 156 153 151 150 153 151 150 153 156 154 153 135 136 153 149 151 148 146 159 158 159 157 147 157
630 632 623 624 629 632 639 625 641 637 638 640 643 649 651 654 652 655 653 666 658 649 659 662 659 653 656 657 658 652
413 399 411 398 401 417 437 427 425 420 425 422 425 428 433 430 432 434 431 434 429 435 439 436 433 435 425 428 442 439
229 243 249 253 255 251 247 250 256 267 274 268 270 248 253 249 240 228 223 221 223 219 224 207 210 218 210 208 225 221
556 577 578 579 585 588 586 581 583 588 586 590 587 582 586 591 604 591 588 593 595 598 602 613 610 605 591 594 593 606
661 650 663 651 652 659 662 643 647 661 640 636 641 631 625 630 623 635 641 640 644 646 642 648 661 662 649 659 656 652
82 80 81 79 80 77 79 81 83 86 87 90 93 97 100 99 95 94 97 101 102 101 104 100 102 54 50 9 48 50
231 247 233 249 252 250 248 256 269 274 272 259 267 271 270 275 273 272 275 268 267 255 251 255 258 270 274 271 275 271
476 479 477 459 474 457 473 493 475 494 481 491 482 479 492 490 491 479 477 459 477 457 471 472 494 484 490 485 483 482
28 30 24 29 21 24 21 15 104 107 110 108 109 51 53 58 60 65 64 66 71 75 74 72 67 63 65 66 71 68
29 24 28 25 22 17 100 18 23 25 24 26 29 30 31 28 24 28 27 25 29 27 30 27 26 25 26 29 25 26
647 661 644 648 659 653 651 648 649 650 663 659 654 651 653 660 653 657 660 650 651 663 651 665 666 667 660 658 654 670
222 207 205 209 211 201 204 213 201 214 211 202 212 195 191 184 185 189 192 186 172 171 172 174 176 177 181 179 177 191
551 540 538 541 554 560 577 564 577 567 573 572 571 574 585 582 586 582 574 576 567 577 564 577 565 577 564 577 556 560
633 612 616 612 613 618 616 619 614 610 605 596 594 603 598 600 598 600 603 606 604 605 595 608 609 606 605 595 592 587
191 195 193 214 215 216 222 218 219 223 221 216 220 222 217 211 206 209 212 219 218 205 219 221 220 216 219 205 208 211
161 163 159 146 162 155 156 155 148 153 152 151 153 150 147 148 135 138 146 162 147 153 135 153 156 165 163 149 146 140
354 351 354 342 339 353 339 337 336 339 352 335 337 319 337 338 340 343 357 355 356 357 354 341 358 352 361 358 345 347
57 60 64 63 68 71 65 70 75 72 69 68 72 67 66 68 67 69 65 71 65 67 61 63 62 63 66 62 57 58
110 8 43 46 43 41 49 45 46 6 48 51 54 58 53 52 50 51 106 111 113 117 118 114 115 119 121 118 120 118
149 147 154 149 152 155 137 135 148 137 145 148 149 147 150 149 147 156 149 148 145 138 140 141 140 144 143 139 145 147
214 216 218 219 220 223 230 232 228 239 241 222 225 205 212 211 217 219 212 209 207 208 205 204 210 201 210 203 205 222
336 335 340 351 345 344 348 349 346 347 344 347 365 367 363 370 371 381 379 381 361 359 361 352 342 343 357 352 342 339
655 658 649 650 648 645 625 626 629 632 624 622 624 629 624 635 623 621 623 629 627 628 627 642 646 641 636 635 631 641
472 467 466 470 474 471 470 457 474 479 478 473 469 467 471 464 470 474 475 480 478 474 471 455 470 467 465 447 450 446
654 670 669 667 668 665 660 669 667 671 669 663 662 665 663 649 652 663 661 643 645 627 625 626 630 623 636 635 632 620
106 54 56 51 56 59 64 69 66 61 58 61 64 68 66 67 70 65 63 58 63 68 67 63 64 69 64 69 72 73
313 307 312 310 309 306 300 305 302 295 299 298 299 305 309 305 308 312 309 291 289 302 289 291 289 299 297 288 292 306
414 410 399 407 406 399 405 407 404 418 419 424 423 436 433 436 428 427 430 434 433 427 426 438 442 438 441 445 465 463
322 324 323 327 316 313 326 331 326 307 309 292 291 292 295 298 285 299 289 294 285 302 299 285 295 284 276 272 259 273
463 454 465 448 446 440 444 449 447 454 456 464 469 472 469 474 457 473 477 479 473 462 459 458 456 470 474 479 481 491
546 543 541 546 537 546 548 553 551 537 538 541 542 558 564 577 556 552 548 535 549 551 538 554 556 558 544 558 556 558
248 245 243 240 243 240 230 231 243 229 238 231 230 229 232 233 253 252 269 251 256 257 259 274 278 272 273 269 272 277
49 45 44 47 49 50 48 44 40 37 43 48 41 38 42 12 14 35 34 35 41 44 40 42 12 9 39 33 35 41
591 594 587 593 588 591 593 605 596 599 602 610 611 604 613 633 613 610 608 610 598 610 596 595 607 611 606 608 607 608
218 213 193 190 191 196 194 190 176 181 183 190 193 184 190 187 186 185 188 175 190 193 183 181 182 175 183 180 176 178
274 272 259 267 270 276 298 299 304 309 292 294 292 294 292 294 287 288 289 296 299 285 282 283 282 283 284 285 288 295
693 690 688 687 685 683 680 678 675 676 675 677 671 670 653 667 665 667 669 673 655 658 656 659 665 670 655 652 651 658
109 105 110 104 101 98 100 21 20 23 22 18 22 23 22 20 18 22 16 32 33 35 29 24 16 18 23 28 32 36
178 183 180 194 213 204 213 195 190 177 197 177 184 182 184 177 178 180 183 180 178 190 187 193 184 183 193 192 193 214
167 162 166 163 158 147 157 156 145 147 157 162 155 146 159 156 160 164 166 169 171 172 185 164 165 156 157 155 162 166
435 424 436 437 418 417 413 417 416 437 424 422 417 411 397 392 376 372 376 377 373 375 376 375 373 371 372 375 373 387
519 509 522 525 526 531 548 541 554 549 554 555 558 563 561 563 576 578 579 582 578 579 577 559 558 552 556 553 551 538
115 116 115 119 117 115 118 115 118 116 120 123 125 126 125 126 127 125 127 128 127 129 127 125 123 122 119 115 112 115
56 54 51 106 103 98 102 98 94 91 92 97 94 91 94 98 102 103 98 96 99 94 95 100 95 100 18 19 22 25
337 338 341 353 335 341 355 341 338 341 354 333 323 315 324 311 313 325 311 306 310 309 308 305 307 312 311 314 317 331
15 17 100 101 100 17 100 18 97 18 100 96 94 93 94 92 97 95 99 102 97 99 95 98 94 90 88 90 94 90
566 578 567 579 565 576 563 560 564 575 570 567 575 576 578 579 575 581 583 578 577 576 580 582 570 574 565 564 563 560
441 435 429 435 433 436 434 430 428 430 435 442 445 466 453 464 470 456 457 474 477 475 479 481 482 495 491 495 482 491
699 696 698 696 699 697 699 698 696 693 696 695 694 695 696 694 697 694 693 696 697 696 697 699 696 695 698 697 696 697
401 415 408 411 397 409 399 407 399 413 407 413 408 401 403 421 403 405 406 407 404 418 403 404 402 406 397 392 393 375
182 173 185 168 167 185 183 177 193 191 188 184 185 175 176 180 177 193 188 186 190 187 193 213 203 212 221 223 241 229
585 583 576 569 589 591 587 590 593 607 610 614 599 597 617 613 615 621 631 641 644 649 660 659 658 651 659 652 659 652
394 397 400 406 417 437 420 423 422 424 425 439 443 446 431 434 435 434 442 448 445 446 443 445 446 429 433 429 435 426
32 26 28 33 29 22 29 27 32 16 15 107 103 104 108 107 111 115 119 117 119 117 113 109 114 112 107 9 107 108
371 373 379 367 369 371 372 369 371 373 386 384 385 390 394 389 394 397 398 409 398 391 386 371 379 386 380 381 368 367
227 229 242 246 243 241 239 230 239 241 229 240 232 250 256 250 233 235 254 255 258 260 261 281 279 275 278 280 283 284
479 477 476 471 467 465 453 451 465 447 448 451 463 469 464 461 464 473 493 497 494 472 476 477 475 471 474 478 480 476
317 324 311 307 314 311 313 316 330 314 316 327 333 323 313 325 305 300 304 307 324 331 315 312 315 318 319 322 321 317
206 222 227 226 221 224 223 222 227 229 227 228 226 229 223 226 227 224 228 232 241 230 231 228 240 229 239 246 245 240
382 379 369 386 372 373 380 367 380 368 381 361 359 357 351 361 362 356 352 343 352 335 354 342 345 344 352 354 335 334
141 139 137 155 137 155 147 145 138 135 138 147 145 156 154 155 153 148 135 133 131 129 131 133 135 137 139 141 140 144
221 205 219 221 212 217 219 221 212 204 210 206 208 209 208 222 206 222 223 222 220 242 243 229 242 244 242 223 229 226
223 230 229 230 229 240 237 231 233 231 242 240 230 229 224 229 239 234 233 236 235 237 239 246 241 239 246 243 239 230
461 462 461 463 456 465 468 464 452 464 469 467 466 448 446 450 453 465 454 447 450 451 448 452 453 467 464 465 464 469
44 9 11 7 48 46 44 43 44 47 45 42 36 39 11 6 46 41 49 51 50 9 42 9 10 7 9 40 36 34
88 89 92 95 92 95 100 18 22 25 21 32 34 28 24 22 26 30 34 36 12 13 15 20 24 19 16 21 25 27
575 581 584 581 586 583 581 582 568 579 582 584 581 580 577 579 582 578 583 585 569 570 571 569 589 569 589 587 605 595
618 615 633 631 623 633 632 621 618 613 597 601 604 613 612 607 606 603 592 586 591 585 569 586 591 594 591 604 595 605
457 477 475 493 473 462 459 458 459 474 473 470 475 480 477 460 459 462 463 452 454 464 461 459 477 472 477 478 480 483
244 243 232 243 249 250 248 256 268 267 255 254 255 258 260 269 248 245 247 251 248 270 276 271 277 275 261 274 266 268
615 613 618 613 602 597 614 612 616 614 608 612 617 615 634 621 632 630 624 626 642 636 635 621 616 617 599 598 602 610
669 660 647 646 645 644 646 643 638 623 632 631 635 640 648 647 650 663 661 641 636 639 641 637 634 637 642 645 648 646
670 664 663 665 667 670 656 659 663 665 671 665 663 650 661 652 663 667 671 674 670 666 658 669 675 674 675 676 678 677
151 152 151 152 149 151 150 154 152 155 153 156 160 157 161 160 163 167 173 175 181 184 171 172 186 168 173 185 170 185
101 104 102 100 97 18 23 22 18 23 29 27 28 31 29 31 28 26 31 32 35 29 27 26 23 22 19 17 20 18
440 438 439 425 428 438 416 417 416 438 437 435 445 443 438 425 426 424 427 441 435 434 433 436 439 442 437 440 445 442
526 511 526 524 522 524 528 524 511 525 530 518 512 517 513 527 513 529 525 530 518 511 526 529 530 516 517 519 523 529
153 152 151 152 148 135 153 136 139 143 141 138 143 138 147 163 160 157 156 160 161 158 156 149 151 149 156 161 163 159
412 417 437 426 425 437 419 421 403 405 400 414 401 408 396 390 393 376 377 379 367 370 363 368 363 369 366 361 355 344
134 132 131 129 127 125 123 125 126 124 123 125 123 120 116 111 9 10 111 107 13 9 44 43 47 49 52 55 50 40
319 337 333 327 317 334 318 316 314 316 326 314 330 315 314 311 308 310 305 303 296 286 296 305 302 295 294 285 280 285
593 605 592 606 595 597 596 607 613 615 618 614 618 617 612 620 616 613 617 619 614 617 600 617 600 598 596 601 595 605
502 497 498 502 487 485 487 485 488 485 492 491 481 490 501 495 493 498 497 494 484 498 493 483 492 490 501 500 499 504
289 290 291 309 305 296 287 293 296 305 301 297 279 275 270 275 276 274 277 267 269 260 268 252 253 256 259 260 263 261
684 687 686 689 690 688 687 686 685 688 689 687 685 683 684 682 680 681 680 656 669 666 653 650 648 662 652 659 649 651
622 624 625 628 627 642 640 641 631 638 625 630 632 630 629 628 631 625 638 625 642 644 645 643 645 648 650 652 653 673
80 82 83 85 86 83 81 80 81 82 83 84 83 84 87 86 83 85 87 89 91 89 91 89 87 86 83 81 79 76
353 333 328 331 327 314 317 322 319 334 335 339 352 358 359 343 356 357 355 344 343 353 341 353 335 353 358 362 367 362
105 101 106 110 10 110 50 47 50 40 39 37 39 42 39 14 9 50 9 111 110 105 106 50 51 49 51 56 53 57
125 124 123 124 125 124 126 125 126 125 123 120 121 118 113 111 107 109 104 110 8 6 46 44 42 43 44 49 45 46
65 66 62 61 60 57 54 57 53 51 54 58 55 50 49 43 41 48 49 51 109 106 54 58 62 58 56 59 56 53
157 145 147 145 146 140 145 138 148 154 150 153 154 148 136 139 141 138 140 144 157 156 153 147 153 151 152 150 153 155
35 32 35 41 42 43 40 12 36 35 36 40 43 12 42 41 48 49 51 50 47 42 47 48 8 48 9 44 38 33
104 110 107 102 54 56 55 40 37 38 44 39 40 9 36 9 8 13 9 48 44 41 35 36 103 36 37 40 35 33
352 339 336 334 322 321 318 334 320 319 321 318 316 318 316 326 325 304 325 324 317 333 328 334 333 338 340 337 320 318
383 382 384 389 394 389 384 390 375 390 394 390 386 387 384 390 386 379 385 379 376 377 376 372 379 368 367 365 360 356
510 519 525 528 523 528 531 548 537 534 529 523 512 522 503 506 501 495 484 487 484 498 494 484 493 494 495 482 492 498
611 610 597 613 619 621 615 622 634 622 635 634 632 635 638 623 622 615 634 638 631 641 625 624 621 634 622 621 616 621
175 178 183 176 184 172 171 168 171 173 182 175 182 180 178 177 180 176 177 178 176 186 189 191 195 192 193 198 213 203
272 271 268 259 272 259 258 255 258 251 255 256 248 270 271 270 272 270 260 259 267 268 267 260 258 257 258 269 257 270
396 395 391 395 394 395 393 376 392 396 407 408 415 420 421 403 404 405 406 414 413 407 404 407 413 414 412 414 412 411
270 271 260 263 278 284 280 285 280 281 283 284 280 277 279 275 261 268 259 258 269 258 270 269 270 258 256 259 266 257
458 474 479 493 480 493 480 483 480 493 480 483 490 492 496 501 491 501 495 497 491 489 487 505 502 508 504 521 520 512
202 212 221 205 203 200 201 210 211 206 211 200 214 202 200 214 203 204 218 205 211 212 205 206 208 210 221 217 222 219
459 460 463 466 453 451 448 464 471 473 493 473 464 471 467 463 467 470 462 459 460 477 478 480 479 473 471 469 473 468
625 622 623 629 624 628 626 630 631 633 636 641 635 633 631 632 639 641 645 641 631 632 637 635 636 641 646 647 660 653
639 644 647 644 648 661 647 648 650 647 646 642 644 639 642 638 643 647 650 647 660 669 667 662 667 651 654 658 659 652
278 273 278 262 261 265 268 261 265 261 263 260 259 268 274 268 252 268 256 253 254 253 250 233 236 238 234 235 234 233
495 482 495 497 495 492 489 485 498 491 492 494 475 480 479 491 495 499 498 495 483 494 495 482 495 499 504 521 523 519
418 419 415 417 420 422 425 437 436 439 445 446 450 453 451 454 447 454 457 461 463 451 452 464 455 462 464 453 449 448
90 89 87 89 86 84 83 82 80 82 80 77 75 77 79 77 80 78 79 76 79 76 72 70 71 69 73 71 66 63
238 231 240 246 239 240 224 229 241 220 221 218 213 215 205 219 203 206 210 211 208 210 205 203 212 195 192 191 177 181
341 343 354 343 356 360 356 361 358 353 339 352 356 354 351 340 339 352 358 353 356 353 352 335 353 357 353 357 355 341
18 21 15 104 15 20 18 15 17 20 21 20 21 20 22 25 24 22 21 20 23 21 17 18 19 24 20 24 32 24
20 15 104 102 106 103 104 103 104 99 96 95 96 91 92 94 90 87 84 83 86 83 86 88 91 94 90 89 86 88
342 340 334 331 333 322 316 322 333 324 328 326 331 329 326 304 325 329 326 328 315 327 317 319 337 319 321 315 312 323
497 499 503 500 498 492 484 493 479 480 472 471 475 482 498 482 475 472 476 478 476 477 476 472 469 455 466 447 466 444
268 270 258 269 251 247 249 240 246 240 229 241 245 249 254 257 268 267 273 259 271 260 271 268 256 259 258 268 270 271
339 341 338 341 343 355 356 362 366 365 348 347 349 348 362 348 347 344 345 342 335 352 358 359 362 365 363 364 365 362
199 200 214 200 202 214 192 191 195 197 195 194 198 213 217 213 216 217 214 211 200 198 213 200 201 196 194 197 192 213
145 142 144 142 143 145 143 139 145 158 162 160 163 169 163 168 165 170 166 165 154 162 146 145 137 138 140 138 136 137
552 556 554 547 551 554 558 564 577 581 578 576 580 578 575 565 577 563 561 544 561 543 545 547 541 557 556 559 566 559
583 576 582 565 567 577 579 578 579 575 577 579 582 574 582 587 588 590 587 586 570 572 575 564 578 583 586 592 594 591
41 36 42 38 44 43 7 10 11 39 33 34 33 35 33 28 32 21 17 22 29 27 32 21 16 21 32 26 31 32
409 398 407 402 405 399 409 397 399 401 403 401 407 406 414 409 408 407 396 394 392 396 390 394 395 408 400 402 406 399
668 671 677 680 678 679 682 681 680 683 680 682 683 682 681 678 677 675 669 666 660 650 652 653 656 658 659 649 652 660
253 254 251 252 269 251 253 252 257 256 250 232 239 231 228 239 236 233 232 233 239 233 237 235 253 254 249 252 251 257
657 651 649 646 661 644 646 644 649 646 661 651 649 651 666 660 650 648 649 650 649 643 645 628 631 622 615 617 614 619
568 578 556 552 539 555 550 549 535 529 530 526 512 520 513 514 518 512 516 512 522 521 522 510 523 512 522 524 511 527
504 509 510 512 510 519 511 523 524 529 531 526 510 521 510 521 522 520 523 509 520 510 523 526 510 522 524 526 518 512
673 667 663 650 651 658 666 667 653 657 656 680 681 682 684 687 689 687 686 688 687 688 689 688 691 690 688 689 686 689
614 615 621 624 630 624 635 621 633 635 637 632 638 630 624 626 628 626 630 627 642 627 645 642 645 646 648 649 658 654
169 166 162 146 148 150 149 162 149 148 155 152 151 153 148 154 165 170 172 169 171 167 185 171 174 172 186 184 193 177
261 274 279 274 258 271 277 274 259 271 272 278 283 286 279 281 278 273 269 252 268 265 261 259 265 268 257 251 255 254
395 397 400 407 404 405 402 406 405 401 399 414 409 388 387 383 386 371 381 385 386 391 396 398 411 412 414 417 438 439
424 423 422 419 415 418 424 425 423 419 414 400 407 408 398 409 407 410 408 406 404 402 404 421 417 421 424 426 425 428
25 28 27 28 27 25 21 24 29 28 21 32 33 29 23 24 23 29 26 30 28 34 28 33 34 33 28 30 34 38
200 197 193 189 184 173 170 171 172 186 187 184 186 168 185 171 166 151 150 153 154 155 161 162 147 163 169 170 172 185
370 373 370 380 363 366 361 351 361 358 355 359 345 352 335 341 344 349 346 343 341 352 341 358 357 352 335 353 334 317
578 582 568 582 577 567 578 565 576 583 567 582 574 582 576 578 576 575 564 566 568 565 578 583 584 582 584 589 584 580
545 542 558 555 553 549 540 539 536 549 551 556 551 549 552 556 560 577 576 578 575 573 576 577 566 559 564 576 577 565
142 139 138 141 143 138 136 139 136 139 143 145 147 162 159 156 153 147 158 157 156 163 168 185 168 171 168 167 166 165
584 605 608 610 607 594 605 596 607 609 595 598 603 610 595 593 602 613 597 599 601 595 594 606 609 612 608 614 608 606
666 660 667 651 662 659 658 653 656 654 659 661 664 660 647 650 648 642 626 631 621 615 618 617 620 622 631 626 629 628
538 554 552 550 551 548 553 558 562 565 559 561 563 561 541 545 546 539 540 538 531 530 549 532 529 533 532 537 546 544
213 196 195 214 192 189 185 170 169 165 149 163 166 162 147 157 162 158 147 159 164 159 157 144 143 138 139 144 157 161
220 216 203 213 203 218 212 213 215 204 212 199 198 201 212 217 211 201 211 204 212 215 204 214 216 212 204 201 196 192
62 59 61 57 55 60 57 54 53 57 61 60 61 59 64 70 72 73 72 74 71 75 73 71 70 74 77 79 80 82
471 474 460 459 456 465 470 466 444 466 467 473 479 475 482 485 502 504 507 504 507 504 499 495 484 498 482 475 481 482
503 504 505 487 490 492 475 478 475 479 481 483 491 494 475 474 480 483 499 497 494 495 494 499 497 483 480 493 492 493
617 614 620 616 618 613 609 607 604 595 592 604 608 612 608 595 594 595 593 602 610 606 608 613 615 612 633 623 621 632
250 246 230 231 239 238 233 238 235 237 233 237 233 240 232 228 229 238 246 239 233 238 231 234 232 241 232 231 239 237
594 587 584 587 585 569 566 559 563 576 567 568 573 571 574 569 568 577 568 582 580 584 586 582 586 585 591 594 592 593
627 624 630 626 638 642 641 625 628 631 641 645 641 643 662 651 654 656 669 671 667 672 668 669 668 670 653 669 671 665
264 263 260 261 278 264 263 261 274 276 279 276 275 270 269 260 257 267 270 275 280 277 272 273 278 264 263 278 281 283
442 427 437 419 424 423 421 420 418 422 425 423 436 428 429 430 435 428 436 443 440 437 426 439 438 426 419 422 425 428
444 449 448 453 464 453 452 454 447 448 452 465 467 455 469 471 468 474 460 458 461 456 457 471 455 466 456 455 456 465
6 48 51 52 54 55 58 55 54 106 54 59 64 67 64 61 64 59 60 58 37 31 32 35 33 38 44 46 47 45
67 64 62 60 58 54 52 50 110 115 113 110 107 109 105 100 21 20 18 23 28 26 28 34 32 36 31 37 39 33
620 612 610 607 604 613 604 597 604 592 606 610 608 605 596 600 597 617 614 600 598 614 620 617 616 633 613 618 616 612
690 693 692 690 687 685 686 683 680 682 683 682 681 678 677 674 672 678 675 677 673 676 675 670 654 653 667 662 663 662
425 426 437 442 447 446 429 426 419 424 418 417 401 400 402 405 408 412 413 415 420 425 428 432 449 447 454 455 466 454
85 88 89 91 89 90 91 93 91 88 91 95 100 103 36 35 34 37 36 37 33 29 33 30 28 26 22 29 34 31
60 55 60 55 51 110 114 115 114 109 112 113 118 113 112 110 114 118 122 124 123 125 126 124 125 123 120 119 122 123
86 88 87 86 84 86 83 84 82 83 84 82 83 86 84 85 83 82 84 85 86 84 86 89 88 91 88 89 88 91
431 449 429 436 441 438 417 438 437 417 401 414 397 410 414 413 412 409 388 389 393 394 395 409 413 410 408 406 402 407
308 312 306 291 289 287 301 306 305 304 325 311 324 322 318 334 332 354 351 339 337 340 341 353 340 338 333 322 330 324
328 325 306 300 303 308 312 304 300 302 299 295 285 284 276 297 286 302 297 288 293 296 293 292 291 288 294 306 294 288
391 394 392 409 408 414 415 418 421 418 416 412 415 412 399 400 407 398 410 398 409 400 414 401 400 409 391 390 392 394
87 88 86 83 86 87 90 94 96 97 100 95 94 93 92 95 91 90 88 85 87 85 86 87 86 87 89 90 87 88
287 286 285 286 296 301 306 305 289 291 306 303 306 312 309 308 304 309 310 313 327 329 327 331 328 325 313 312 324 317
5 7 46 48 42 12 40 9 111 115 116 119 114 110 9 42 36 12 8 5 7 11 10 107 110 109 106 109 108 104
2 4 3 0 3 2 5 2 4 6 7 43 8 7 48 7 12 9 107 106 104 110 107 109 113 111 106 105 109 110
225 226 225 224 220 217 211 205 212 209 204 212 211 215 216 222 218 202 201 212 214 193 195 194 196 198 196 199 198 193
13 10 9 44 38 42 37 58 102 58 63 65 68 69 66 67 71 75 77 80 82 80 81 83 82 80 81 79 78 77
455 468 465 466 448 464 448 465 464 469 463 456 455 457 464 448 450 465 455 457 460 456 467 454 465 452 448 465 454 455
230 243 246 247 246 240 243 232 250 232 237 240 247 250 244 241 227 225 222 205 222 228 222 218 215 212 215 213 214 204
554 560 555 554 546 539 548 537 550 548 550 529 550 531 527 525 511 517 511 518 526 513 526 529 523 527 522 519 513 518
475 478 481 482 479 474 480 481 495 498 490 483 497 502 499 495 494 491 481 479 480 476 475 480 482 495 481 478 481 484
398 399 397 400 402 401 418 404 405 404 400 411 415 416 437 419 425 420 418 404 401 417 406 397 400 403 400 401 405 407
619 616 613 610 604 602 600 603 602 598 596 594 605 584 588 591 587 593 594 596 607 603 605 592 587 590 585 605 594 604
325 311 309 292 294 291 306 302 286 288 302 289 309 304 306 305 294 290 291 293 288 291 306 310 313 315 317 315 314 315
465 452 453 467 465 470 455 458 474 468 472 494 484 488 487 490 492 482 498 482 485 488 491 498 500 497 496 483 482 491
323 333 324 316 323 329 326 313 324 315 313 304 307 324 307 304 325 304 313 307 308 325 312 315 327 333 317 334 319 322
407 399 411 410 388 385 389 390 376 372 378 369 368 370 367 381 364 368 381 360 382 379 367 365 345 359 358 362 345 349
55 53 52 54 52 53 56 57 61 58 56 55 59 56 53 58 102 100 21 17 15 20 17 15 16 17 16 20 17 19
570 568 570 568 577 564 565 576 565 579 577 579 584 586 581 580 581 586 585 581 579 565 568 572 574 575 579 576 580 584
405 407 410 409 397 410 388 387 390 386 380 377 373 386 373 377 373 375 393 394 395 397 408 407 410 414 397 396 408 415
638 643 647 645 641 644 645 628 642 640 645 641 637 631 621 616 619 621 619 614 620 619 614 613 597 599 601 599 601 595
648 649 646 641 632 630 627 628 645 646 647 643 642 644 642 645 647 661 640 641 643 638 637 638 633 637 635 638 622 620
691 693 691 688 685 683 680 683 682 685 688 690 687 690 693 692 693 692 694 693 694 691 694 695 697 694 692 689 687 690
107 111 108 110 108 110 105 106 101 103 105 109 106 102 54 106 54 50 53 56 60 57 55 53 57 59 58 53 56 55
349 350 361 381 386 387 371 381 385 382 387 371 387 391 396 395 391 387 380 368 370 381 369 370 371 379 378 369 379 385
610 597 600 599 598 610 605 584 589 586 584 581 582 570 569 574 575 564 578 582 584 583 585 579 581 580 581 586 585 588
50 40 36 12 9 36 40 41 44 46 41 46 6 9 40 48 43 12 11 14 36 15 16 15 18 21 28 33 37 32
262 261 266 265 260 267 255 267 268 267 277 267 274 260 263 260 257 270 268 267 260 258 259 271 274 258 271 274 270 275
36 103 108 105 111 114 115 118 115 116 114 117 121 123 122 119 117 116 118 121 120 122 120 117 119 122 118 116 114 118
179 181 184 176 177 187 173 167 162 159 162 167 169 168 167 185 176 174 175 174 176 180 183 182 181 179 180 177 182 193
75 74 70 68 70 71 70 74 77 76 78 79 78 80 79 77 73 77 79 78 76 75 72 67 64 59 63 67 72 67
426 419 418 417 408 412 409 413 417 401 403 418 402 405 408 410 398 400 414 418 420 416 420 417 419 437 436 445 429 442
549 551 553 552 551 537 548 553 548 535 532 537 550 547 546 539 541 554 558 557 560 561 562 565 568 573 568 571 570 573
133 131 133 131 132 133 135 134 136 137 139 140 143 138 148 137 147 153 155 150 153 147 138 147 148 137 138 147 145 159
205 203 210 209 205 204 210 204 206 203 211 213 195 202 212 200 199 202 195 193 213 217 216 222 218 217 218 223 218 217
154 155 152 155 162 165 168 163 147 157 155 156 159 160 162 156 148 150 151 149 155 147 156 148 155 153 149 166 149 162
45 39 44 39 13 10 14 39 42 9 110 108 110 105 102 105 108 105 108 109 105 110 114 111 105 106 108 111 108 113
358 343 340 343 355 361 382 360 361 351 341 354 342 339 352 353 356 343 342 335 338 334 320 318 316 323 324 307 302 299
445 441 442 435 429 431 430 435 438 436 437 428 434 428 431 449 451 452 449 444 465 464 467 470 475 473 464 452 456 460
242 232 246 238 249 244 242 231 243 239 238 249 243 241 227 230 240 237 232 230 246 239 236 238 240 233 237 232 246 249
416 413 410 412 399 409 391 397 398 407 400 399 396 394 396 398 400 406 399 414 399 410 412 399 400 411 412 415 417 406
607 611 612 610 606 594 603 592 586 584 585 589 569 568 574 569 586 571 589 586 591 586 589 585 580 578 564 565 578 567
183 180 176 182 175 189 188 194 198 201 210 208 210 204 206 211 205 225 227 224 221 225 228 223 229 227 229 241 243 230
680 679 677 672 669 666 671 670 656 673 669 674 669 671 675 669 671 674 668 667 663 666 669 672 675 670 671 665 671 669
422 418 423 418 414 419 417 421 422 424 419 438 419 423 421 419 418 419 425 424 436 434 435 427 435 429 431 432 435 430
596 607 596 598 614 598 602 610 593 602 597 610 597 596 607 593 596 597 614 612 611 614 608 610 598 610 606 603 610 598
108 106 54 56 58 62 57 52 51 53 52 49 40 34 38 44 39 34 33 30 35 41 40 36 9 42 41 35 34 32
148 157 148 147 149 155 149 146 155 161 164 161 160 158 156 159 145 142 145 156 154 148 154 162 166 162 149 147 150 152
540 539 554 558 543 561 562 561 560 559 562 557 577 575 564 567 570 567 570 582 586 587 606 605 594 605 606 587 588 590
61 64 60 56 51 106 107 104 99 95 96 99 101 98 100 98 95 92 91 92 97 18 100 101 107 109 113 111 105 104
564 563 560 557 546 544 543 544 542 540 547 542 539 553 539 536 548 547 551 538 548 535 534 531 528 524 511 508 510 511
687 686 685 687 686 689 690 693 696 698 697 699 698 695 698 699 697 699 696 697 696 697 698 696 695 698 697 696 694 693
47 45 39 40 43 40 44 38 39 44 38 35 34 30 28 32 28 27 28 21 17 22 23 25 23 22 26 27 31 32
486 488 486 484 488 486 491 501 505 501 505 504 508 511 509 508 503 507 521 508 511 520 529 530 525 511 509 523 526 524
410 397 414 401 398 411 414 407 397 395 408 399 401 400 411 413 410 397 399 402 399 402 404 418 417 420 419 425 438 428
276 277 278 279 285 298 284 278 274 276 297 284 278 273 271 257 251 257 267 264 265 267 266 277 268 274 261 262 264 263
485 488 502 503 522 520 511 510 509 507 503 509 523 509 523 528 532 527 531 534 530 529 525 527 522 527 532 528 523 529
97 99 100 96 93 98 97 100 105 101 105 100 98 101 100 95 96 97 96 94 99 94 95 94 93 95 93 90 91 89
374 378 369 380 363 370 386 380 383 386 380 377 373 377 371 374 375 376 373 377 374 372 377 380 370 380 387 389 378 372
281 284 276 275 279 283 280 275 261 268 275 261 266 264 267 261 275 278 261 277 273 272 270 259 262 264 265 259 268 261
48 40 35 37 33 39 36 33 29 24 20 21 16 21 100 105 106 103 107 10 13 9 42 43 44 45 44 48 7 11
128 127 125 126 124 126 125 126 125 126 125 126 127 128 126 125 124 126 128 127 128 126 125 126 128 130 129 127 128 127
207 224 226 223 229 241 226 241 220 224 229 238 249 250 233 246 244 241 245 241 222 223 220 241 226 229 223 222 205 210
521 511 519 514 512 513 526 512 510 511 523 526 520 523 510 520 507 508 503 508 521 519 523 512 517 518 513 517 516 518
233 232 228 239 228 225 221 226 222 223 227 228 241 246 247 244 250 245 242 220 242 239 228 227 241 244 245 246 243 232
560 557 554 551 549 553 556 557 561 543 544 561 543 545 541 538 540 538 540 541 561 541 539 541 544 543 546 557 541 543
210 203 205 221 210 207 205 222 220 216 220 215 221 224 223 220 219 203 200 194 199 201 202 218 223 240 230 239 245 240
537 546 542 543 561 562 564 558 557 554 538 547 538 537 531 549 550 536 548 553 557 558 555 559 554 538 547 541 554 550
642 647 643 645 627 629 623 636 640 648 649 658 652 655 658 669 660 648 651 660 662 652 651 648 660 652 661 646 648 659
468 472 493 492 490 498 492 493 476 479 474 458 459 477 480 492 480 474 475 494 483 493 472 473 471 457 462 461 462 458
448 443 445 449 447 454 455 454 456 459 458 463 467 454 453 463 462 453 455 467 463 451 447 466 467 454 464 469 470 457
392 391 396 408 405 403 400 397 407 398 395 409 412 409 412 414 412 409 391 390 386 379 369 367 368 363 364 366 365 368
604 592 603 605 608 605 593 588 591 604 608 614 609 606 592 606 594 595 593 602 613 616 613 614 613 611 597 595 604 608
377 378 371 379 385 381 379 389 391 410 415 401 415 410 409 400 407 409 413 414 398 408 412 413 409 397 407 399 410 398
493 497 502 503 504 500 504 501 485 484 482 484 486 491 480 493 483 490 486 483 493 497 502 503 508 505 507 504 509 510
478 475 476 481 494 481 484 489 486 490 502 488 487 502 503 502 508 505 501 504 509 504 502 500 508 502 504 506 508 506
580 586 589 587 606 609 606 608 595 608 611 597 595 602 593 595 609 611 609 614 597 603 602 610 602 598 603 592 603 596
68 65 62 61 67 70 75 71 74 77 78 77 76 72 74 75 72 67 66 67 68 67 64 68 66 70 69 65 71 69
155 154 150 154 150 149 148 152 149 147 154 165 163 158 147 153 150 148 150 155 146 157 162 148 153 151 154 149 155 146
147 158 146 159 158 159 157 144 146 156 154 147 156 148 150 147 161 167 169 172 174 176 185 168 167 163 149 151 154 151
