315 242 307 315 312 313 311 344 351 355 349 189 201 192 189 186 190 204 307 241 313 312 309 204 309 345 187 188 186 347
386 388 385 387 388 389 386 383 386 387 386 388 389 390 391 388 390 388 389 392 390 391 390 389 386 387 385 388 389 391
454 457 459 461 459 456 454 453 451 452 455 453 454 455 452 448 447 452 451 449 444 439 434 433 434 428 426 431 437 436
365 362 360 365 364 365 367 364 360 365 362 361 359 362 365 366 400 399 397 395 363 358 363 394 397 399 398 400 402 410
522 523 525 526 524 522 520 521 519 518 517 516 514 512 510 512 510 512 510 509 508 506 507 509 507 506 505 504 506 504
451 453 451 446 442 443 438 432 429 427 424 422 421 425 426 422 426 424 423 430 432 433 435 429 434 430 432 428 429 435
384 382 381 382 383 386 383 380 381 383 384 383 385 383 385 388 385 384 386 389 392 395 398 400 399 398 366 398 400 399
324 337 323 168 171 173 172 176 325 286 271 272 224 324 225 323 322 340 338 169 176 336 327 328 325 324 227 282 237 164
180 212 210 301 207 191 192 182 181 208 205 306 203 201 345 191 343 202 345 344 203 304 306 260 306 263 258 256 259 258
320 323 322 320 309 310 307 252 254 251 252 205 208 205 265 207 210 179 298 213 216 176 177 172 174 213 176 325 335 325
373 372 374 376 377 378 380 378 376 375 376 375 373 375 374 373 371 370 369 368 371 373 374 376 375 377 378 377 375 374
369 367 363 366 370 371 368 365 369 370 371 369 371 368 365 364 359 360 356 359 364 366 370 372 368 372 369 372 375 376
408 413 418 413 404 410 416 422 425 427 426 423 422 419 418 415 409 414 411 416 414 418 422 419 420 418 422 420 414 419
586 566 563 586 567 563 588 585 563 567 586 560 552 548 560 563 585 587 563 567 562 586 581 593 592 557 561 566 561 560
307 309 316 312 243 314 317 342 341 309 320 228 340 198 195 197 198 194 195 196 199 192 195 193 198 200 351 342 340 194
428 432 431 430 433 430 428 426 421 417 414 415 412 58 412 414 411 413 404 407 409 414 417 416 419 416 412 407 413 409
667 669 668 665 667 669 668 671 673 676 675 678 677 678 679 677 676 673 675 671 675 672 669 665 669 672 673 672 673 670
464 466 464 462 464 465 464 466 464 462 464 462 464 462 464 466 467 465 464 462 461 459 460 461 460 462 463 464 463 464
11 10 9 10 9 8 11 12 13 12 14 16 17 18 19 21 18 21 23 21 18 17 19 21 20 22 21 18 19 17
14 13 11 13 12 14 13 11 9 11 8 7 10 12 14 12 14 12 13 14 13 12 9 10 13 14 13 14 15 18
466 468 466 467 468 466 467 465 464 463 461 458 455 457 458 459 461 459 460 461 463 464 465 463 465 463 461 459 461 462
346 202 206 208 190 206 343 320 236 238 236 231 232 319 315 229 282 284 282 229 323 226 322 325 286 223 289 328 218 220
24 23 26 23 26 28 25 24 25 26 28 26 28 29 28 26 24 23 24 27 26 23 25 22 21 22 20 22 24 27
520 519 521 523 524 523 524 522 523 525 524 523 525 524 525 527 528 530 528 530 528 530 528 526 524 525 526 528 530 529
302 304 343 317 312 245 307 344 310 312 316 312 314 245 242 248 249 251 252 246 244 248 243 244 242 243 315 309 314 244
146 147 145 143 146 144 141 139 141 142 141 139 141 139 141 143 145 148 147 144 145 143 141 143 145 142 145 146 144 141
140 142 140 139 140 141 140 141 144 145 149 147 145 142 140 141 143 144 141 139 138 140 141 143 141 144 143 141 140 142
303 208 302 207 209 299 292 213 212 211 208 190 207 301 210 299 289 301 289 222 328 329 220 290 301 300 209 180 182 183
204 252 251 253 257 260 256 258 261 246 245 244 312 243 247 261 247 314 307 245 313 246 244 312 243 240 282 228 322 229
195 194 355 194 182 180 192 351 353 348 344 350 353 351 357 358 359 357 353 358 354 197 355 194 195 182 179 298 297 294
201 349 347 342 309 345 309 242 307 244 248 243 314 317 320 231 235 236 237 239 237 239 281 284 283 278 283 278 276 282
1 4 1 3 2 0 2 4 2 1 3 0 2 4 1 0 2 1 4 5 3 2 1 3 1 0 1 2 4 1
215 173 218 217 222 332 223 328 333 224 222 331 327 328 288 291 214 173 175 176 215 175 214 297 214 217 289 326 334 219
226 287 269 302 208 191 208 180 178 298 293 297 295 296 294 298 212 177 175 336 226 324 177 213 211 212 297 294 291 294
318 309 314 244 243 315 316 319 343 201 200 197 340 193 351 346 187 347 342 320 236 234 232 320 340 197 200 339 324 226
623 624 622 624 623 624 623 624 623 621 623 621 620 618 620 618 617 615 617 619 616 618 619 616 619 618 619 616 618 620
17 18 20 18 15 16 14 15 14 15 17 15 14 16 14 15 13 11 12 13 10 8 7 8 7 5 6 8 10 11
443 445 444 440 437 436 437 436 431 437 435 430 436 439 435 439 441 446 447 448 443 441 446 443 445 449 446 442 446 443
514 513 512 511 512 511 513 512 514 512 513 512 514 512 514 512 511 513 514 516 517 515 513 512 513 512 511 512 513 514
12 11 8 6 8 11 12 11 10 12 9 8 6 4 2 4 2 3 2 3 1 4 1 0 2 4 3 4 3 0
291 290 298 300 290 299 298 294 298 296 293 295 293 290 212 179 298 292 214 299 296 299 293 297 292 290 221 328 325 337
576 572 550 546 570 549 550 572 574 548 575 579 583 590 595 600 596 551 572 570 573 574 570 574 571 565 561 559 552 592
447 442 439 443 444 438 444 441 443 445 441 446 449 444 442 437 436 432 427 424 421 416 414 408 410 416 411 416 419 417
390 387 388 391 394 396 363 366 362 364 363 394 398 394 392 394 392 389 391 392 393 392 391 393 394 391 388 386 385 383
228 263 204 305 342 341 340 323 229 322 324 339 320 319 309 319 343 345 342 309 311 307 243 248 245 314 310 317 309 343
535 537 538 539 537 540 543 541 539 537 539 538 539 542 539 540 542 545 550 552 549 557 556 559 563 566 568 563 587 586
628 626 625 627 625 627 626 627 626 627 629 628 627 625 627 626 627 629 631 630 628 626 628 629 631 633 632 635 98 636
94 96 641 642 640 93 96 641 93 96 640 639 94 95 98 637 640 96 93 94 92 643 642 645 644 90 74 88 76 85
452 448 446 445 449 451 450 454 455 454 453 450 451 453 449 448 443 447 444 449 448 449 452 451 454 457 456 454 456 459
192 186 192 202 191 342 309 310 309 310 342 200 343 308 342 203 191 344 310 311 244 314 247 261 240 227 325 177 337 178
450 446 450 445 449 451 453 449 448 451 450 445 443 446 448 444 446 444 443 442 438 433 432 438 434 431 434 436 438 441
160 161 159 160 159 160 158 157 158 160 157 153 155 153 156 159 158 160 159 157 159 160 159 158 160 278 277 284 226 303
492 494 495 496 497 499 497 499 500 502 501 499 500 502 501 499 497 499 498 500 502 501 502 501 499 500 501 502 504 506
512 510 511 510 511 512 510 512 513 515 513 514 515 513 512 510 508 509 510 511 510 508 510 511 512 513 515 514 516 518
659 660 659 656 654 655 652 655 658 661 662 664 665 666 667 669 672 671 674 672 675 676 673 676 673 674 672 669 668 672
21 23 26 25 23 25 22 21 20 23 22 21 23 21 22 21 19 21 19 18 16 14 13 10 9 11 10 8 6 4
321 240 238 233 236 237 234 237 165 164 233 164 233 238 234 233 164 161 331 332 327 333 223 331 326 171 326 224 290 224
331 223 219 174 175 172 170 176 218 220 328 329 220 223 329 222 220 219 289 225 288 328 333 225 325 324 169 324 227 229
367 370 368 370 372 369 368 365 369 366 365 366 398 399 397 400 403 402 410 404 405 409 404 403 404 411 408 409 404 403
77 85 82 652 656 655 658 655 656 658 661 658 660 659 661 664 662 663 664 668 669 671 672 669 668 669 666 664 661 658
403 402 405 408 409 407 411 404 411 415 420 423 421 420 423 419 420 417 413 414 420 415 420 415 421 425 421 419 421 417
577 576 575 597 599 604 606 604 577 600 598 602 599 572 550 544 543 542 543 545 543 540 542 544 546 545 546 549 552 572
355 196 358 196 193 192 199 341 322 284 225 327 289 212 292 296 292 294 295 292 212 178 179 298 212 326 287 272 224 225
420 423 422 421 425 421 420 421 420 419 421 420 416 420 424 420 414 409 410 415 417 419 422 418 413 408 412 410 411 412
366 367 366 365 361 363 395 366 364 358 360 362 359 355 354 356 354 356 355 196 195 193 198 195 179 193 199 322 320 240
283 227 225 227 283 275 284 277 160 163 281 282 240 230 239 238 282 280 160 157 158 155 158 155 154 155 157 158 159 157
22 24 22 25 22 23 24 23 21 20 18 17 15 14 16 15 16 17 15 14 16 15 17 18 21 19 17 15 18 15
429 433 436 442 441 437 440 442 445 447 444 445 450 453 454 452 453 456 453 451 454 452 451 446 441 438 442 437 432 431
460 458 456 454 451 453 454 457 456 454 455 454 457 454 450 452 451 452 454 452 447 448 450 454 456 455 457 458 459 456
131 130 128 126 124 122 123 125 126 127 125 126 124 126 127 128 129 127 128 127 129 131 133 131 129 128 126 128 126 127
605 600 596 556 592 596 556 553 551 546 573 604 572 577 579 575 564 586 588 584 580 585 563 589 560 592 588 559 552 549
347 192 180 212 301 302 301 287 288 224 287 266 274 226 227 275 281 280 239 242 239 281 284 225 326 171 334 328 220 223
255 251 248 246 260 247 251 255 257 270 272 271 287 286 271 272 266 209 210 181 182 181 208 192 201 344 202 342 320 339
350 344 341 198 339 193 347 187 350 202 190 184 186 188 189 201 350 355 359 362 395 399 396 395 394 391 392 391 392 389
548 546 548 565 560 563 564 568 563 568 570 572 600 603 598 593 590 589 560 592 589 592 557 592 596 599 596 602 605 604
637 638 98 101 102 105 104 106 105 106 108 109 106 103 101 104 106 104 101 98 637 638 97 98 636 638 639 98 101 100
646 91 645 89 90 646 90 646 89 72 73 72 90 644 643 90 646 643 646 644 90 644 643 645 91 93 92 641 642 645
293 291 298 290 292 291 298 177 298 210 180 181 210 178 211 298 295 293 298 215 213 176 216 175 214 176 325 337 323 228
93 642 643 94 640 638 641 94 643 640 96 637 635 100 635 632 635 634 636 639 97 639 98 638 641 96 94 640 93 642
489 491 489 490 489 490 488 486 485 487 486 485 484 485 484 483 481 479 478 479 481 483 484 486 487 485 486 487 486 487
621 622 623 624 623 621 620 619 618 617 616 617 616 614 616 618 615 617 619 618 615 612 614 615 614 615 616 619 616 619
528 526 525 526 524 526 527 525 526 527 526 528 527 528 526 524 525 527 529 527 526 528 527 528 530 532 530 528 529 528
515 514 515 516 514 513 512 511 509 507 509 511 510 512 513 512 513 515 513 512 511 509 508 507 508 506 508 510 511 512
626 627 625 623 625 627 625 626 624 626 627 626 627 628 631 634 635 98 638 95 97 98 95 93 642 641 96 94 642 641
40 38 39 40 42 39 37 36 37 35 37 39 41 42 41 40 39 38 39 40 38 39 42 44 42 43 45 43 45 47
558 553 554 553 560 561 551 549 560 589 583 579 583 590 587 586 567 565 566 562 568 562 561 560 553 551 553 558 553 549
453 452 454 456 453 450 449 445 444 448 447 448 452 450 451 450 449 446 449 444 441 439 433 430 426 425 422 421 415 410
434 436 430 428 429 427 425 427 428 426 423 420 417 414 415 420 423 427 429 428 427 428 429 432 433 428 423 422 420 416
58 54 51 50 51 50 48 47 49 46 49 47 46 45 44 46 44 42 39 37 36 37 38 36 37 38 37 38 37 39
136 134 132 130 132 134 132 131 132 130 132 131 130 129 128 126 127 128 129 127 125 123 124 123 124 122 120 119 121 122
590 592 595 593 597 596 580 584 581 579 576 571 576 575 600 599 596 580 598 602 603 599 601 603 605 607 606 608 611 612
599 596 597 594 599 601 605 609 610 609 606 604 600 596 555 553 551 550 554 551 549 557 550 545 543 541 543 546 545 551
547 553 554 556 592 596 583 582 584 585 582 580 584 585 581 578 580 593 557 560 556 557 596 583 563 569 567 570 564 570
196 199 342 317 310 312 315 242 264 322 167 338 340 194 197 198 196 195 182 180 195 179 178 325 328 221 328 219 218 221
363 362 358 364 365 362 361 365 369 365 368 370 367 363 364 368 366 395 392 389 387 389 390 389 390 392 390 388 386 388
636 633 634 633 636 98 637 635 98 96 638 99 101 99 101 98 96 93 94 641 643 91 89 75 74 89 74 87 86 83
381 382 383 382 383 382 384 383 384 385 387 389 391 394 393 396 399 401 400 398 394 363 364 363 362 357 356 359 354 358
96 93 641 96 638 96 639 95 640 638 95 93 95 93 91 644 92 90 89 645 646 90 643 90 643 641 639 98 639 95
338 340 193 201 341 200 339 199 354 351 194 355 360 365 368 370 373 374 372 375 376 374 372 370 369 366 370 369 365 360
81 78 80 85 76 86 76 75 76 74 76 85 86 84 652 83 82 84 83 79 83 80 81 82 83 85 86 74 87 646
524 522 520 519 520 518 517 518 520 519 520 519 521 523 525 527 526 525 527 529 530 529 527 529 530 528 527 525 523 524
645 91 646 643 644 642 644 89 646 89 648 86 87 74 77 86 650 651 650 648 646 91 642 641 644 90 643 645 90 647
387 385 386 387 388 386 387 390 393 396 393 390 393 390 392 394 393 390 387 385 383 382 381 378 379 378 376 378 379 378
419 413 417 415 419 417 412 417 411 408 409 415 421 422 416 411 412 58 60 61 58 53 57 56 58 60 58 61 57 52
345 343 306 253 248 249 254 253 255 254 258 264 274 271 266 267 270 266 226 336 327 221 327 329 220 219 217 219 223 225
216 174 217 214 212 297 295 294 298 179 212 290 292 298 293 296 291 290 287 285 265 263 285 275 258 265 260 259 274 258
649 651 649 646 644 89 88 645 643 644 642 94 92 645 642 93 91 92 644 92 645 91 90 645 646 88 647 649 88 72
292 291 214 177 212 224 223 226 228 262 284 263 260 265 285 284 225 273 272 265 263 243 310 319 235 238 241 247 242 305
79 78 81 83 79 76 77 85 650 647 89 74 72 91 644 642 640 97 638 636 634 631 634 631 629 627 625 626 624 626
98 96 639 637 99 101 104 106 103 104 105 106 107 106 105 102 105 106 109 112 114 113 111 114 111 112 109 110 112 113
263 265 263 246 243 313 242 248 260 306 203 205 308 243 315 240 242 264 305 207 209 207 206 306 262 285 275 285 227 338
30 29 30 28 29 31 33 31 32 34 36 37 36 38 39 42 43 44 43 41 40 41 42 40 42 41 39 40 39 40
127 125 127 125 124 123 122 123 121 122 121 122 120 118 119 122 123 122 119 117 115 116 119 118 119 116 113 114 111 109
246 250 255 258 254 255 250 254 253 250 253 246 253 250 249 251 255 257 255 257 260 306 241 314 246 314 312 313 315 308
92 95 92 642 643 646 645 646 90 89 644 642 643 90 72 88 647 646 90 644 647 90 647 648 647 89 74 72 71 70
275 273 285 262 264 283 284 322 338 198 195 199 197 340 231 232 233 230 228 282 284 227 325 326 331 222 220 222 334 331
266 264 283 239 237 229 240 242 239 227 239 315 319 232 319 229 228 284 262 264 262 247 243 248 242 239 281 239 315 316
344 190 188 189 346 190 347 191 346 187 347 202 346 347 344 350 347 203 344 342 305 203 206 343 204 252 256 255 253 256
541 544 550 548 564 570 565 567 564 575 548 545 548 564 570 569 573 577 579 585 584 588 593 597 603 598 580 583 585 583
375 376 378 377 375 376 377 379 377 379 381 382 384 382 380 378 381 382 380 382 384 385 388 385 387 385 388 386 383 386
603 607 610 608 606 605 610 608 605 602 601 596 594 596 597 580 583 588 582 597 603 604 577 572 546 544 542 543 546 572
505 504 506 504 502 503 501 503 504 506 505 504 506 505 507 509 507 509 511 509 508 509 508 509 508 509 507 508 507 508
581 578 577 572 573 604 609 611 612 613 611 614 611 612 611 608 609 604 605 603 546 551 599 600 594 590 589 586 585 583
664 663 666 669 667 663 662 663 660 662 659 660 661 664 666 663 666 663 664 663 661 663 665 667 668 666 668 665 664 661
252 251 254 255 250 248 242 312 316 313 315 312 242 243 241 313 242 240 238 230 228 262 264 227 262 260 263 304 203 347
83 82 81 78 80 84 83 82 84 80 77 80 79 85 80 82 84 650 86 651 649 84 651 649 647 87 77 79 84 651
72 90 645 642 644 89 72 89 73 89 647 650 653 657 651 648 87 650 85 80 77 74 90 647 89 75 86 651 654 652
251 253 254 258 264 305 307 264 304 266 226 326 324 225 223 325 334 172 336 167 169 338 340 199 340 197 200 201 342 340
9 8 9 7 6 4 1 2 3 4 2 3 4 6 5 6 5 4 3 4 5 6 7 6 8 11 12 9 11 12
78 79 82 84 81 84 86 76 77 75 77 76 79 84 83 82 85 648 647 650 647 648 650 648 89 75 74 77 86 77
144 145 142 143 146 148 147 149 147 148 145 148 146 148 151 152 153 156 155 156 158 157 153 156 158 331 332 326 222 333
651 657 654 657 651 84 649 84 87 649 648 650 87 649 86 83 85 648 88 76 74 88 648 646 649 646 89 72 88 75
494 493 494 496 495 497 498 499 500 502 501 502 504 505 503 504 503 505 506 508 507 506 507 505 504 503 504 505 503 501
423 431 432 434 432 436 440 436 440 436 434 437 440 445 449 453 455 457 459 457 459 456 454 452 448 449 452 448 447 444
506 504 503 501 499 498 497 499 497 495 497 498 500 501 502 503 501 503 502 500 499 500 498 497 499 498 500 502 501 502
84 79 78 76 77 80 79 76 77 79 77 86 647 646 643 644 89 648 89 73 74 72 74 87 77 87 86 651 86 75
122 121 122 124 123 122 124 125 126 128 130 128 129 128 130 131 129 127 128 129 128 127 129 131 130 132 134 132 131 129
187 186 184 187 190 347 345 190 191 348 185 189 186 189 201 185 192 202 345 189 190 203 345 344 351 197 340 193 192 203
404 402 413 419 420 416 420 419 424 423 428 423 417 413 407 408 412 415 418 419 416 415 412 407 404 410 416 420 415 410
467 466 467 465 464 463 462 463 461 459 458 456 454 456 457 455 453 454 451 446 447 445 442 447 452 449 448 444 439 442
397 395 394 363 358 197 196 355 360 354 350 348 201 192 349 186 183 348 186 192 189 186 192 195 197 340 231 236 237 282
76 87 74 89 87 648 650 649 85 87 84 652 85 76 86 647 650 87 85 86 85 650 653 654 658 654 658 655 656 653
470 468 466 468 467 469 467 468 470 471 469 468 466 464 463 461 463 465 467 465 466 468 470 468 470 472 474 472 473 472
326 335 325 326 328 330 332 326 177 338 198 340 338 177 174 213 300 212 290 222 220 217 290 289 225 275 225 275 277 281
652 653 656 659 660 659 658 661 663 665 669 666 670 669 665 668 670 669 672 668 669 667 669 673 672 668 670 672 675 672
427 428 423 428 424 422 418 421 422 416 411 409 411 416 413 404 401 398 393 394 392 395 359 355 351 201 185 188 190 344
631 633 635 638 641 639 638 641 94 92 641 640 638 95 641 94 92 641 92 95 94 95 641 94 93 96 637 99 98 637
553 560 548 550 545 571 576 601 578 577 604 599 576 574 571 549 571 564 587 563 567 586 587 586 587 589 593 594 598 600
243 246 245 249 260 258 263 265 264 242 261 306 242 262 258 275 225 331 329 288 220 223 333 225 286 287 326 332 326 172
95 638 635 98 636 98 638 95 94 92 643 645 646 89 645 643 645 647 650 651 654 653 650 84 81 84 652 657 651 652
310 317 309 310 345 201 351 185 186 187 350 201 344 191 344 190 344 346 189 348 190 206 267 265 260 248 251 247 245 246
430 433 438 441 439 444 441 436 441 442 445 440 435 438 443 442 445 440 439 440 438 441 445 444 446 441 442 437 439 444
329 327 221 330 222 223 222 225 331 334 172 334 328 335 176 325 326 289 328 288 290 292 214 173 174 172 333 336 323 228
351 347 186 185 191 188 184 182 181 184 191 183 180 194 354 360 363 360 363 362 359 364 360 364 395 397 394 398 400 403
589 563 586 562 559 552 561 563 583 581 578 573 604 608 610 613 611 608 609 607 610 606 609 608 604 600 576 578 583 563
208 207 265 263 315 229 230 235 240 230 320 235 230 340 194 200 342 343 304 306 260 261 306 264 228 339 320 339 337 179
436 430 435 438 435 430 432 434 440 439 437 436 441 438 442 443 442 438 434 431 437 436 441 445 447 451 446 442 440 438
73 76 77 76 86 75 87 85 82 79 83 80 82 84 82 79 81 82 80 77 78 76 79 81 80 85 649 646 88 645
379 380 378 379 377 375 374 375 377 376 377 376 374 373 375 372 375 377 376 375 376 374 372 369 365 366 364 361 364 361
469 467 469 468 470 469 470 472 471 470 468 470 471 472 470 472 470 472 474 476 475 473 472 470 469 471 473 474 472 471
507 506 507 508 506 505 503 501 499 501 499 498 500 498 499 501 503 505 504 502 501 499 498 497 496 495 494 493 495 494
501 503 501 500 502 500 502 504 502 504 503 504 505 504 505 506 507 506 507 505 504 505 504 502 501 503 501 502 500 498
665 667 670 667 666 670 666 665 668 672 674 671 673 676 674 671 668 669 673 674 672 671 673 676 679 676 678 679 678 679
181 180 178 177 211 181 193 200 201 194 182 184 185 190 208 203 306 205 263 260 259 257 260 248 250 254 251 246 263 205
571 575 548 560 589 563 559 563 559 561 550 561 548 549 565 568 574 572 573 574 547 549 560 561 565 569 574 564 562 549
124 122 121 119 117 119 120 122 124 123 121 119 121 123 122 119 122 120 122 123 121 119 116 118 119 116 113 112 113 110
164 167 170 168 323 227 286 227 240 318 240 241 263 204 308 344 309 305 308 204 190 203 207 304 267 304 209 180 192 184
237 236 230 340 323 336 333 334 173 214 297 296 299 290 212 179 213 297 294 295 293 292 211 301 210 209 180 210 213 174
259 247 246 261 247 314 245 247 248 253 249 246 244 307 315 312 243 307 252 307 245 311 309 305 341 321 322 229 237 239
438 436 438 435 437 434 437 434 429 434 430 432 431 429 432 434 428 426 422 416 419 423 419 420 425 421 422 420 424 428
143 140 138 137 138 136 137 138 140 139 141 140 138 140 138 139 138 137 138 140 138 137 135 134 136 134 136 135 137 135
592 595 592 552 553 548 550 552 551 553 559 592 558 592 583 581 578 575 574 569 548 549 551 558 548 549 553 554 551 554
579 600 603 576 597 580 579 597 583 594 595 592 557 596 560 587 588 560 589 584 589 593 592 552 560 586 564 583 585 563
7 5 3 2 3 4 6 5 4 6 4 5 6 8 11 9 12 13 11 8 9 10 8 11 8 6 5 4 5 7
8 10 9 10 12 10 11 13 14 16 14 15 17 15 17 18 20 19 20 23 26 27 26 24 27 28 30 28 25 24
595 590 595 556 595 590 591 592 590 587 586 585 582 584 587 585 583 578 573 603 602 598 597 594 599 576 575 569 567 566
174 172 173 175 172 169 167 322 337 170 168 167 168 336 337 177 176 175 172 334 336 178 213 299 302 207 302 300 291 288
389 388 385 384 386 388 390 391 388 387 390 391 393 398 397 396 394 396 363 395 364 363 396 394 392 395 392 395 398 366
675 678 675 678 677 678 677 674 675 678 677 675 671 672 674 677 676 679 677 679 678 679 677 676 679 676 674 676 674 671
372 373 371 373 374 376 375 374 373 375 376 375 377 376 378 380 383 382 383 382 383 386 385 383 380 378 380 379 381 380
499 500 501 502 500 498 497 496 498 500 501 503 501 500 502 504 502 500 498 499 498 496 498 497 498 496 495 493 491 490
439 435 434 431 423 421 415 411 407 411 407 412 416 412 407 404 410 407 404 403 402 410 411 410 407 410 415 419 417 420
536 535 537 540 538 540 541 540 537 539 542 539 538 537 536 534 532 533 531 530 528 529 530 531 530 528 529 531 533 535
602 605 608 606 610 611 608 607 606 602 597 579 578 584 580 594 590 584 588 561 548 550 571 545 544 550 545 549 562 549
34 35 34 35 36 35 33 32 34 32 31 32 34 33 31 30 29 27 29 30 31 30 29 31 32 30 33 35 37 39
267 266 258 253 256 260 252 260 256 265 305 205 306 204 203 202 343 315 343 305 265 205 303 302 206 303 205 343 346 202
491 493 491 493 491 493 495 496 494 492 490 492 494 492 491 489 490 489 490 492 491 492 494 493 494 495 493 491 492 490
4 3 5 3 4 5 4 3 1 3 4 5 4 5 7 5 6 8 6 7 9 11 10 9 11 12 13 15 16 14
327 219 328 327 332 326 176 337 324 286 289 221 220 289 217 290 293 290 223 290 288 269 302 207 191 351 201 202 304 305
150 147 149 146 149 151 149 146 147 148 151 154 151 154 156 157 160 158 159 161 160 163 160 162 280 239 314 245 313 312
193 340 320 235 233 236 237 236 320 240 241 262 260 246 245 250 246 243 314 315 263 243 247 244 312 243 240 320 232 236
474 473 472 471 470 472 474 472 470 468 466 468 466 468 466 467 468 466 468 467 465 467 468 466 467 468 470 468 467 469
265 260 246 261 244 241 261 276 282 227 324 227 284 285 227 225 223 224 226 283 226 338 226 223 272 266 267 258 274 271
417 419 415 413 416 415 410 414 418 413 414 413 409 412 408 412 416 415 417 413 419 418 419 424 427 425 428 432 435 436
513 512 514 516 518 516 515 517 519 517 518 516 517 516 515 516 514 516 515 514 516 518 516 517 516 515 513 514 516 517
600 605 602 597 602 598 555 558 549 571 572 603 607 611 610 608 605 601 600 575 576 600 599 600 598 597 598 555 558 555
437 435 433 434 428 426 430 426 423 420 424 419 421 422 417 413 415 419 416 410 415 418 415 417 415 410 413 416 414 419
650 86 648 646 649 648 85 87 646 645 92 91 645 88 646 88 74 73 88 73 74 76 86 651 86 74 75 77 79 85
359 356 357 353 348 194 183 186 190 203 207 202 189 346 202 208 205 264 306 265 286 327 223 220 328 327 218 289 221 219
672 674 673 676 677 679 677 676 679 678 677 678 676 674 671 673 670 667 671 675 674 671 669 666 665 666 667 663 665 669
111 112 113 114 113 111 113 111 112 113 116 117 116 114 111 114 111 114 112 113 116 115 113 112 113 114 115 113 110 107
152 153 156 153 156 153 156 155 158 157 156 158 331 325 334 325 338 198 338 199 354 352 357 360 364 359 364 358 359 363
527 528 527 528 529 527 526 524 526 524 523 524 523 522 520 521 519 520 519 521 520 519 521 523 525 526 525 523 524 525
368 364 368 370 371 372 375 374 373 371 373 374 373 375 376 375 372 371 372 374 372 371 372 374 375 373 372 369 366 368
415 412 415 420 416 418 417 416 413 409 413 418 422 418 415 416 412 415 413 417 422 419 414 411 413 404 411 416 418 413
449 453 455 457 455 458 460 461 460 459 456 455 452 453 451 446 451 454 455 458 459 457 459 456 455 453 449 446 445 440
236 232 237 230 315 312 309 319 342 319 232 237 230 237 280 281 283 275 282 163 165 229 235 320 322 228 239 314 243 306
74 72 74 76 77 76 86 84 81 84 85 650 651 649 651 85 83 80 81 79 85 87 646 90 645 90 92 93 640 643
316 314 317 342 319 320 228 323 339 169 172 334 175 214 292 294 291 298 295 292 212 213 179 177 174 334 173 335 177 335
89 73 90 91 90 91 642 645 91 89 647 646 649 648 89 645 91 642 641 643 641 638 97 99 636 638 640 96 93 92
402 403 405 402 410 416 415 409 413 407 405 404 401 402 410 416 415 418 421 424 427 425 426 422 416 412 414 409 408 409
279 160 161 331 333 223 272 285 227 338 178 214 216 219 327 329 221 329 331 158 159 157 156 155 152 149 145 147 148 151
241 242 314 309 342 340 338 168 323 284 228 229 167 322 227 322 337 171 168 166 163 238 281 163 164 233 232 319 318 314
406 408 411 406 409 407 406 409 415 409 414 418 415 413 415 419 416 419 422 423 424 427 432 428 434 438 434 431 433 436
400 403 405 403 410 413 417 419 423 421 420 414 415 412 58 53 55 56 52 51 53 48 51 49 51 53 52 55 59 56
597 592 555 599 604 577 579 600 602 596 598 600 572 549 554 553 560 589 584 579 581 582 577 574 569 573 547 546 571 570
612 613 616 619 617 615 614 611 613 615 618 616 614 615 613 612 611 612 611 610 611 612 610 606 605 600 551 546 571 574
256 255 253 251 253 252 247 263 240 239 230 235 233 237 163 162 280 239 315 316 308 344 190 186 346 187 348 187 186 349
103 104 103 100 102 104 107 108 106 104 107 104 105 106 109 107 109 112 114 116 114 111 110 109 106 103 104 107 109 108
462 461 463 465 467 465 466 467 468 467 466 467 469 471 470 469 468 467 465 467 466 465 463 462 464 466 468 469 468 470
481 483 482 483 482 481 482 484 486 484 482 481 480 478 479 478 477 475 473 471 469 471 470 468 469 468 470 471 472 471
588 593 595 599 600 575 583 586 582 578 583 588 562 566 561 566 567 568 571 575 548 565 570 561 553 558 554 556 555 598
269 270 257 255 252 253 261 243 312 317 308 344 204 305 306 252 246 308 312 311 312 310 307 308 202 200 193 339 199 351
334 218 215 217 222 331 225 323 228 227 229 165 163 162 163 237 164 163 164 167 169 336 323 321 232 233 231 167 324 335
99 635 634 635 100 97 639 638 97 100 103 105 106 107 106 107 104 105 106 109 108 106 103 101 99 636 633 636 638 98
162 163 280 164 163 161 280 239 242 314 311 317 320 321 236 235 238 163 162 164 166 167 337 323 320 319 309 344 349 351
224 286 272 267 301 209 302 301 290 299 297 291 213 216 174 217 289 218 216 219 217 174 335 171 214 299 298 290 221 328
483 482 480 482 480 478 479 478 476 474 476 474 472 471 470 471 472 473 474 472 471 470 468 467 466 465 467 468 470 469
277 284 324 212 299 212 301 211 212 290 212 298 300 179 337 212 300 302 267 266 273 269 266 287 223 288 224 327 221 328
643 646 644 89 90 89 88 90 73 90 644 91 89 88 90 643 90 646 89 647 644 92 90 91 93 95 98 101 98 639
120 119 120 119 121 119 118 119 122 121 120 121 122 121 123 125 123 121 123 121 120 121 123 121 119 116 114 115 116 113
53 55 56 54 53 54 56 58 57 53 48 47 48 53 52 51 53 49 47 49 51 48 46 44 47 45 43 44 47 44
616 614 616 614 612 610 611 612 615 613 616 619 620 618 619 621 619 620 618 616 614 611 614 616 619 621 622 624 622 623
333 170 336 337 171 176 218 214 172 174 215 171 334 176 326 328 327 219 222 329 326 222 326 222 328 224 335 324 338 323
166 167 324 321 229 235 320 340 323 337 171 178 210 303 208 304 205 303 207 303 207 190 203 306 308 314 247 253 258 265
46 48 53 56 53 56 51 50 49 48 46 45 43 45 43 44 43 44 45 46 48 45 46 44 46 48 49 46 44 42
343 315 318 309 307 204 207 267 303 306 307 263 314 239 283 274 275 285 275 262 307 203 343 200 199 201 189 345 349 348
613 610 611 607 609 610 613 614 611 614 615 612 614 612 609 610 606 602 600 597 593 591 588 591 595 594 590 587 586 562
608 609 610 607 604 603 572 575 564 586 589 563 561 565 571 574 548 564 563 588 589 594 592 555 595 552 551 552 551 547
606 608 611 608 603 599 601 599 604 601 604 605 606 601 596 552 547 546 543 544 546 603 546 551 550 546 544 550 552 595
601 603 608 607 606 609 606 603 606 601 596 560 587 585 586 567 565 548 564 560 552 556 557 551 556 596 592 590 592 590
393 392 394 363 359 361 359 364 358 363 360 354 351 202 308 204 203 308 344 310 315 319 318 316 313 244 307 203 343 309
172 176 171 325 333 336 325 326 337 323 339 338 199 202 344 310 317 320 340 231 235 232 320 309 242 311 343 204 263 260
572 603 602 601 599 576 574 576 573 569 547 546 544 550 551 596 602 603 602 605 607 609 608 609 606 605 610 612 609 610
33 32 31 33 35 37 36 34 36 34 33 35 34 36 35 36 38 37 35 36 35 37 36 34 32 31 32 30 33 34
561 564 563 569 561 548 552 558 592 556 596 583 564 574 578 580 579 575 570 567 565 563 586 587 590 587 590 584 588 582
23 25 24 25 24 22 24 27 28 30 31 29 28 27 28 26 25 27 28 29 27 29 31 32 34 36 34 33 32 34
678 676 678 676 679 676 679 677 675 676 678 677 678 679 678 679 676 673 674 671 675 673 670 672 670 673 669 667 666 667
190 184 191 351 348 202 206 305 207 303 302 301 287 288 287 225 284 262 259 247 248 253 256 257 253 250 247 251 253 260
284 275 259 258 259 276 259 276 284 228 229 319 321 199 341 344 351 200 201 185 348 188 184 348 347 342 345 190 186 185
304 343 309 306 205 265 285 223 290 292 211 210 181 193 339 338 199 193 194 351 349 348 183 194 354 350 353 351 199 351
69 67 65 66 67 66 68 66 67 66 68 67 65 66 67 65 67 65 66 68 66 64 63 62 63 60 56 51 49 53
3 2 1 3 1 3 5 3 4 6 7 9 11 13 15 14 15 17 16 15 17 15 14 13 14 15 13 11 13 14
135 137 135 137 136 137 136 137 139 140 142 145 144 146 144 147 145 149 151 150 151 148 151 154 152 154 153 151 150 153
378 377 379 381 379 378 376 378 376 378 379 377 375 377 375 374 376 375 372 373 374 376 377 379 378 379 381 383 382 384
662 660 662 663 667 668 666 665 666 669 665 662 659 662 666 665 669 665 668 664 668 672 674 673 676 673 672 669 672 671
496 494 493 492 494 492 493 494 496 498 500 502 503 505 503 501 502 501 499 500 498 497 496 494 493 494 492 494 492 493
114 111 110 112 110 108 109 110 109 111 113 112 114 111 114 113 114 115 114 117 114 111 113 116 114 113 114 113 111 114
123 124 126 124 126 124 122 120 119 122 121 120 119 122 119 116 119 118 115 118 119 121 122 120 119 116 117 119 118 119
91 645 89 74 76 87 647 645 643 642 640 97 638 96 640 95 638 637 635 99 97 94 641 644 643 90 88 75 86 84
306 204 203 307 263 240 228 283 227 226 325 334 333 329 220 328 334 325 224 326 176 214 292 214 177 214 215 176 212 290
176 218 334 333 335 333 331 326 212 179 298 210 300 208 202 341 344 202 205 203 206 208 207 305 307 205 308 306 304 209
282 227 240 261 243 306 252 204 342 308 305 203 306 206 306 206 191 193 182 185 194 193 341 198 193 347 193 181 182 183
26 27 28 29 28 27 24 26 27 26 27 26 27 25 22 21 23 22 24 23 20 23 25 22 24 22 25 28 30 32
197 198 341 202 191 202 346 350 342 204 344 345 201 200 343 203 207 204 308 263 315 263 227 338 325 326 335 325 227 239
239 240 281 276 278 280 238 236 230 233 236 237 230 234 236 320 321 232 231 233 235 231 321 339 193 182 181 183 181 179
177 215 217 214 217 291 296 291 212 213 292 295 294 298 214 174 326 214 175 336 338 170 175 216 213 178 336 178 325 333
312 314 242 306 265 264 259 257 253 251 254 257 253 246 263 242 241 264 242 247 251 255 253 246 248 247 250 253 251 255
119 117 119 116 117 115 116 113 116 118 117 115 114 117 118 115 118 117 115 114 117 115 113 115 117 116 113 112 110 109
189 349 347 346 188 349 350 342 318 319 318 316 314 309 343 320 235 320 309 345 309 310 314 308 204 190 201 185 351 200
516 517 515 517 515 517 519 517 516 515 513 515 513 515 513 512 510 511 512 510 509 511 509 511 509 510 511 512 513 515
52 55 50 47 49 48 50 55 58 59 55 53 51 55 53 52 54 59 61 59 60 62 58 61 56 61 60 61 62 57
511 510 509 511 513 514 512 511 510 508 507 509 507 509 511 512 511 513 514 516 515 517 515 514 513 515 513 514 513 515
271 273 285 287 226 264 242 261 264 205 208 302 266 286 226 266 207 210 200 321 341 322 323 324 336 224 324 284 262 263
498 500 499 500 499 500 499 501 500 502 501 500 498 496 498 499 501 500 501 499 500 502 500 498 496 497 498 497 499 500
298 293 294 296 292 299 213 179 193 347 184 192 184 193 341 305 262 275 273 270 266 301 210 179 180 194 201 345 349 345
16 15 14 15 17 16 15 17 16 18 21 23 21 20 21 19 21 18 21 19 21 20 18 21 20 23 22 25 26 25
477 475 477 478 479 478 477 475 474 476 477 479 481 479 480 478 479 481 483 482 484 485 487 485 487 489 488 489 491 493
557 591 590 584 585 586 583 578 597 580 596 588 586 562 568 565 549 551 547 553 554 549 572 547 548 574 578 600 577 580
156 155 152 155 152 154 152 153 150 153 157 158 155 154 153 155 152 150 147 145 147 144 143 146 149 148 151 152 154 157
158 161 163 280 238 239 242 313 243 248 244 242 263 315 309 305 343 304 209 266 302 268 301 211 178 324 339 323 337 338
360 361 357 358 355 354 355 194 352 354 356 357 353 350 355 358 356 358 362 363 396 394 398 397 398 396 397 400 402 401
54 51 49 51 55 52 49 46 49 53 54 55 60 62 57 58 412 58 53 55 54 55 50 55 58 412 409 411 416 421
674 670 668 665 664 661 664 665 667 663 664 662 666 667 669 666 667 668 672 674 676 679 678 676 674 675 671 675 672 668
121 119 117 116 113 112 113 110 107 110 107 108 107 110 112 110 113 115 118 116 114 116 113 115 114 113 112 113 111 112
286 223 334 328 334 332 329 332 222 288 271 269 268 271 286 225 326 225 286 324 169 172 169 167 321 199 339 200 208 191
376 377 379 381 378 379 377 378 379 378 379 377 375 373 374 373 371 368 365 368 364 359 356 358 354 360 358 359 362 366
653 656 658 661 663 662 665 662 659 662 659 657 660 656 653 655 652 654 658 656 659 662 664 661 658 654 657 661 658 655
456 455 452 453 450 451 450 452 448 446 442 444 443 445 439 442 437 442 447 448 450 447 452 448 447 450 449 451 454 456
294 295 298 290 301 302 210 181 182 193 201 199 195 194 185 191 204 205 306 309 242 308 344 351 353 358 357 362 359 363
531 529 527 526 525 524 526 524 526 525 527 525 523 521 520 521 519 520 519 521 523 522 524 525 526 524 522 523 522 520
64 65 66 65 66 67 69 71 69 67 66 64 66 67 65 66 68 67 66 68 69 70 71 70 68 70 68 67 68 66
188 186 185 191 209 211 292 297 294 293 297 295 296 297 212 290 218 214 173 170 337 336 168 167 170 334 328 288 272 273
51 49 53 55 52 51 53 54 52 54 58 62 63 65 67 68 67 69 68 66 68 70 71 73 72 91 89 647 645 90
219 217 216 213 212 178 324 284 286 227 275 262 305 307 343 305 308 345 202 346 191 345 190 201 350 352 348 202 204 207
563 587 560 562 560 586 585 588 562 549 570 548 554 553 560 553 548 547 573 570 564 586 562 588 563 586 567 569 575 582
567 568 565 561 570 574 548 575 564 566 561 549 552 555 554 552 561 548 575 573 575 571 572 552 596 560 559 557 592 590
285 284 262 306 241 238 230 239 315 240 236 232 319 315 240 318 310 344 345 308 205 190 206 207 265 267 302 299 301 302
132 131 132 130 131 132 133 132 133 131 133 131 132 130 131 133 131 130 131 133 132 130 132 130 131 130 128 130 128 129
305 266 303 266 270 271 287 226 324 225 336 323 227 264 304 202 304 209 299 297 299 301 212 209 208 190 347 189 184 185
362 365 362 365 360 354 349 189 190 346 345 204 206 306 305 265 284 322 324 169 167 337 177 213 174 335 332 335 328 224
385 384 382 381 379 380 381 382 380 381 380 383 384 383 386 384 386 384 382 380 383 380 379 380 378 381 380 379 380 381
421 417 414 420 414 417 412 414 419 424 421 420 418 420 424 428 433 438 435 431 429 431 435 432 434 430 433 434 430 432
290 289 292 293 294 296 291 213 298 296 299 293 294 293 290 291 293 298 301 210 299 298 177 175 176 326 171 325 227 324
173 170 175 174 177 338 226 284 285 287 266 270 268 302 211 179 177 171 214 335 173 171 168 166 162 161 160 158 157 154
70 71 72 73 91 644 92 645 88 89 74 86 649 85 86 87 73 72 74 90 643 644 90 92 90 646 88 86 83 84
273 287 326 334 326 333 331 223 332 223 224 329 222 328 222 334 219 220 217 218 174 216 217 218 223 218 217 220 223 290
364 360 363 360 359 355 352 348 344 347 345 309 317 310 342 201 191 204 304 267 207 209 301 287 273 270 269 268 267 303
508 506 504 506 505 506 505 504 506 508 506 505 507 506 507 508 509 510 509 510 511 513 512 511 509 507 509 511 509 508
432 430 435 434 432 436 440 435 429 428 427 432 427 429 432 427 429 428 431 429 428 433 432 437 441 436 442 443 447 442
569 548 574 570 566 568 566 569 570 572 548 565 564 568 571 569 570 547 574 577 600 575 582 584 588 589 588 563 587 586
523 524 522 520 518 516 517 518 516 518 519 517 515 516 518 520 518 520 519 518 520 519 521 519 520 518 519 521 520 521
380 378 380 383 384 385 383 385 386 384 382 384 382 383 386 388 390 393 398 394 393 396 399 396 394 396 398 400 397 394
634 635 634 632 630 632 633 630 628 630 628 626 628 630 629 631 629 631 628 627 625 623 624 623 622 623 624 623 624 626
500 499 500 501 499 497 498 497 498 500 502 500 499 501 503 505 503 501 499 500 502 501 500 499 501 499 498 500 498 500
629 628 626 625 624 622 623 622 623 624 625 627 625 623 621 619 621 619 617 615 616 619 616 613 612 609 604 601 578 600
660 656 653 650 84 86 76 77 75 77 76 88 648 646 91 89 72 70 72 91 89 88 87 89 87 77 86 85 651 86
43 45 48 51 50 49 53 58 62 57 61 63 59 63 59 60 57 60 63 60 55 58 59 58 412 410 414 411 417 421
10 11 9 10 9 11 12 9 7 9 11 8 6 8 10 8 11 13 11 9 12 9 11 12 14 16 18 16 18 19
555 592 555 596 580 582 580 598 595 598 601 598 593 581 578 574 578 574 575 569 573 600 572 570 572 573 574 547 270 271
159 162 164 280 278 283 240 242 261 247 245 242 263 259 256 255 252 254 258 253 247 306 206 202 200 180 300 299 213 217
640 642 641 640 638 98 99 638 97 638 99 102 101 103 104 103 105 104 102 100 98 97 100 98 635 101 102 99 97 636
562 569 548 551 554 553 559 556 550 555 558 553 547 550 561 558 548 546 572 552 558 561 549 560 558 549 559 558 557 556
663 664 668 665 666 667 670 673 676 674 677 675 673 670 671 667 664 667 670 667 664 661 663 662 660 662 663 661 658 657
301 302 209 179 213 298 291 212 224 288 289 222 221 328 330 158 160 162 166 165 282 277 161 277 274 225 327 329 220 288
280 279 281 275 272 257 272 271 286 223 221 329 332 334 176 325 286 324 178 337 322 227 275 278 277 274 266 265 259 265
587 590 583 594 592 556 551 552 559 560 563 565 571 573 572 600 602 597 582 577 572 545 571 569 572 546 547 548 572 604
671 670 668 664 666 670 667 669 667 666 663 661 657 656 652 656 654 655 656 660 656 658 659 662 666 668 666 662 659 662
232 233 237 282 241 313 245 247 250 251 246 242 246 245 250 246 307 203 191 192 195 182 181 208 181 209 208 191 186 183
116 114 117 115 113 115 117 114 116 114 116 118 119 118 120 119 121 122 123 122 119 118 119 117 115 113 114 117 118 119
240 237 234 236 229 320 318 230 340 229 340 199 196 198 200 193 347 187 346 190 184 187 350 356 353 349 355 356 359 364
117 119 118 115 118 120 122 121 120 121 123 124 123 124 122 121 122 124 122 123 122 124 123 122 121 123 125 126 124 122
260 242 239 280 163 160 278 280 238 229 237 232 237 232 320 322 167 231 233 238 164 238 233 164 233 237 234 232 234 232
490 489 491 490 489 488 487 486 487 489 487 489 488 486 484 483 484 486 487 488 486 487 488 489 487 485 483 481 483 481
27 28 29 27 24 22 25 26 27 25 28 25 22 21 22 20 22 21 19 17 18 16 18 15 14 15 13 14 13 12
0 1 0 2 3 0 3 5 3 0 1 2 0 3 2 3 1 4 3 5 4 5 3 0 1 3 0 2 3 0
446 444 447 452 449 448 446 444 438 432 433 430 434 439 445 439 444 445 444 449 444 445 449 453 456 457 455 457 455 457
42 41 40 42 40 39 37 39 38 39 38 37 36 38 36 38 37 38 40 41 40 39 38 39 40 38 39 41 40 38
102 103 100 635 99 638 641 640 638 635 633 632 633 634 635 101 104 101 104 105 103 100 102 103 102 104 101 99 637 635
258 272 285 324 336 335 172 336 226 225 288 272 275 276 262 284 286 324 321 199 342 308 204 342 319 316 317 314 239 281
245 247 306 309 307 203 304 303 268 302 266 273 287 285 258 264 258 285 265 258 275 285 263 305 264 263 284 228 240 237
314 263 307 315 310 308 311 243 308 317 343 202 208 206 191 348 191 189 346 345 350 345 350 344 348 345 308 246 263 314
559 592 552 555 598 600 603 607 609 611 613 615 616 614 615 612 611 609 607 606 602 605 608 607 603 597 598 599 604 609
249 251 249 260 254 256 257 265 266 305 304 307 245 313 246 249 254 257 270 287 224 290 217 222 287 286 226 326 288 271
295 294 296 293 299 293 290 222 219 220 328 289 292 217 219 329 333 327 325 328 332 333 170 167 323 226 264 283 278 277
257 273 286 223 285 258 256 259 262 242 314 245 242 262 259 264 304 205 204 305 342 199 320 229 323 166 338 169 171 334
335 327 328 223 328 331 328 332 328 329 333 325 334 333 336 325 324 338 228 264 262 263 315 308 343 206 208 209 180 210
163 236 237 282 238 164 237 282 238 282 240 281 239 280 277 282 281 279 162 280 276 259 263 283 263 306 206 303 208 205
361 357 355 194 196 358 362 358 354 357 362 363 366 365 363 359 395 397 399 402 401 398 366 398 396 363 364 360 362 359
542 545 542 544 545 549 570 575 573 600 598 594 589 584 586 589 560 548 549 561 564 561 551 554 548 569 572 552 547 550
488 486 488 489 488 489 490 491 490 491 492 490 491 489 491 489 488 490 488 486 487 489 487 485 484 483 485 484 483 482
598 595 592 593 596 594 600 575 569 565 567 565 562 549 545 548 572 604 608 604 602 598 600 604 573 578 597 598 555 592
357 355 358 354 351 356 361 364 362 395 397 394 393 395 362 395 392 390 389 391 394 363 359 356 351 348 190 208 209 266
484 483 485 483 485 486 487 486 485 486 484 483 485 484 483 484 482 480 479 480 479 478 480 482 480 479 480 481 482 481
487 489 487 486 485 483 484 485 484 483 481 479 481 482 481 479 477 479 477 476 477 476 478 476 478 476 474 472 470 472
209 266 305 308 309 310 313 315 240 237 282 279 278 277 278 160 280 164 161 163 238 281 282 276 282 165 163 165 162 163
356 358 197 339 338 339 178 325 227 165 227 322 228 262 242 306 264 242 308 344 342 345 308 343 350 353 350 347 349 185
433 429 435 437 432 431 430 434 429 426 425 421 420 421 425 420 418 419 413 408 414 419 415 410 415 420 421 417 420 421
348 185 201 351 194 185 352 356 350 353 357 362 395 393 394 392 395 362 395 399 401 402 413 402 410 405 407 413 408 406
129 128 129 127 128 129 127 126 124 122 119 118 115 117 114 117 119 118 120 121 119 120 119 118 119 120 121 123 124 126
656 655 657 659 662 657 652 84 651 654 652 653 657 658 654 651 84 82 81 79 81 80 78 77 79 76 79 76 85 83
19 20 19 21 18 21 19 17 18 15 13 11 9 11 13 14 13 10 9 7 9 11 12 13 12 11 9 10 12 10
39 41 42 43 42 43 44 46 48 51 53 52 56 55 56 52 49 53 49 48 51 56 61 57 62 61 58 56 60 56
550 549 545 549 562 569 573 575 570 574 571 568 562 563 565 560 596 593 598 593 557 593 589 593 595 552 592 559 558 562
609 605 610 607 604 609 608 611 608 610 605 600 598 595 598 599 555 595 600 579 600 579 597 595 552 572 577 578 575 569
234 233 238 164 165 163 238 241 314 243 311 314 240 238 281 275 282 163 280 164 238 280 239 235 319 321 240 315 317 315
517 516 518 517 516 518 517 516 515 514 512 513 514 516 518 517 519 520 519 520 518 517 519 520 519 520 518 516 518 520
297 212 289 287 272 274 285 276 278 277 274 259 257 259 258 260 262 240 314 310 343 206 305 262 265 305 343 307 314 308
574 575 564 570 573 570 548 565 569 571 573 603 605 609 608 611 609 604 599 602 597 575 569 570 568 565 561 563 567 563
71 69 67 69 67 66 64 66 65 66 67 66 64 63 59 60 61 59 56 57 61 64 61 63 65 67 66 64 66 68
340 321 231 233 237 236 320 339 231 339 320 199 351 344 346 189 345 203 344 311 317 318 314 318 230 237 235 238 280 277
130 129 130 132 130 132 133 131 129 131 130 132 131 132 134 135 137 138 139 138 139 141 139 141 144 145 142 144 145 143
573 604 606 603 573 575 579 581 582 597 602 607 602 605 610 613 610 607 606 605 601 577 576 571 550 545 549 562 567 569
641 640 93 94 97 99 98 96 93 94 641 642 640 97 94 642 94 97 98 97 636 638 99 638 639 94 643 646 90 91
529 530 532 531 529 530 532 531 530 529 531 529 527 525 524 525 527 525 526 525 526 524 525 526 528 526 524 525 526 524
534 533 534 536 535 537 536 534 532 533 532 534 533 535 533 535 537 539 541 542 543 546 551 596 591 592 555 592 556 596
66 65 66 65 63 62 57 61 64 66 65 64 61 56 54 58 62 58 60 56 51 52 51 56 60 55 59 62 57 52
582 575 577 579 584 583 578 601 605 609 612 614 616 615 617 618 615 613 612 614 615 617 615 613 612 609 608 607 608 604
635 632 630 628 629 630 632 631 629 630 631 630 631 629 627 625 624 622 624 623 622 621 623 621 623 622 621 622 624 622
138 140 141 144 145 146 147 148 150 148 150 147 149 148 151 149 147 148 149 152 151 152 149 152 153 154 156 157 158 155
171 173 215 218 222 327 224 329 332 327 222 217 291 298 211 210 298 212 213 298 294 295 294 291 293 298 294 291 212 179
170 169 171 334 333 334 327 224 272 275 259 256 260 250 245 311 344 311 317 315 241 244 261 244 307 308 305 264 285 227
311 244 247 307 243 241 247 248 260 250 254 253 249 248 244 242 262 284 275 274 226 337 325 333 328 288 221 290 212 210
473 472 474 472 470 468 470 472 474 476 474 476 477 478 477 476 477 479 481 483 485 483 484 485 487 488 486 485 487 488
480 481 482 480 478 477 478 476 475 476 475 477 476 474 472 473 475 474 476 478 479 478 480 482 484 483 485 486 485 486
235 232 236 231 233 230 322 199 201 347 201 344 346 189 190 185 183 180 195 199 196 198 195 196 355 358 353 358 197 340
518 516 515 517 516 515 514 516 517 519 521 522 523 521 523 524 523 521 523 524 526 525 524 523 522 523 521 522 523 524
399 400 366 362 363 394 363 361 360 358 197 351 201 192 191 202 342 343 347 343 310 311 316 243 315 243 242 243 263 283
530 532 531 530 528 529 527 525 523 521 523 522 523 524 526 528 529 527 525 526 528 529 527 529 528 527 528 526 525 527
37 35 36 38 40 42 41 42 43 41 39 41 40 38 36 37 39 41 42 43 44 47 49 52 55 51 54 50 54 58
185 188 187 346 188 187 349 347 193 351 197 354 352 348 350 346 348 188 191 203 308 309 310 345 203 204 203 191 190 345
624 626 627 629 631 634 636 634 633 630 629 630 629 630 628 626 628 631 634 637 96 639 640 639 97 640 97 98 638 637
212 210 179 298 210 200 201 202 205 264 258 273 225 325 322 339 323 339 199 322 320 230 229 323 320 323 320 322 200 208
679 678 676 677 674 672 670 669 665 663 660 662 657 662 659 662 666 662 660 657 654 653 656 653 655 658 660 658 660 656
247 306 204 304 303 285 275 278 275 273 285 262 261 264 304 343 305 304 206 343 307 315 240 229 319 315 230 315 310 313
63 65 63 61 57 60 59 58 57 53 57 58 56 54 51 49 50 48 51 52 57 52 57 61 63 59 60 62 63 64
543 545 547 548 558 592 560 586 588 561 549 553 559 563 589 587 582 583 588 591 596 551 552 554 599 594 589 588 563 583
288 225 287 288 287 271 286 223 333 170 168 337 177 170 175 173 335 337 177 298 293 294 296 295 297 293 295 292 212 213
38 37 38 37 35 34 33 30 28 29 28 25 22 24 25 28 25 26 23 21 18 20 19 18 15 17 18 17 16 14
203 342 345 342 310 311 242 246 249 248 252 306 305 205 343 305 265 207 191 348 187 349 351 347 184 190 192 180 209 212
309 305 206 302 299 291 212 178 298 293 290 288 272 273 225 331 225 275 277 275 281 163 281 279 162 163 281 284 225 287
211 178 299 293 294 291 289 327 334 172 335 224 324 285 263 315 229 230 235 240 228 263 241 307 310 344 203 201 348 185
299 301 302 265 304 302 208 192 181 179 213 210 301 269 268 269 268 270 257 270 273 286 284 228 285 324 336 327 289 223
100 97 638 98 97 96 639 94 97 100 97 98 635 638 635 101 103 105 104 106 107 109 106 107 104 105 104 103 105 102
482 484 483 482 484 483 482 481 480 479 481 480 478 476 478 476 474 475 477 479 481 482 481 479 477 479 478 480 481 479
330 329 223 225 323 165 229 239 229 167 323 169 177 178 180 179 180 179 178 171 176 172 335 324 176 175 213 217 173 171
217 292 291 297 211 297 291 296 299 291 289 291 290 223 272 269 267 302 265 226 303 304 208 180 183 348 349 187 188 346
539 541 544 541 538 535 538 537 536 534 535 537 540 542 543 545 543 544 543 546 550 561 588 559 563 589 586 564 549 557
332 334 172 176 336 324 212 299 301 269 265 259 258 274 283 226 264 263 259 261 248 253 251 248 249 252 248 253 252 307
112 110 108 110 109 106 103 101 104 105 104 107 106 105 107 104 107 104 106 104 103 100 103 102 100 102 103 102 99 637
139 138 140 143 140 143 142 144 143 141 143 140 142 145 148 145 148 146 143 141 140 139 138 137 139 138 137 138 136 135
509 507 506 504 503 502 504 505 506 507 509 508 507 508 507 509 511 512 510 508 509 508 507 506 505 504 502 501 503 501
676 673 676 674 670 671 675 672 671 672 671 668 666 670 674 673 671 672 669 667 663 665 668 670 668 666 668 667 668 664
644 645 88 648 646 644 645 88 648 647 646 644 643 642 93 95 638 639 98 636 637 98 639 95 642 95 639 97 98 638
184 182 180 183 190 204 345 350 354 359 360 365 367 370 373 374 372 373 370 369 367 370 366 361 356 351 193 194 348 202
300 291 214 172 335 325 326 218 335 177 171 215 213 211 301 212 299 212 291 296 293 298 215 216 174 216 215 177 326 325
533 531 530 532 534 532 534 536 537 535 533 532 534 535 537 540 539 540 541 544 550 556 550 571 575 572 546 545 549 548
632 633 635 633 635 101 103 104 106 103 106 108 109 112 113 110 107 106 108 106 109 108 109 112 114 112 113 116 115 116
59 56 55 59 58 60 59 56 53 51 56 52 53 50 48 49 46 49 50 49 48 45 43 41 43 45 43 41 39 41
544 551 546 547 544 550 552 554 558 552 572 550 557 553 551 553 552 558 562 567 566 570 546 544 546 549 564 575 548 546
194 201 185 190 345 349 345 190 204 263 260 254 252 260 257 272 270 287 266 226 336 172 214 335 224 329 219 327 324 338
411 404 413 408 412 58 59 62 57 60 63 60 62 60 62 60 56 61 62 61 58 54 59 60 62 60 56 55 54 59
677 674 672 670 668 665 669 665 664 667 666 669 668 667 664 662 663 660 663 661 662 666 670 672 670 666 665 667 670 669
532 533 535 534 532 530 529 527 529 528 529 527 526 524 522 523 524 523 525 524 523 525 524 522 523 522 520 518 517 515
113 111 110 109 108 110 109 106 108 107 105 106 105 106 105 107 104 102 105 102 105 102 101 102 104 105 104 107 105 107
126 128 127 128 126 128 129 127 128 130 132 133 131 133 135 134 135 136 134 133 134 133 131 132 134 136 134 133 131 130
565 560 593 584 579 581 579 575 597 579 580 577 600 601 602 604 603 602 604 601 576 597 595 590 595 600 602 601 603 600
118 115 114 116 114 113 111 114 115 113 112 111 113 116 113 116 113 114 113 114 113 112 113 110 113 112 110 111 112 111
186 346 350 356 357 359 360 358 353 350 201 199 354 351 199 340 231 320 236 229 164 161 162 165 282 240 230 236 231 236
165 163 166 165 229 322 338 198 196 199 340 338 336 177 213 174 176 324 338 322 284 285 284 228 338 198 197 354 356 359
198 196 193 351 352 354 199 354 349 201 348 194 354 357 360 364 395 393 390 392 394 398 395 398 393 396 393 390 391 393
658 660 661 664 666 667 665 667 670 666 663 665 668 665 666 668 667 664 666 665 662 661 664 661 663 666 664 665 666 662
525 524 522 520 521 520 519 520 519 521 520 519 521 522 524 525 527 525 526 528 526 525 523 524 523 521 522 524 522 524
31 29 30 29 30 28 30 31 32 33 34 33 30 32 31 33 30 32 33 30 33 34 35 36 37 35 33 32 33 35
168 337 171 178 299 297 295 297 212 179 195 180 194 183 186 349 188 191 202 190 345 202 305 309 341 342 341 344 307 262
388 386 383 385 387 389 386 387 388 385 383 385 388 390 388 391 393 395 396 394 396 397 400 402 399 398 397 399 396 398
254 249 260 263 262 284 323 338 167 339 322 264 322 199 320 240 321 341 199 339 199 194 355 196 194 198 340 342 347 350
296 294 298 210 300 211 208 210 208 211 209 191 200 199 351 356 359 354 358 357 352 350 185 186 188 346 202 348 202 204
137 136 134 133 134 133 132 130 129 130 128 127 129 127 128 129 128 130 132 134 136 137 138 139 141 140 142 140 141 143
630 628 626 628 626 624 622 621 620 622 621 622 624 623 622 621 622 621 620 621 620 619 620 618 616 614 611 608 604 605
413 419 424 423 424 426 421 423 431 429 432 435 431 429 434 440 441 442 444 440 443 441 442 439 433 430 429 433 434 432
229 315 313 243 316 314 244 243 307 311 317 342 320 232 233 238 281 283 263 228 322 229 238 240 235 318 235 234 233 231
556 551 572 546 551 603 598 580 596 592 591 594 590 595 555 595 592 559 553 555 554 550 572 570 575 573 577 580 598 593
661 663 667 663 664 661 659 660 661 660 656 657 654 657 662 666 669 667 669 667 665 666 669 665 666 667 664 665 669 668
82 81 84 649 84 79 81 82 652 657 661 664 666 662 665 664 661 663 666 670 667 663 660 657 661 658 655 656 660 658
231 233 164 229 322 320 342 347 192 185 201 185 190 203 342 320 340 341 340 319 232 229 228 283 261 258 265 226 225 288
476 477 478 480 481 480 481 483 481 483 482 481 479 477 478 476 475 477 476 478 480 479 478 477 476 474 476 475 473 475
28 30 29 27 25 24 23 25 26 28 30 29 30 28 26 25 24 25 26 27 28 30 33 35 36 35 36 38 37 35
29 27 29 31 30 29 31 30 32 31 30 33 35 33 34 35 34 35 34 32 33 32 34 33 34 32 31 33 31 33
647 649 648 87 650 653 654 658 661 662 659 657 658 656 653 650 83 84 85 80 78 80 78 79 77 86 648 89 644 89
222 331 329 327 330 158 161 280 162 279 277 284 324 227 323 339 338 228 240 281 238 163 161 162 279 161 162 163 281 282
551 558 553 552 548 551 549 562 560 556 554 558 560 587 585 579 577 604 607 606 608 609 607 609 604 607 610 611 609 610
633 634 632 631 628 627 628 630 632 630 628 626 625 624 622 621 620 621 622 624 622 623 622 623 625 623 625 626 625 627
191 192 199 198 195 182 192 194 199 342 321 227 284 322 200 197 354 349 354 351 199 339 228 320 309 305 203 204 203 207
161 163 279 278 280 163 237 163 165 229 321 229 340 342 345 344 346 192 348 194 348 185 186 184 188 349 347 192 350 354
354 199 338 324 228 282 163 162 159 160 280 163 280 277 279 163 166 168 165 163 279 163 281 279 161 277 161 159 161 160
57 53 58 53 54 51 50 49 54 49 48 46 44 43 42 43 45 43 44 42 43 41 39 41 42 43 42 43 42 40
110 108 107 109 110 112 110 113 112 109 108 109 108 110 111 109 111 114 111 113 112 114 112 110 111 113 112 111 114 116
149 145 149 151 152 153 154 151 148 147 148 150 153 152 151 149 145 143 144 147 145 144 143 144 147 149 145 143 141 139
214 299 210 200 197 358 355 354 352 357 359 395 393 391 390 392 393 397 400 403 404 413 414 411 406 404 405 410 414 420
336 337 226 223 327 335 334 328 224 336 175 173 335 170 325 170 336 167 169 335 336 171 337 325 331 332 222 218 222 333
655 656 653 656 659 658 661 660 661 663 660 663 661 657 658 656 654 652 82 81 80 84 87 89 90 647 645 90 91 93
472 471 470 468 470 468 470 472 473 472 473 471 473 472 470 472 470 471 473 471 472 474 475 476 477 475 473 475 477 478
654 656 655 656 659 657 662 657 655 653 655 653 655 656 657 660 659 657 661 663 666 667 664 666 662 664 661 662 664 662
106 105 104 105 107 108 106 103 101 98 635 636 634 636 634 631 629 627 628 627 629 631 634 637 638 640 95 642 94 639
313 243 247 260 257 274 271 273 287 285 275 284 263 259 260 242 239 315 318 309 305 242 306 206 190 202 344 350 342 317
414 420 425 427 430 432 430 436 439 442 441 442 446 449 452 455 452 453 456 455 456 458 460 461 460 461 460 461 459 457
322 199 192 348 349 347 203 344 346 349 352 349 344 309 342 347 345 202 350 345 344 346 343 305 264 322 264 262 264 242
463 464 463 465 466 465 463 464 465 466 465 466 468 470 469 470 471 469 470 471 473 474 476 475 476 475 477 476 478 479
546 570 571 546 570 569 563 569 575 600 603 608 611 612 615 616 618 615 616 618 615 617 618 619 616 617 616 615 616 619
248 243 244 261 242 311 313 311 313 241 242 244 249 253 250 255 257 260 262 305 343 319 343 346 344 309 204 252 250 248
49 54 50 52 57 58 53 55 54 59 61 59 62 57 52 53 54 50 47 50 54 53 52 50 54 50 51 48 51 56
591 557 596 552 554 555 558 556 595 557 551 603 598 599 572 599 600 576 571 569 548 558 561 550 546 549 559 588 561 560
218 174 215 177 212 326 225 285 283 227 226 266 269 288 290 291 288 286 327 329 221 290 299 214 298 290 224 225 285 284
274 285 275 285 262 285 286 265 284 262 274 259 258 253 256 259 263 243 307 305 242 241 261 242 244 311 307 244 243 261
109 110 113 111 109 111 109 112 111 109 107 106 108 107 108 106 107 108 106 109 108 109 108 106 105 102 103 106 105 106
178 213 176 171 172 176 215 216 173 172 333 325 328 289 290 218 215 174 177 215 176 336 177 324 335 174 171 175 214 292
167 336 334 332 334 223 286 285 276 261 260 253 254 260 253 248 253 246 263 259 260 249 247 242 309 307 263 284 227 240
435 438 440 442 441 442 443 440 434 430 429 433 434 438 435 437 442 438 435 436 439 443 440 437 432 430 435 433 428 433
519 520 519 521 522 523 521 522 524 522 524 522 523 522 520 519 521 522 520 522 521 522 520 518 519 520 522 523 521 522
115 113 110 107 109 106 104 101 104 103 102 101 99 637 96 98 639 95 640 93 95 97 98 101 98 97 640 97 639 640
56 54 56 51 49 46 48 45 48 53 55 59 60 62 60 57 60 61 58 60 55 50 48 50 47 50 53 49 50 53
337 169 338 339 321 230 319 317 320 199 200 193 192 184 347 350 202 308 312 316 314 316 319 316 312 313 314 246 314 263
15 17 18 17 18 16 14 15 18 19 21 23 24 25 26 27 29 30 31 33 34 35 34 33 34 36 35 37 39 40
566 568 563 586 584 588 583 563 564 571 576 572 574 548 569 571 574 564 571 569 562 569 564 566 563 565 563 586 567 566
441 439 436 441 437 439 175 177 172 174 214 217 218 222 223 290 218 174 218 221 288 329 332 330 158 330 331 325 223 226
401 403 401 404 413 402 410 416 418 421 416 415 419 413 417 413 417 422 424 422 423 427 425 420 425 422 419 413 412 408
182 192 349 187 190 344 346 187 188 346 191 204 206 205 252 247 261 240 229 237 233 230 320 341 343 309 318 231 167 338
585 584 582 584 587 590 595 552 559 556 559 552 555 551 544 546 603 607 606 601 598 601 576 578 600 579 583 593 591 595
394 391 392 395 366 362 359 395 399 396 395 396 398 396 397 399 398 400 398 395 364 363 396 394 395 364 366 395 398 400
32 34 36 35 36 37 36 35 36 34 32 33 32 33 34 35 37 35 37 36 38 37 39 41 40 42 39 41 39 37
371 373 374 375 373 372 374 376 378 381 383 382 380 381 378 380 381 383 384 382 383 385 384 383 386 387 389 391 394 391
227 324 224 272 288 273 270 269 301 210 213 212 326 289 286 226 285 258 275 281 241 315 312 316 242 239 238 282 276 261
479 481 480 482 481 480 479 478 480 481 480 481 482 483 481 480 478 480 479 480 482 484 486 488 486 487 485 483 481 480
317 309 306 260 248 249 247 249 260 247 259 265 266 226 266 264 259 256 254 257 270 267 265 207 190 184 187 346 203 202
206 203 208 181 211 299 214 212 177 212 298 211 212 298 294 295 292 291 217 289 225 289 301 289 221 330 158 157 158 157
382 383 384 383 380 381 383 386 388 387 386 385 384 383 385 388 387 390 387 390 391 390 389 388 390 393 390 387 385 383
141 140 141 140 142 145 144 145 142 144 145 144 143 141 143 140 138 137 139 138 137 136 137 138 137 139 138 137 139 141
221 218 326 329 331 327 225 336 166 162 166 323 321 167 322 229 320 340 197 355 357 358 356 361 365 364 361 356 361 358
223 220 217 219 218 216 214 174 216 217 215 214 216 176 214 297 295 293 292 299 209 191 345 346 185 346 347 201 208 181
461 458 455 454 450 453 454 450 452 455 457 458 460 461 458 459 461 458 460 462 460 458 457 454 453 456 453 454 456 455
44 47 50 55 51 52 51 54 57 54 53 49 50 47 45 43 41 39 41 43 41 43 42 44 42 43 45 46 45 48
88 87 85 82 81 83 79 85 76 88 649 85 649 84 83 86 84 83 80 82 79 77 86 83 79 82 81 80 85 652
575 548 564 588 562 563 587 588 583 585 582 585 563 562 549 545 571 564 583 563 567 569 561 588 589 591 592 588 593 584
618 615 617 619 616 615 617 619 621 623 625 624 626 625 623 622 624 623 622 623 624 623 624 622 623 624 626 624 625 627
457 459 460 458 455 456 454 456 453 455 456 458 455 452 453 455 458 456 457 458 460 458 460 462 464 462 464 462 460 458
244 243 244 241 306 203 306 242 315 317 320 340 323 324 321 167 338 322 231 320 339 193 184 182 185 201 347 187 345 203
615 614 613 616 613 611 609 604 573 548 554 553 554 555 595 552 599 602 603 608 607 611 610 607 609 608 609 607 605 610
669 666 668 671 670 666 664 663 664 661 659 658 659 657 658 657 660 662 657 651 657 655 656 657 662 659 657 652 83 651
670 672 675 676 679 678 675 678 677 678 676 677 679 678 675 673 672 674 670 668 670 666 669 672 671 670 672 668 666 665
151 149 145 149 147 144 145 144 142 143 146 147 144 143 142 140 141 144 143 144 146 143 140 143 141 140 139 140 143 142
101 635 98 99 638 635 632 633 635 632 633 632 634 633 635 636 633 631 630 633 636 637 635 100 102 105 107 104 101 635
440 437 436 434 430 423 431 434 429 427 426 423 430 433 431 437 441 445 442 447 445 443 442 447 444 439 433 431 427 425
526 527 525 524 525 526 524 523 524 522 524 525 527 529 530 531 529 527 528 529 527 528 529 528 529 530 532 531 533 532
153 152 155 152 154 152 149 145 149 151 152 149 147 149 151 150 151 152 149 150 147 146 143 140 143 144 143 144 141 139
412 417 420 419 421 415 413 419 414 411 404 410 403 400 366 369 365 368 369 368 372 373 372 374 373 375 374 375 372 373
134 133 134 132 130 132 133 131 132 131 130 128 130 128 130 128 130 128 130 128 127 125 124 125 123 121 123 125 123 122
319 315 230 340 342 340 200 199 322 321 240 235 319 230 232 229 167 229 238 233 231 318 342 341 231 341 193 196 193 192
593 580 584 590 589 583 584 580 594 592 556 552 556 596 595 599 554 553 559 588 590 592 555 552 557 556 560 564 586 584
502 501 502 501 503 505 504 503 504 502 504 505 507 508 509 508 509 508 509 510 509 507 508 509 510 511 510 512 513 514
289 212 298 211 177 335 173 171 336 334 333 327 225 289 288 221 223 286 284 263 307 243 244 312 242 260 261 248 249 252
622 623 622 624 622 620 618 617 619 616 613 614 615 612 611 608 603 598 601 606 610 613 616 617 616 613 610 613 612 611
80 85 76 74 72 91 642 644 646 89 74 76 74 89 88 73 74 76 73 74 88 72 91 90 88 73 76 75 73 75
353 347 345 344 203 342 321 341 343 310 315 310 309 316 318 317 316 317 311 243 248 244 314 242 311 307 263 242 316 311
105 102 103 104 101 98 100 98 96 94 642 643 640 93 644 645 642 93 96 639 95 640 97 95 642 643 645 91 645 642
125 123 121 123 124 123 125 126 128 129 131 132 131 133 134 135 136 134 132 134 133 132 134 135 133 131 129 128 127 125
65 67 65 63 61 62 63 60 61 57 59 56 52 55 57 52 49 54 50 53 48 45 43 42 43 41 40 39 42 43
157 160 158 159 161 278 281 279 276 282 278 160 162 160 157 153 151 149 150 148 147 146 143 140 143 145 143 140 139 137
35 37 35 36 38 36 37 38 40 38 39 37 38 37 39 42 44 45 46 45 48 50 47 49 52 50 51 54 52 51
104 103 100 635 632 633 632 634 631 634 637 96 637 638 637 99 636 98 638 636 99 101 98 100 103 100 99 100 97 96
352 354 350 344 190 346 347 349 355 351 354 197 199 351 346 348 350 345 187 347 187 346 349 348 192 189 192 349 348 190
383 381 383 380 379 377 376 375 373 370 371 369 366 365 360 355 352 356 351 353 348 344 350 354 356 361 357 358 354 353
510 509 511 513 515 514 516 514 516 515 514 513 514 515 513 512 513 514 516 518 517 515 513 511 510 512 511 509 507 505
611 614 611 610 611 609 612 613 616 619 616 613 616 618 620 622 621 623 621 623 621 622 624 626 627 626 624 625 624 626
175 172 326 212 337 324 225 285 263 306 243 310 307 246 307 343 306 203 202 203 206 207 301 209 303 267 269 287 272 266
272 270 547 572 599 600 598 596 594 580 593 560 596 591 596 599 594 580 584 581 593 587 564 560 562 561 548 564 549 554
396 398 366 398 394 396 395 359 357 359 395 366 363 361 362 364 361 358 354 352 357 351 201 349 186 189 348 188 191 345
270 269 265 258 285 225 324 227 239 237 229 340 199 338 177 169 336 327 332 335 326 286 223 290 221 327 218 219 289 218
458 455 457 458 456 453 456 457 458 457 459 458 459 456 457 455 458 456 458 461 459 461 459 460 458 460 459 458 460 459
202 193 179 209 208 180 300 290 222 218 216 218 217 219 222 287 270 267 208 300 211 179 337 179 337 322 324 224 325 334
459 461 459 460 459 461 458 457 458 455 452 453 456 453 452 450 445 443 448 450 448 444 443 439 445 444 442 443 438 437
625 623 622 621 623 621 622 621 619 616 613 610 609 606 603 599 572 547 550 572 545 550 552 551 561 588 559 560 588 590
639 640 639 638 99 102 101 635 100 103 104 103 106 103 106 108 109 110 111 110 108 109 112 113 110 108 107 105 103 104
278 161 280 277 282 237 238 237 163 238 240 320 235 318 310 344 191 192 194 354 194 183 189 345 350 343 205 305 207 266
495 494 492 491 490 489 491 489 487 486 484 485 486 485 483 484 486 485 484 486 485 483 482 481 480 479 477 475 473 474
418 415 417 420 414 408 404 409 410 405 403 400 402 413 407 413 417 419 416 415 414 415 417 420 416 418 414 419 420 424
90 73 88 76 75 89 90 91 72 71 69 68 70 68 70 69 70 72 90 92 90 643 642 95 638 636 633 635 101 100
238 281 239 229 235 234 231 236 233 236 233 236 321 229 167 324 285 223 325 171 177 336 337 322 200 198 338 178 180 211
341 340 321 240 264 283 275 258 261 258 263 315 309 343 202 344 201 340 200 322 230 322 325 327 332 330 329 219 220 289
18 15 17 18 19 17 18 16 15 14 13 10 8 11 12 11 8 7 10 12 11 10 9 11 9 8 7 10 9 7
20 19 20 19 20 18 15 16 17 19 20 22 21 18 16 17 16 18 16 15 13 12 13 15 14 16 15 18 17 16
342 203 308 243 245 246 311 244 242 245 314 240 283 275 225 284 263 285 287 273 284 283 282 229 323 229 165 236 234 232
497 498 499 498 499 497 499 500 502 504 506 507 505 507 509 507 508 507 506 507 509 508 509 507 506 507 508 509 507 505
268 270 287 285 266 265 306 308 243 261 246 247 242 308 305 202 346 188 184 181 183 194 185 189 185 184 348 185 191 184
339 228 263 260 259 276 282 281 283 284 227 285 303 304 208 192 180 179 193 184 185 186 347 203 347 344 341 322 200 340
199 320 315 317 319 315 310 312 316 314 244 260 259 262 305 309 310 342 310 307 252 253 252 249 253 258 261 260 254 252
145 149 147 145 146 147 150 152 150 149 150 147 150 153 150 147 148 150 147 148 151 153 150 152 151 148 146 148 149 150
552 555 556 552 551 571 547 553 559 558 552 558 554 552 547 545 547 270 271 286 285 226 324 226 338 178 338 323 336 170
583 578 600 594 592 558 549 560 561 549 561 558 551 571 546 551 555 599 596 599 595 590 592 557 591 593 598 603 598 602
41 40 41 42 44 46 47 48 53 54 56 53 57 54 51 52 53 49 53 57 59 58 61 60 55 50 54 53 49 50
409 415 410 403 400 401 404 402 401 399 400 366 365 366 361 363 394 398 393 398 396 397 394 391 390 391 390 393 394 398
668 666 670 667 665 666 670 668 670 669 671 667 669 671 675 673 671 675 678 676 674 671 675 671 675 676 673 672 670 666
253 254 255 256 265 286 226 266 273 275 283 264 240 318 232 229 237 229 232 233 238 237 165 227 226 326 337 336 169 339
657 660 659 661 657 651 648 85 648 86 74 87 649 84 82 652 85 84 87 650 653 654 655 656 659 658 654 655 653 656
568 567 566 568 566 565 562 567 564 561 560 556 554 556 552 561 550 555 595 557 595 556 558 592 597 577 572 547 569 565
504 502 503 501 503 502 503 502 500 498 499 497 496 495 496 498 496 494 492 494 492 491 492 493 494 492 493 491 489 487
673 674 672 668 666 665 669 667 671 673 672 670 672 675 677 674 676 675 676 675 671 668 671 669 668 671 668 665 666 667
614 615 616 619 617 615 618 620 618 620 621 620 621 620 621 619 616 613 612 610 611 609 608 604 573 603 606 603 546 550
169 166 338 325 337 226 274 272 273 271 286 326 331 328 331 329 220 219 327 326 331 330 221 289 292 298 300 209 211 302
261 253 261 276 261 253 252 246 251 246 261 247 248 261 276 285 286 324 167 321 232 321 229 231 339 322 228 323 227 240
395 366 363 394 396 395 364 365 367 369 371 373 372 369 370 367 370 371 373 370 369 367 364 358 360 359 361 359 361 365
424 425 426 421 420 422 426 423 427 430 434 437 440 442 446 445 441 439 445 442 441 440 444 449 450 449 446 444 445 449
25 28 27 29 31 32 33 32 31 29 30 29 31 32 34 36 37 38 36 35 33 32 33 30 31 30 33 31 30 32
200 191 346 201 350 343 350 345 308 345 191 185 346 192 191 186 185 201 199 202 350 348 183 191 185 184 182 185 351 344
370 369 372 369 367 363 362 361 357 354 350 192 351 347 185 347 187 346 185 201 190 202 206 208 205 265 305 265 205 265
578 580 598 594 580 578 581 580 581 583 579 577 580 584 593 592 594 593 591 594 598 596 598 600 577 578 580 583 588 559
545 543 540 538 541 542 539 541 542 545 546 573 571 570 546 573 604 601 579 597 593 592 555 557 595 552 560 557 561 560
142 145 144 142 143 146 148 146 148 146 144 145 143 144 145 142 141 139 138 136 138 137 136 135 137 135 136 135 137 135
584 589 590 591 588 587 582 579 581 585 584 588 584 593 560 557 593 590 591 589 590 584 586 566 569 568 570 548 573 603
666 668 669 671 675 678 676 677 676 677 675 671 669 672 673 672 673 674 671 673 671 672 674 671 667 666 662 666 668 664
538 536 535 537 540 542 543 544 541 544 547 545 547 548 575 570 575 574 572 548 564 587 564 587 589 592 555 556 552 555
213 176 336 175 173 172 175 170 338 199 341 338 321 322 229 319 318 230 232 236 164 237 165 161 160 280 162 163 161 162
220 288 327 333 335 324 212 209 180 212 180 212 337 169 176 172 171 325 177 298 177 172 174 335 175 172 326 337 168 171
62 57 58 56 54 58 54 59 61 60 61 59 56 55 50 51 55 52 55 51 55 60 57 55 59 58 412 413 416 412
471 469 467 465 463 464 462 464 462 464 463 465 463 464 465 464 466 467 465 463 461 460 462 461 462 464 462 463 465 463
503 502 503 502 501 499 500 501 500 501 499 500 499 498 500 499 497 498 497 499 498 499 500 498 497 496 498 496 498 497
617 619 621 620 621 623 624 622 624 623 622 621 623 624 623 621 622 623 624 625 626 627 628 630 628 630 631 629 627 628
250 251 254 260 256 265 258 260 254 260 252 256 260 252 205 343 306 263 284 262 282 277 281 163 162 165 166 168 169 338
594 600 602 600 575 570 548 564 549 547 551 549 554 549 559 557 558 557 596 593 580 584 578 573 574 572 569 571 550 551
627 629 631 630 633 634 636 637 634 637 636 99 100 97 94 97 99 638 637 636 635 637 639 94 95 639 97 100 101 99
264 283 274 283 274 273 284 276 277 280 237 235 232 234 238 280 164 233 164 163 161 158 160 277 279 278 282 277 278 160
442 444 440 435 436 440 445 446 444 449 444 439 444 441 436 441 437 432 435 436 441 443 444 438 436 431 426 429 428 426
444 439 175 336 168 166 163 164 166 168 165 163 281 284 281 282 165 161 163 166 163 280 276 261 242 262 306 265 266 264
6 8 10 12 9 8 11 12 9 8 11 10 9 7 9 10 7 6 7 8 9 10 8 11 12 11 10 7 8 9
67 65 67 69 72 89 646 87 77 87 75 88 89 91 645 89 88 73 91 93 642 93 641 642 92 641 642 92 90 646
620 619 617 615 616 614 613 612 609 605 610 612 613 612 609 607 606 605 607 608 604 573 570 564 561 559 549 560 593 557
425 426 431 426 424 426 422 425 424 422 420 414 410 404 403 402 403 405 410 413 414 416 412 407 411 415 410 416 414 408
85 79 78 77 76 78 79 85 77 86 76 74 76 75 87 646 649 646 88 90 72 69 70 72 69 67 65 64 65 66
60 55 51 48 53 57 59 58 60 56 54 53 58 412 417 422 421 425 428 423 430 429 435 431 434 439 175 213 299 291
86 649 88 72 89 90 644 89 645 89 645 642 93 644 643 90 91 643 92 645 92 93 643 90 646 649 648 651 657 662
431 435 438 442 445 440 437 433 435 440 445 441 440 445 450 452 454 452 450 454 451 452 447 446 441 440 443 439 440 443
308 342 345 343 205 190 183 180 179 337 167 231 167 322 339 338 228 338 168 169 325 331 326 327 218 214 298 297 292 295
328 334 173 171 337 178 211 180 300 291 294 295 298 211 302 211 177 214 217 291 288 272 270 266 272 265 259 265 205 306
391 393 392 393 395 398 396 399 395 398 366 364 360 358 357 353 352 357 354 194 180 208 301 290 298 293 298 177 179 193
87 77 80 82 81 79 84 652 650 84 85 83 79 82 81 80 85 86 88 86 77 80 83 80 82 80 78 75 77 86
287 286 224 336 323 337 168 336 176 214 291 290 300 299 214 213 177 337 178 337 176 325 178 211 302 206 202 192 181 179
5 3 1 3 2 3 4 3 2 4 1 0 2 3 2 4 1 4 5 7 5 7 8 6 4 1 2 1 0 3
2 1 0 2 4 6 7 6 8 7 8 6 7 10 13 12 14 12 13 14 16 14 12 9 8 6 8 6 7 5
225 272 224 333 170 337 321 319 229 235 239 235 232 319 341 305 203 191 206 190 208 180 192 203 205 204 202 206 209 212
13 10 11 9 11 10 12 14 12 14 12 9 11 8 6 5 6 7 9 10 8 10 11 13 15 16 18 17 18 21
455 458 455 458 460 462 464 466 467 468 469 470 468 470 469 470 471 472 470 468 466 465 467 465 467 468 466 465 466 464
230 321 319 316 315 314 316 312 308 203 343 203 208 202 305 204 344 203 306 206 304 343 320 317 308 242 248 245 249 260
554 548 560 561 553 552 549 561 558 556 553 557 553 559 557 592 557 551 557 555 599 552 549 554 558 556 596 600 579 600
475 474 473 472 470 468 466 464 462 460 462 460 458 457 454 455 454 453 454 453 449 447 452 450 449 446 448 444 446 447
398 396 363 361 366 400 403 404 413 408 413 416 414 410 407 411 407 404 409 413 419 414 409 405 409 406 405 403 401 399
619 617 618 619 621 622 623 622 623 625 624 622 623 622 620 621 619 621 620 622 620 618 620 621 620 622 620 621 623 622
325 334 332 335 174 216 219 221 329 327 221 328 222 221 223 326 329 222 332 327 223 332 326 287 224 225 273 288 271 270
465 466 468 470 469 467 465 467 469 468 466 464 466 467 469 471 473 471 470 469 470 471 470 469 471 469 470 469 470 472
323 336 177 174 172 176 324 167 338 166 169 166 338 169 335 169 177 211 300 303 265 306 309 307 246 243 263 305 262 284
407 409 405 409 408 413 408 409 412 417 412 417 419 418 419 415 412 413 404 402 399 398 395 396 393 391 389 391 393 398
55 56 51 49 50 47 44 42 43 45 48 51 49 51 49 52 50 53 52 50 55 57 55 51 55 51 49 54 50 48
570 575 572 549 545 571 564 548 546 547 570 561 552 547 573 576 578 573 571 564 571 568 566 565 569 566 565 571 550 553
405 409 408 412 414 416 413 419 424 422 423 425 428 423 431 429 431 436 435 436 435 429 432 430 428 427 428 427 430 436
638 637 638 96 93 96 641 638 641 92 645 92 642 94 642 640 637 640 638 98 638 640 95 93 96 638 640 639 637 98
648 646 643 644 647 89 90 88 90 88 645 646 644 93 640 96 98 100 97 95 98 96 638 95 93 92 93 642 93 92
107 104 106 105 106 105 104 105 107 110 113 116 113 110 112 113 111 109 112 111 112 113 112 109 106 108 107 110 109 107
349 345 187 345 310 312 314 313 314 312 308 316 310 342 308 345 346 192 348 351 357 360 358 357 351 200 202 304 203 344
610 612 610 606 610 611 613 616 619 618 620 618 615 612 610 606 601 578 580 578 580 596 591 595 599 554 555 551 596 583
50 53 56 54 53 48 51 49 48 51 56 61 56 61 56 61 58 59 60 55 60 58 53 52 55 53 49 53 49 54
262 261 242 244 311 318 314 242 306 252 249 247 253 250 251 246 308 314 240 320 341 322 227 324 212 326 324 335 218 219
36 34 33 31 33 32 33 34 36 38 37 38 37 38 37 36 37 35 37 38 39 40 39 42 43 42 40 42 43 41
179 178 180 179 211 177 324 228 264 227 264 259 264 304 207 304 303 266 304 202 203 205 343 307 204 307 311 242 262 306
75 88 649 85 84 86 650 652 84 79 82 85 83 652 82 80 83 80 84 81 79 80 78 77 85 84 79 80 83 81
426 427 430 434 431 430 428 429 431 435 434 430 429 428 433 431 435 434 428 423 418 416 412 411 410 405 402 413 409 412
549 550 553 549 570 572 552 548 552 599 597 601 576 603 606 602 604 601 598 600 576 573 546 545 544 550 545 547 548 572
133 131 129 128 126 128 126 125 127 125 124 125 123 121 119 116 118 115 116 117 116 119 117 116 113 112 113 114 117 114
205 265 226 324 326 172 176 169 172 171 178 213 299 290 301 267 301 300 298 294 298 291 288 289 219 327 222 331 161 282
154 156 158 330 328 224 222 331 334 176 172 169 337 177 175 215 171 337 325 335 169 177 298 214 215 171 215 218 219 223
45 47 44 45 43 45 44 46 47 44 42 40 42 41 42 39 41 40 39 41 40 39 37 36 37 36 38 36 38 40
358 354 357 351 342 318 319 310 309 204 205 343 204 342 203 190 207 303 209 267 268 302 266 265 304 264 226 223 221 288
445 450 454 453 451 448 445 448 443 448 446 450 451 454 456 458 459 460 458 456 457 454 455 457 455 457 458 460 461 459
242 305 262 258 267 266 287 270 257 259 253 260 252 255 253 251 255 251 253 257 270 273 258 256 258 260 256 258 255 256
416 410 414 419 417 422 418 414 418 417 415 409 415 410 405 407 413 408 407 413 416 418 417 411 415 416 415 420 419 415
607 603 573 603 604 573 569 548 551 571 565 567 568 565 563 561 557 550 553 560 557 596 557 549 550 553 550 571 548 569
183 190 183 193 340 322 228 240 241 240 230 235 239 230 322 226 224 287 266 285 272 271 286 326 174 218 216 218 223 219
422 426 430 431 427 430 435 438 434 432 435 429 431 426 424 422 424 423 427 429 434 431 426 423 418 416 419 418 413 419
596 580 594 580 583 588 596 557 552 599 604 601 578 580 581 584 585 581 579 584 580 581 584 578 573 574 577 582 579 580
108 109 108 107 104 106 108 106 104 107 108 109 108 109 106 109 111 109 107 108 110 113 114 116 115 116 119 120 118 119
148 151 148 147 144 146 148 146 147 150 152 154 153 155 158 160 277 278 283 226 336 167 336 326 222 326 222 219 329 326
540 539 541 538 536 537 536 538 535 537 538 541 543 545 549 554 549 565 564 560 587 585 579 581 593 583 586 582 586 567
61 60 58 61 58 57 60 58 62 58 53 56 53 50 49 54 56 60 58 60 63 59 61 62 63 61 60 57 56 52
564 549 559 558 560 589 584 588 586 562 569 548 573 604 609 604 577 576 578 574 569 566 569 568 567 569 575 548 560 548
47 48 51 53 56 57 54 53 48 47 45 47 44 45 48 51 55 58 62 58 55 51 50 49 54 50 47 48 50 48
486 487 489 487 486 488 487 489 490 488 486 485 486 484 485 486 488 487 485 487 485 487 489 487 488 486 485 487 489 491
410 416 418 420 417 412 410 407 405 402 410 412 414 415 418 422 418 420 422 420 415 410 413 402 403 402 405 403 405 407
276 283 277 282 161 165 236 235 229 320 340 319 320 323 284 324 325 323 321 200 340 231 234 230 229 165 164 162 163 282
485 486 487 486 485 487 485 484 486 487 489 491 493 491 493 491 492 490 488 486 485 483 481 479 480 482 481 482 480 479
97 96 94 97 640 643 646 87 76 74 88 647 644 89 91 642 95 97 640 637 97 100 101 635 634 637 639 98 635 634
374 372 371 372 370 372 371 373 374 375 373 374 373 371 370 372 374 372 368 365 367 369 371 368 372 373 370 367 364 360
281 284 228 241 283 276 285 303 265 285 274 265 264 261 276 280 277 161 279 160 158 156 158 331 332 222 334 328 288 225
48 53 52 51 53 56 59 60 55 51 50 47 44 42 41 42 39 41 40 38 36 35 34 35 33 30 29 27 24 22
128 130 129 131 129 130 131 129 128 126 127 126 125 126 125 124 125 124 122 124 122 123 125 127 128 130 131 129 131 133
207 301 211 297 293 290 220 219 222 331 328 332 330 222 219 216 175 336 177 215 217 214 299 209 191 209 210 211 297 291
521 520 519 518 520 522 520 522 523 524 522 523 524 523 525 523 524 525 524 526 528 529 528 527 528 526 528 529 530 528
233 238 240 263 308 309 306 260 261 276 280 276 285 324 286 327 331 158 157 159 162 279 280 238 233 236 240 263 305 343
560 563 569 572 570 561 557 552 551 546 545 550 556 558 560 592 556 552 561 557 551 552 592 555 552 554 599 552 557 554
210 200 343 206 190 348 352 185 193 202 348 193 184 183 184 193 347 344 351 346 350 201 344 343 342 199 200 193 339 337
537 535 537 536 535 537 540 542 544 547 550 555 592 591 593 583 592 556 592 595 590 593 586 587 583 589 587 593 580 597
642 92 641 95 98 639 640 96 640 97 98 635 100 99 637 634 635 101 100 98 638 637 635 638 640 643 640 95 97 640
468 466 467 466 464 465 467 469 467 465 466 465 464 463 465 463 464 463 461 460 458 460 461 462 461 460 459 456 455 453
448 451 453 452 449 447 443 438 444 438 432 430 426 423 424 425 420 423 431 433 430 428 434 435 439 175 176 334 327 324
392 394 397 400 403 402 400 366 365 361 364 367 370 366 362 395 364 358 361 358 353 354 355 349 345 310 317 342 343 315
604 573 546 543 541 540 537 539 540 537 540 538 539 538 536 539 540 539 536 537 535 536 535 534 532 530 532 530 531 529
377 378 381 382 380 381 378 377 378 377 376 374 375 377 379 381 378 379 378 380 383 386 389 388 386 383 384 382 383 384
493 491 490 492 493 494 495 494 495 493 491 492 491 492 494 495 494 496 494 493 494 492 491 492 491 490 489 491 490 489
478 476 478 477 476 477 476 477 475 473 475 474 475 474 473 471 472 471 469 468 466 464 462 463 465 466 467 469 467 465
580 582 597 592 558 553 557 593 597 598 600 605 607 604 602 606 604 600 602 596 580 582 585 588 586 567 586 587 563 559
68 69 68 67 68 69 67 66 65 64 63 60 63 64 62 59 55 57 58 56 61 59 62 63 65 64 62 61 56 52
155 153 157 158 159 161 163 164 233 234 238 281 241 243 312 245 246 306 304 263 315 242 244 307 308 314 309 341 198 339
147 144 143 144 143 142 141 139 141 142 140 143 142 144 147 145 147 149 147 149 147 149 150 151 152 151 152 153 151 149
