147 161 150 180 201 200 195 203 201 196 179 177 134 138 135 179 132 131 182 192 190 193 190 184 214 188 190 164 201 181
19 113 58 75 69 16 68 70 69 60 40 35 40 36 88 89 88 131 182 134 178 195 203 190 166 168 143 147 123 124
39 42 60 75 114 59 114 108 109 91 107 90 87 34 42 72 62 72 60 42 33 316 318 296 317 28 26 69 60 68
315 273 315 33 313 302 301 274 297 299 258 232 256 215 213 233 231 258 170 129 172 171 185 165 187 186 216 173 131 183
297 320 315 43 66 41 313 302 261 273 278 295 321 294 320 29 27 45 319 30 82 81 46 47 30 44 315 295 277 253
71 66 72 68 65 69 16 19 16 69 18 17 20 17 15 70 67 321 43 31 29 315 313 323 63 59 61 39 304 271
180 179 139 174 177 182 184 214 185 168 148 184 193 175 131 139 88 131 175 178 174 173 133 151 137 135 137 89 92 116
340 339 340 338 340 338 337 339 336 333 331 332 330 329 326 312 303 263 261 221 219 217 173 132 140 129 84 300 30 316
130 86 95 103 82 84 131 172 192 201 164 190 207 211 207 229 237 250 288 250 237 286 283 287 282 286 237 239 206 204
320 316 314 33 313 314 34 302 271 281 261 281 290 281 292 294 316 299 293 295 298 301 34 36 307 308 39 42 58 43
324 291 292 279 290 288 281 292 279 324 292 324 321 66 67 59 74 75 22 73 113 19 21 112 20 75 56 46 55 56
66 67 28 319 45 67 321 294 323 302 260 259 302 312 325 327 325 322 315 322 324 279 257 235 236 238 229 228 229 239
307 39 306 310 304 312 35 304 309 312 302 271 279 295 314 294 296 294 278 253 274 278 280 273 301 321 33 300 277 295
138 153 94 95 128 97 100 145 125 143 126 99 79 54 99 125 123 144 187 166 186 165 146 123 147 169 147 141 127 95
171 170 186 165 184 191 213 232 213 216 257 233 253 280 252 253 255 275 278 279 253 233 235 255 232 215 212 233 215 187
170 217 191 183 131 182 192 194 175 172 129 143 146 170 217 218 261 262 219 175 131 171 217 229 227 239 245 247 238 237
311 303 34 42 85 93 85 82 43 32 299 296 277 253 277 296 319 45 28 25 75 60 67 43 30 56 45 44 86 139
11 12 10 8 9 11 12 10 11 8 7 6 5 4 5 4 2 5 4 5 7 9 10 12 15 14 16 15 17 14
14 16 15 12 13 12 13 12 15 13 10 8 9 8 6 5 4 6 8 10 12 9 6 5 2 3 2 3 4 2
235 272 260 272 261 219 239 237 209 213 212 235 210 209 210 212 187 168 165 145 147 125 123 145 126 98 102 94 116 107
24 20 24 21 76 19 20 23 19 69 23 58 75 59 66 59 75 59 113 20 19 76 113 109 112 21 24 26 55 26
37 41 38 306 305 36 42 32 301 299 293 276 254 277 293 292 278 293 292 291 326 309 263 281 292 294 296 276 293 277
146 186 190 188 213 232 275 316 318 277 316 297 320 30 29 300 297 299 319 298 319 66 43 315 44 32 34 33 314 322
140 174 176 220 268 261 228 238 247 239 244 240 224 222 224 176 132 174 181 197 200 199 195 192 186 192 206 203 195 203
185 186 146 170 171 169 143 100 123 124 125 168 127 95 82 57 56 77 44 55 48 50 51 48 52 47 54 82 29 81
204 183 172 175 179 181 134 177 179 133 181 202 193 204 185 172 185 187 232 253 278 314 312 263 312 261 260 216 258 272
195 201 162 161 163 166 165 163 164 202 165 192 164 169 188 189 211 213 186 184 194 198 202 191 204 185 170 186 169 146
201 196 202 165 145 169 129 97 103 85 97 101 97 80 99 79 98 53 27 81 29 319 27 319 315 30 317 29 27 49
1 3 2 0 2 4 5 8 11 14 17 15 17 69 25 28 319 66 41 35 60 73 75 114 106 92 108 74 111 91
215 216 230 236 228 226 228 261 219 224 240 244 208 211 207 190 191 207 209 235 250 230 213 190 192 194 197 181 180 133
63 60 111 75 25 69 58 57 82 53 82 57 74 108 112 111 106 108 114 116 118 101 100 125 97 128 141 95 94 84
212 231 215 189 192 205 203 190 207 208 205 202 200 197 196 200 202 183 205 206 205 243 207 206 208 210 231 237 217 219
226 218 216 218 226 242 243 246 237 235 237 230 231 213 170 128 127 168 145 165 189 211 213 185 167 168 128 82 53 98
17 18 74 23 21 20 24 26 76 116 106 115 93 57 45 81 80 54 45 84 128 142 171 229 191 207 229 260 257 235
247 239 241 245 248 239 249 237 250 252 253 275 277 274 258 302 279 299 259 279 300 317 315 303 314 302 35 33 34 36
288 289 291 294 318 30 27 31 29 317 45 43 63 42 41 313 35 37 305 40 60 35 40 35 60 59 72 22 113 111
12 14 11 13 15 14 70 16 69 25 75 20 75 26 75 112 115 105 119 95 87 131 142 141 150 130 84 301 321 33
38 305 40 63 67 28 45 58 44 32 43 30 82 46 44 57 55 44 26 76 58 43 82 96 99 100 97 120 99 101
203 164 147 163 147 168 171 259 271 288 291 281 263 264 222 267 263 310 327 324 279 252 233 256 234 273 256 215 257 276
309 311 308 304 305 302 33 31 82 48 27 30 56 26 58 77 75 43 315 314 323 63 64 71 61 73 75 60 65 61
211 189 231 255 234 272 216 273 275 279 275 274 272 258 215 170 186 184 193 192 183 217 259 216 184 204 184 182 192 165
228 229 215 170 169 170 169 128 142 130 94 104 102 94 104 115 93 104 119 99 119 103 96 131 95 82 56 80 77 44
318 298 273 261 221 265 309 307 310 264 310 307 308 307 37 39 63 72 58 57 59 112 115 106 90 107 93 86 96 129
94 139 159 150 153 137 153 118 120 122 121 119 156 117 118 115 92 86 139 94 130 143 124 122 147 168 186 166 169 188
291 326 281 252 278 275 277 255 275 259 271 289 330 289 287 290 328 327 281 287 285 282 270 287 284 268 271 312 323 304
192 205 208 212 187 188 185 165 169 147 167 189 187 214 231 210 212 256 253 280 272 257 259 260 259 216 214 184 148 145
100 127 124 100 127 96 94 95 82 81 29 28 47 81 53 81 29 30 57 58 22 25 56 77 22 69 66 71 16 69
160 158 139 179 135 180 133 132 182 140 151 160 159 160 152 138 151 158 153 104 87 95 119 103 156 104 156 102 96 104
299 295 297 296 278 295 278 279 293 279 295 298 29 31 47 55 31 27 24 69 58 45 46 82 103 101 122 121 127 130
217 237 227 175 218 229 257 235 252 272 271 301 274 257 254 257 254 232 234 212 233 236 251 286 283 289 283 281 312 314
330 329 330 331 334 336 334 337 335 338 340 339 340 341 339 340 341 340 341 339 337 338 337 335 336 335 337 340 337 335
21 23 22 18 73 17 18 20 18 24 26 45 47 81 99 82 32 86 132 153 92 94 96 101 118 119 102 140 139 150
112 113 106 114 73 17 14 16 18 73 22 23 27 57 105 95 102 97 126 125 97 84 86 88 93 103 117 106 113 22
139 138 133 181 173 140 132 136 87 105 95 94 116 93 86 92 136 138 156 103 93 85 97 126 124 143 97 143 142 150
321 302 304 302 323 305 311 304 310 304 307 40 60 58 43 34 37 39 305 34 304 303 314 323 321 33 34 33 302 314
77 24 25 26 28 30 43 85 33 43 58 57 74 110 108 110 111 75 56 22 112 115 76 75 69 58 77 114 21 113
332 335 338 336 337 336 335 334 337 340 338 337 334 336 339 341 339 338 337 339 336 339 341 340 337 336 334 331 332 335
331 332 329 326 310 305 307 40 37 41 33 303 35 39 307 37 38 306 264 261 273 292 290 281 292 279 292 279 275 273
184 190 166 187 190 203 195 198 196 202 192 205 207 229 237 228 237 286 251 249 229 227 238 248 237 207 238 247 245 244
283 290 291 289 283 270 288 286 249 251 254 253 235 229 207 209 189 167 166 168 147 164 190 204 202 164 148 143 144 126
22 58 43 32 83 46 83 130 150 130 131 182 176 174 179 175 218 220 240 245 248 246 245 243 241 245 240 238 219 177
300 31 33 58 43 85 43 67 27 53 48 49 54 98 97 54 45 55 47 52 79 55 79 98 84 85 102 104 102 100
131 129 127 125 100 123 101 98 96 102 122 127 145 142 144 147 166 169 187 185 214 188 187 214 171 142 144 168 167 144
59 61 71 15 71 62 71 60 58 33 84 32 303 262 304 36 306 304 305 303 41 65 71 15 17 14 16 18 23 56
255 257 214 189 190 185 167 185 165 189 212 234 255 233 231 216 236 252 253 278 277 300 279 275 316 321 67 71 63 305
302 299 302 279 278 272 269 271 289 328 327 281 289 271 263 270 272 216 273 260 258 232 216 231 209 208 209 249 286 269
194 181 133 176 220 261 220 225 240 245 243 244 243 206 241 225 221 224 221 220 217 237 234 235 251 231 214 211 214 209
293 291 281 280 278 276 273 216 258 259 258 215 260 259 301 303 304 306 309 265 269 270 282 250 288 291 326 324 290 291
93 92 116 104 94 102 119 94 103 118 105 107 108 74 69 23 69 16 14 13 12 10 9 11 12 11 9 11 14 17
303 42 75 111 73 72 69 73 72 18 73 60 61 36 34 314 33 303 32 30 26 58 75 22 25 24 21 76 105 116
113 107 90 93 107 91 107 111 113 105 76 105 104 118 157 160 151 155 153 138 151 140 129 97 95 131 138 154 137 88
126 97 81 44 31 301 43 32 314 271 261 303 301 313 302 300 273 277 296 297 315 322 323 311 324 310 265 262 218 173
118 157 159 138 88 139 151 154 151 158 120 118 115 75 25 22 24 23 22 57 58 43 66 41 34 43 75 73 60 58
40 37 36 86 92 105 115 113 59 58 22 112 20 19 72 59 35 36 306 265 263 267 264 263 220 218 229 216 232 233
186 192 195 197 195 201 195 182 180 195 203 183 184 204 203 192 186 171 215 186 171 218 176 179 195 194 192 164 165 184
165 147 161 122 123 121 122 147 166 189 186 146 123 124 127 83 55 57 76 56 58 66 43 82 45 26 30 319 26 24
58 57 22 74 58 23 19 112 22 76 23 25 27 29 298 296 320 317 45 55 48 49 47 50 54 78 79 80 53 54
136 139 141 142 141 151 141 140 130 84 171 183 192 189 190 165 191 188 146 162 161 159 151 160 161 151 132 88 133 135
198 197 201 200 195 181 176 223 219 223 219 239 247 246 247 249 209 245 247 237 236 229 257 216 231 212 189 207 246 243
31 317 315 303 263 303 41 73 62 66 322 313 33 32 300 275 299 293 278 291 293 294 295 322 316 31 301 299 30 48
196 200 195 196 194 192 202 191 189 190 193 184 129 141 127 98 96 85 34 304 310 264 268 269 284 283 281 287 250 285
168 170 213 216 172 132 139 86 131 183 219 260 230 231 258 232 233 213 188 167 187 188 213 187 213 211 189 191 215 230
254 232 275 254 235 272 261 312 311 326 327 325 324 313 303 33 43 32 300 317 47 55 53 47 27 23 27 53 27 23
96 131 85 43 33 35 306 304 39 38 40 34 43 315 33 34 41 313 325 312 35 312 314 271 268 271 262 228 246 239
137 136 132 94 86 42 60 41 43 57 76 59 69 72 70 15 18 17 14 16 70 14 71 66 67 70 14 12 14 70
81 27 55 30 315 323 314 313 35 307 38 40 37 39 35 302 279 253 232 235 251 231 255 254 257 214 209 214 189 186
338 337 336 334 337 340 339 338 335 332 329 332 334 335 333 330 331 327 326 291 288 291 278 255 251 237 252 234 212 231
229 216 213 231 211 214 232 235 209 211 212 214 229 235 250 285 283 288 285 249 239 245 240 242 239 238 229 260 257 272
296 320 323 325 310 308 306 305 63 42 33 32 42 75 58 59 57 58 69 73 41 66 320 323 63 59 74 73 61 59
82 127 125 99 126 129 144 125 147 141 149 150 140 173 142 171 183 203 200 199 198 199 202 204 194 200 194 201 198 195
216 261 301 298 276 273 260 258 300 273 256 255 254 233 235 233 256 259 272 235 256 257 216 236 234 251 253 251 253 279
231 230 273 261 219 228 246 241 207 238 284 269 268 261 259 302 312 263 303 315 43 42 59 63 67 63 323 304 261 221
28 46 27 46 52 54 79 98 143 149 143 147 124 125 121 101 124 125 101 126 83 84 129 172 218 173 132 134 180 182
29 316 33 31 316 319 316 277 274 272 216 229 227 218 216 258 257 255 274 260 271 301 260 257 229 217 237 286 249 235
79 54 46 49 51 49 47 48 50 54 49 29 316 318 28 316 295 322 314 30 57 42 63 65 60 67 70 15 12 11
98 126 98 84 83 55 47 80 101 141 150 139 150 157 138 137 89 88 89 135 180 195 180 182 196 179 196 194 198 196
263 269 270 262 283 269 285 238 228 237 246 244 204 190 214 217 214 184 185 229 216 273 300 302 323 314 279 276 278 292
222 268 261 269 261 262 219 177 222 267 284 268 283 289 326 329 289 291 292 277 274 256 230 237 251 237 207 244 243 206
30 44 45 47 53 27 57 82 85 34 313 321 322 67 25 68 18 17 72 61 65 66 320 294 297 316 33 304 312 261
127 141 173 171 258 299 319 30 301 259 275 259 257 215 213 211 189 187 144 142 185 193 205 243 245 246 208 212 189 167
191 203 192 190 213 187 212 210 235 255 252 237 217 216 185 172 192 204 205 245 242 243 240 242 244 245 247 207 190 206
92 105 103 121 97 120 103 119 117 105 87 132 140 141 151 156 157 159 155 152 138 153 117 104 87 34 35 303 35 303
161 163 164 147 123 120 123 142 170 214 232 236 235 254 251 231 233 236 250 248 240 247 240 245 209 214 213 190 187 188
266 263 271 314 294 320 295 299 278 275 273 259 218 227 240 226 227 220 226 239 205 204 191 192 194 197 201 194 192 184
57 27 28 320 317 319 27 26 57 95 85 84 33 84 81 53 79 99 119 104 94 102 95 93 90 40 37 90 106 88
110 113 106 113 58 22 77 81 78 82 32 83 30 28 319 26 69 25 75 77 114 92 104 92 136 131 174 194 197 199
149 140 131 136 179 195 180 198 199 201 203 192 184 183 195 200 196 201 199 201 162 165 147 168 171 170 213 210 211 231
214 186 190 207 208 209 214 215 216 231 217 231 237 247 244 204 183 172 218 229 235 212 256 253 233 236 231 234 253 254
275 299 296 294 297 300 302 305 63 65 62 61 74 23 18 15 18 71 61 36 61 59 107 105 91 87 94 88 91 93
246 243 240 227 229 214 171 214 230 252 250 238 284 288 286 270 261 268 271 301 31 33 303 302 272 271 302 273 275 299
336 333 331 289 282 236 216 231 255 233 213 186 188 166 167 170 187 215 232 214 170 167 186 167 168 188 185 142 130 128
106 87 36 38 41 61 59 36 39 62 41 59 41 303 306 307 309 304 265 268 263 269 285 248 239 248 236 230 235 214
252 280 272 278 280 279 290 271 262 218 216 261 268 270 288 250 288 280 253 230 216 258 275 253 231 255 254 278 280 271
313 35 40 60 42 33 30 46 54 81 45 44 56 77 46 52 55 27 55 30 320 29 45 81 47 82 96 128 85 84
322 315 44 42 75 73 58 41 34 44 78 53 49 29 82 56 47 50 47 27 25 67 59 71 63 72 42 32 44 59
83 44 30 32 303 312 326 312 324 313 34 305 303 323 322 314 34 86 89 91 111 61 41 43 41 64 313 325 311 312
72 18 20 19 18 20 23 18 68 71 64 323 315 303 301 34 85 57 43 315 322 312 314 30 46 47 45 48 55 46
251 230 212 232 254 251 231 214 191 183 227 183 203 194 197 195 197 180 178 180 150 133 179 176 224 220 228 240 246 248
248 240 248 228 246 208 209 230 259 230 259 271 259 299 275 273 252 279 253 278 291 272 279 274 257 231 217 185 192 202
9 6 7 9 11 13 11 13 14 17 16 13 10 11 10 13 11 14 70 68 26 29 27 45 56 46 45 30 301 32
49 47 31 317 29 32 303 311 313 321 319 322 321 64 323 326 271 281 283 269 265 263 311 304 324 292 277 297 299 301
78 80 99 127 98 81 53 79 78 98 53 27 77 27 53 52 55 52 46 44 315 67 58 56 78 76 78 57 23 19
144 143 144 148 145 166 187 185 190 185 186 184 215 231 216 273 315 317 47 45 47 53 47 80 52 46 56 77 46 98
218 219 218 259 216 218 262 264 306 39 38 40 59 63 39 61 71 68 72 63 313 323 326 312 304 312 314 299 273 316
274 253 252 233 235 212 187 191 229 230 272 262 260 229 227 241 225 222 177 182 192 206 241 243 246 240 223 220 263 281
109 111 106 117 106 111 114 107 112 110 107 111 114 106 109 110 111 59 33 316 296 293 292 322 315 273 255 251 234 258
178 177 221 263 220 226 223 222 219 223 176 220 217 236 209 229 259 273 256 274 272 236 260 303 41 40 59 114 58 60
167 144 127 143 98 53 98 55 29 320 299 275 259 301 259 299 277 294 316 298 318 299 316 32 30 298 296 278 252 288
84 300 302 261 271 260 236 235 250 286 238 241 225 221 268 262 268 267 270 262 281 312 271 279 324 310 306 307 306 264
122 147 149 158 139 132 175 221 265 262 283 288 286 283 271 303 301 298 318 321 295 297 295 279 257 214 171 184 140 133
115 116 94 132 137 134 133 151 140 131 141 139 150 140 138 153 158 149 143 96 142 185 186 171 128 127 141 140 173 130
187 190 213 190 204 185 171 259 218 217 227 223 227 239 225 226 242 239 238 286 287 284 287 252 255 256 233 210 208 244
56 22 73 69 16 19 113 115 76 57 32 303 261 219 221 222 224 240 239 248 228 218 171 130 85 57 76 78 55 52
337 340 337 339 340 337 340 338 335 332 331 332 333 335 333 332 333 335 333 335 332 335 332 330 333 336 333 332 331 334
15 13 15 13 15 16 69 26 25 26 76 116 76 115 117 93 105 118 105 92 95 87 131 88 153 139 135 139 179 180
76 114 113 58 114 93 104 106 87 131 174 194 200 194 197 181 134 174 219 261 262 282 286 281 286 288 270 288 285 249
326 323 305 302 315 67 43 32 300 274 316 33 303 260 270 262 303 32 315 318 321 68 72 59 72 18 68 64 60 67
292 280 293 296 320 66 65 41 34 37 38 39 38 41 59 43 57 78 76 77 44 42 59 60 64 62 41 38 307 38
243 226 240 247 249 239 226 240 207 204 184 142 162 147 148 163 161 158 160 162 201 199 200 195 198 200 198 200 201 180
95 96 103 85 87 132 175 133 177 221 220 262 218 238 219 224 177 176 134 181 194 183 217 258 272 280 274 252 273 272
182 192 172 169 127 84 300 301 273 255 278 257 217 258 215 212 235 210 209 189 231 233 231 251 254 257 232 254 255 273
310 263 267 266 268 220 270 262 270 286 237 239 246 206 241 224 222 223 227 240 238 220 262 268 266 221 218 229 217 214
208 245 248 286 248 240 247 244 204 193 185 189 188 191 229 246 238 246 239 249 209 249 230 209 230 273 299 316 317 48
73 40 34 86 32 314 34 37 305 263 305 39 61 65 67 315 320 297 296 293 277 276 256 275 273 230 252 272 271 279
32 30 316 314 322 325 311 303 304 314 300 277 278 257 233 215 169 184 173 218 238 230 215 257 254 274 272 302 300 317
329 330 327 310 328 327 324 294 292 273 291 289 280 278 299 259 216 171 218 229 214 170 171 168 143 101 80 82 98 82
181 176 222 267 266 264 261 272 270 220 227 221 219 262 265 266 265 268 222 220 224 177 222 267 263 271 269 283 290 282
227 229 239 205 204 184 182 139 173 182 174 177 134 174 131 172 184 165 192 204 202 162 201 195 193 202 195 198 203 194
124 123 126 82 32 300 299 279 293 292 280 292 279 301 43 84 98 96 86 96 100 80 78 81 56 77 80 97 55 78
164 166 145 143 170 217 185 193 195 181 202 194 196 195 193 173 176 178 180 181 201 197 200 194 180 150 141 101 79 82
237 217 236 209 231 234 276 275 274 256 230 252 282 271 269 268 264 270 261 303 315 273 259 256 232 233 253 233 253 276
259 261 262 269 286 250 249 235 212 230 218 270 271 281 292 278 274 276 234 272 229 219 238 241 193 173 141 95 130 148
206 205 193 204 207 247 226 225 240 244 242 226 227 173 183 191 215 212 233 257 258 255 234 214 231 229 214 209 189 190
317 30 319 316 31 83 128 145 166 165 168 170 187 213 186 146 144 127 128 144 123 148 141 96 101 121 101 118 156 154
141 123 126 142 145 143 171 215 191 194 201 181 195 200 197 195 199 195 198 194 198 194 195 181 179 178 180 134 174 176
143 130 140 174 182 176 223 221 224 226 219 176 178 224 221 223 225 227 217 215 169 142 171 168 169 171 183 185 217 260
221 224 175 133 137 151 133 180 138 88 94 85 132 87 89 106 104 93 103 97 102 99 120 100 98 125 143 130 140 183
7 4 1 3 0 2 5 7 4 3 2 5 6 7 6 7 10 13 15 71 73 41 35 59 42 59 35 305 304 262
8 6 9 7 5 3 1 3 4 3 1 0 2 1 3 2 4 1 0 3 5 8 6 9 12 11 9 6 3 1
223 225 219 224 220 261 262 265 269 268 261 216 217 215 258 230 238 229 238 245 242 226 220 225 221 225 177 175 220 176
174 141 139 86 43 60 75 69 18 25 26 58 76 55 83 129 172 140 142 145 167 146 186 215 185 165 147 127 130 141
44 46 80 55 57 76 75 25 77 25 23 24 20 112 19 21 22 23 74 110 109 91 36 37 89 136 131 95 128 85
88 135 133 88 138 157 120 118 116 104 106 89 90 92 90 87 95 92 87 34 86 132 88 90 91 87 105 91 107 91
244 207 238 219 175 133 130 83 80 99 54 82 77 82 83 82 99 119 116 107 74 114 22 20 19 24 70 69 16 71
151 148 164 190 203 198 199 196 181 133 131 129 170 217 191 202 181 176 181 134 176 218 230 251 255 274 273 314 303 271
34 35 38 37 40 60 62 61 65 67 65 61 36 39 61 39 60 69 19 113 73 111 114 105 118 94 102 127 95 101
101 141 132 176 134 178 174 219 218 219 173 133 181 197 200 196 195 183 191 205 207 191 206 244 247 245 239 246 229 218
267 263 264 268 267 263 262 270 282 252 234 254 234 275 255 254 274 254 234 235 237 239 241 204 241 224 240 225 226 218
4 5 3 6 3 1 4 6 4 7 8 7 8 5 6 5 4 3 1 3 5 8 11 14 70 16 14 71 68 64
327 290 326 311 307 310 305 38 41 61 42 60 58 56 79 56 54 97 101 125 98 55 56 75 24 26 46 82 126 98
150 160 158 139 173 193 182 173 218 230 273 300 273 257 253 234 252 287 270 264 263 264 268 271 259 216 213 212 215 233
153 158 120 100 145 168 165 202 164 203 200 203 200 194 201 181 193 181 174 179 195 201 180 138 132 151 153 137 134 175
134 133 135 137 152 158 160 140 138 88 92 89 106 109 106 118 157 156 117 105 115 75 25 18 16 18 22 24 69 71
193 205 207 204 192 204 207 243 205 191 188 189 214 187 146 127 97 127 144 168 142 169 185 184 192 204 205 246 229 249
319 299 257 236 209 237 286 282 287 285 288 291 288 269 267 222 226 240 228 247 248 237 228 236 260 301 33 301 34 32
265 263 312 322 67 319 295 321 318 315 67 60 69 23 77 21 112 19 74 20 74 59 57 45 54 79 56 76 77 25
289 327 326 309 310 305 37 36 40 307 308 325 327 330 333 336 335 334 335 338 339 341 340 338 336 339 337 334 337 335
80 81 29 28 46 52 54 53 98 79 80 81 126 81 78 116 114 77 82 48 52 48 50 52 53 27 26 28 47 55
105 104 94 130 86 32 57 82 31 32 33 30 320 67 70 69 70 65 64 71 68 64 60 73 113 74 107 59 63 40
125 146 164 190 205 202 162 201 202 195 178 134 137 154 152 136 131 138 154 136 153 104 102 103 100 122 157 149 143 141
65 68 66 60 68 18 20 18 15 13 11 8 11 13 11 14 17 70 66 67 60 64 60 42 87 89 37 306 39 41
157 153 118 94 116 94 86 34 59 113 58 73 74 75 72 71 18 73 69 75 114 21 114 22 24 23 74 22 19 72
35 39 36 59 62 65 41 60 41 60 67 72 70 25 77 25 68 66 322 325 322 313 303 305 35 42 39 304 305 312
104 117 105 117 153 156 104 92 115 106 118 103 96 104 106 91 114 91 107 108 91 109 110 73 74 112 59 107 113 19
111 59 75 42 41 305 302 34 85 32 299 314 299 302 32 83 130 85 129 96 100 144 143 172 173 216 258 171 84 141
152 155 157 153 132 85 132 130 128 170 215 229 246 228 226 238 247 248 285 282 272 259 271 280 270 260 262 281 252 273
175 131 85 128 96 85 86 92 94 105 88 86 104 156 119 95 130 139 182 133 181 134 133 150 140 149 143 144 145 124
272 258 259 301 32 83 45 57 45 31 27 45 57 42 33 59 36 39 61 71 67 26 69 16 15 12 9 6 9 10
270 284 270 260 216 214 234 258 231 258 217 174 219 177 219 173 133 137 153 138 179 177 175 132 137 132 150 132 174 173
202 198 202 201 197 199 196 201 203 206 207 214 207 247 237 230 218 217 183 173 131 175 224 219 229 185 184 182 132 85
236 214 209 246 244 205 191 190 192 184 148 146 169 127 83 44 29 320 317 296 277 279 301 316 321 301 261 260 273 315
74 113 114 74 61 73 113 112 110 73 112 74 61 62 72 71 59 61 41 58 26 75 59 67 66 41 305 34 301 279
316 300 259 258 274 297 293 276 293 291 293 278 272 229 171 84 130 141 140 142 172 142 127 148 150 157 160 149 163 161
89 87 88 139 86 36 91 105 108 113 109 107 112 59 61 63 40 305 36 306 264 309 263 303 304 309 265 221 220 227
90 89 93 91 107 105 115 106 104 115 113 19 113 115 113 59 113 74 21 22 75 114 108 107 111 73 60 64 65 70
238 248 237 235 255 251 231 230 218 174 217 218 262 272 299 317 296 294 324 290 326 271 291 289 269 266 269 285 248 247
278 253 280 253 230 256 258 260 302 300 32 31 28 31 46 81 52 79 99 79 101 124 147 144 170 185 168 187 214 230
341 340 337 340 341 338 335 333 331 334 332 329 330 327 326 312 271 270 271 312 281 273 274 277 293 292 273 230 232 214
18 16 14 17 70 17 70 67 28 67 64 322 324 312 311 309 326 290 271 314 30 316 320 317 275 253 279 302 300 32
20 23 74 114 59 57 22 76 55 53 78 46 27 45 58 45 315 320 296 320 299 301 313 315 322 292 295 276 293 296
279 259 299 274 254 234 274 256 258 257 258 170 215 231 216 228 247 246 207 191 207 240 224 223 225 243 206 245 208 207
241 226 222 224 240 205 208 206 190 164 161 141 84 43 57 55 56 78 57 32 42 63 313 41 60 75 23 58 76 116
256 298 278 273 302 314 302 258 275 253 235 251 249 285 283 267 266 268 221 177 180 134 176 219 220 221 266 221 266 264
103 105 95 87 136 152 138 140 172 129 127 101 104 95 44 32 33 58 113 110 113 73 111 91 36 35 305 263 221 262
268 220 219 174 132 139 141 169 215 171 258 276 254 255 231 237 249 209 249 285 286 236 272 273 261 217 171 214 211 210
199 195 181 202 198 199 198 201 181 202 204 203 202 193 185 172 132 86 88 106 118 106 93 116 119 97 96 127 143 101
269 310 269 287 285 269 272 235 209 212 187 214 236 231 216 260 281 261 220 270 262 272 274 301 274 257 255 251 231 210
334 336 337 334 332 330 331 330 289 281 260 229 246 237 251 231 230 259 230 257 252 279 253 274 280 281 282 270 220 268
99 54 55 54 81 48 54 80 100 98 84 130 139 151 159 138 139 173 184 182 177 224 178 195 183 181 202 193 173 140
145 165 191 192 190 184 186 142 145 123 98 80 47 51 50 53 55 56 75 24 21 113 116 113 76 105 119 101 124 145
224 241 246 208 189 167 147 165 145 167 170 171 215 170 258 276 293 279 252 234 231 274 279 271 314 271 263 309 328 309
162 164 201 203 202 165 162 150 151 152 158 155 159 149 139 174 138 179 182 180 181 174 181 177 135 134 179 181 180 197
41 305 34 303 305 38 307 308 310 308 312 309 263 311 304 262 303 305 34 303 260 270 283 284 283 290 325 324 311 309
253 233 235 253 230 217 191 188 186 166 167 190 192 202 182 134 139 137 139 182 219 226 224 222 223 222 224 222 224 227
277 278 292 273 216 215 216 231 257 259 215 233 215 191 190 164 148 130 96 81 31 319 45 33 31 300 31 27 45 54
120 123 143 96 83 126 142 129 172 143 145 126 168 167 189 191 184 169 172 217 214 188 167 188 169 141 140 129 169 143
339 341 339 338 336 338 335 333 334 332 334 337 338 336 334 337 335 333 330 329 331 329 326 269 284 248 284 270 280 252
169 168 169 145 143 141 140 173 133 176 133 140 182 192 193 204 244 242 244 239 245 209 211 207 246 243 246 244 240 248
53 78 98 84 130 94 104 103 119 97 128 83 127 141 140 131 85 43 75 18 15 18 23 26 55 81 82 98 128 127
261 220 228 262 261 216 272 235 249 246 208 205 243 240 244 247 248 247 240 241 193 183 174 134 178 177 175 221 223 224
25 69 24 25 22 25 67 321 323 320 321 30 317 46 78 97 103 118 157 155 153 139 136 132 88 135 177 175 218 176
200 197 200 199 200 198 194 197 180 201 203 194 204 191 203 192 186 192 202 201 202 203 205 206 190 184 142 146 168 143
333 331 327 331 333 334 331 329 327 290 292 322 63 71 68 69 72 74 59 35 61 35 87 94 131 140 160 149 130 86
166 186 166 190 191 207 204 244 247 240 207 237 230 235 251 249 247 246 243 240 242 243 207 229 219 239 227 228 248 228
46 54 48 82 84 83 85 84 81 46 29 44 33 84 83 30 301 260 215 170 143 149 162 165 187 188 189 192 204 205
142 131 96 131 87 86 93 92 116 78 82 95 119 101 96 142 173 219 239 237 214 209 207 229 230 229 171 143 147 146
213 188 168 187 169 142 184 191 229 228 240 224 176 173 193 190 167 165 146 167 185 189 231 189 209 245 205 244 242 245
220 261 216 272 291 324 327 326 329 331 333 334 332 331 329 326 312 302 323 304 302 258 215 216 228 230 238 219 174 176
62 72 22 114 92 116 107 110 112 22 23 21 23 22 74 71 74 108 106 108 114 93 42 303 42 40 60 111 113 74
172 174 181 134 182 194 195 198 180 182 139 132 131 96 98 128 142 172 192 193 201 164 165 184 204 244 241 238 207 245
33 85 87 104 106 113 59 112 20 19 74 114 93 92 114 111 73 19 21 24 26 24 70 65 64 61 59 57 78 56
250 288 289 271 282 236 235 214 189 211 233 232 214 230 236 272 260 218 259 279 314 295 278 314 33 35 86 104 88 133
23 69 26 75 58 66 65 60 65 62 39 41 42 33 34 36 41 36 41 66 61 38 41 58 66 69 68 16 68 70
264 267 222 268 222 219 226 222 177 221 177 178 135 177 134 176 134 180 195 179 132 150 162 165 166 145 125 127 101 123
190 189 208 212 235 230 260 228 219 217 172 217 261 221 223 224 220 225 240 238 228 239 207 240 225 219 226 222 226 221
284 286 285 284 286 282 252 287 250 252 288 289 282 272 257 235 249 237 228 236 253 233 274 278 295 298 256 213 170 258
304 36 61 41 66 59 114 58 114 74 19 23 58 77 22 21 74 114 22 75 72 73 111 106 111 108 107 90 38 35
6 4 6 7 9 11 14 70 19 73 69 59 107 93 92 95 44 30 299 301 271 261 262 281 252 286 252 280 274 258
67 68 64 313 321 294 321 322 314 271 283 271 303 305 323 325 308 39 305 35 63 35 313 41 305 63 72 61 73 59
69 18 71 68 70 19 18 69 17 69 71 66 41 39 63 323 64 67 322 64 62 41 42 87 35 43 31 84 95 81
3 5 8 11 9 12 10 9 10 11 8 6 8 7 10 9 7 6 7 10 9 10 8 10 12 14 70 17 15 12
135 136 138 158 157 120 103 105 95 85 95 103 94 93 90 93 105 87 95 102 119 117 103 78 53 82 55 26 46 80
85 95 102 149 102 96 103 116 117 93 91 36 88 131 142 96 98 127 82 95 87 92 107 115 76 22 72 75 42 72
60 43 33 85 31 29 45 78 95 94 117 116 118 94 105 118 103 100 125 123 143 130 129 172 132 172 171 84 82 56
114 76 55 81 80 78 57 95 105 117 92 115 93 86 32 46 55 48 52 51 48 52 49 47 28 55 78 82 45 43
86 132 131 95 44 34 305 37 305 36 90 89 90 37 89 106 89 90 91 89 135 180 178 176 224 177 219 174 132 139
91 87 104 95 87 86 129 96 98 53 27 31 85 86 93 94 86 35 40 90 38 306 37 89 90 37 35 312 309 328
123 161 149 143 167 189 192 182 194 180 178 224 241 243 226 228 220 262 219 221 175 182 176 173 184 140 132 172 173 139
176 220 226 219 173 176 133 179 135 89 132 151 141 84 43 84 97 128 168 147 166 167 166 189 213 214 189 166 163 165
282 250 235 230 209 249 237 235 212 209 207 245 238 246 207 214 233 253 232 216 215 214 171 129 131 86 44 42 61 60
87 93 106 109 113 107 111 73 110 113 114 58 113 19 73 70 65 67 25 22 57 43 44 30 45 54 51 48 29 55
26 27 81 47 82 78 80 126 127 99 127 125 121 103 105 88 153 136 153 151 157 118 156 157 138 153 88 90 92 104
5 4 5 2 0 2 5 6 7 4 7 6 9 8 7 9 10 13 16 13 10 12 11 10 12 9 6 5 8 11
2 5 3 1 4 2 3 4 3 2 4 7 4 6 8 10 7 8 6 8 6 7 6 3 4 6 8 6 5 4
177 181 179 138 135 133 182 179 178 135 138 156 103 104 153 157 160 151 148 123 144 167 144 187 185 192 204 241 204 183
13 12 11 14 13 14 12 9 7 5 6 8 7 9 12 14 16 13 12 13 15 70 24 70 19 75 60 72 70 71
119 97 99 82 129 96 143 101 141 161 148 144 123 148 161 149 139 159 152 155 152 136 138 151 138 152 137 133 131 134
189 214 184 148 150 131 141 169 142 126 125 146 188 213 191 183 203 164 169 145 127 99 126 127 124 146 144 167 186 185
52 50 47 46 44 26 55 48 81 82 127 84 130 142 131 132 153 150 162 146 143 123 101 80 52 51 53 48 53 50
225 241 240 245 244 241 225 239 248 228 261 221 265 267 284 288 286 237 248 239 238 226 222 221 224 241 193 183 131 175
230 228 220 226 221 223 177 181 174 130 141 131 86 95 98 127 169 141 174 175 182 175 194 196 180 178 135 134 138 179
197 194 200 199 202 200 199 195 193 204 190 193 185 167 163 146 148 146 127 83 45 67 30 45 315 303 323 315 31 84
239 237 207 210 213 210 235 229 218 171 259 279 295 322 66 319 27 31 47 51 52 51 47 51 52 55 80 54 99 102
325 311 305 263 305 309 312 304 39 63 67 25 69 25 56 44 86 42 75 69 19 70 16 68 72 41 59 57 30 43
312 310 308 305 63 62 40 39 41 35 37 36 41 64 71 67 27 53 48 28 46 52 47 53 55 53 81 45 55 77
271 289 331 333 330 328 327 311 306 304 312 261 272 261 262 219 220 239 249 252 282 284 268 221 261 260 259 229 191 189
16 70 72 68 25 28 67 58 45 84 127 121 100 145 142 172 132 87 86 84 98 123 120 102 98 79 77 44 82 32
55 44 78 80 98 53 82 99 96 97 78 80 79 55 45 67 60 74 59 113 111 73 71 63 60 71 62 63 321 67
298 31 33 321 63 71 67 64 67 321 320 295 296 320 28 25 28 46 26 45 78 97 85 95 84 95 98 126 80 56
156 119 117 116 118 119 118 106 113 107 105 117 118 117 153 136 89 93 106 91 105 104 103 104 103 116 118 117 94 102
158 156 103 102 119 104 88 106 108 113 112 110 112 59 67 70 67 322 325 312 303 271 301 272 252 282 262 304 35 43
287 280 274 253 257 276 277 275 256 254 252 253 277 293 291 288 287 286 283 268 220 227 221 226 241 226 220 239 237 249
306 311 309 328 310 307 308 325 322 295 277 300 318 317 275 234 230 257 236 235 233 235 212 189 209 211 210 213 187 169
54 97 101 123 127 102 119 117 92 107 59 112 72 41 62 66 59 41 43 84 131 140 138 140 148 143 142 143 128 145
107 111 107 106 105 95 57 27 46 78 57 23 75 111 112 111 109 112 109 107 90 36 37 307 36 41 64 62 60 63
121 127 130 127 96 127 141 95 129 143 170 144 129 128 85 130 141 148 149 139 153 137 179 138 158 149 102 122 102 100
286 288 285 284 248 240 224 223 222 219 182 180 133 151 156 102 94 85 31 27 25 23 26 57 22 56 81 44 83 46
323 321 43 44 58 59 66 43 31 85 84 81 31 46 55 48 55 81 54 97 80 46 53 54 50 48 47 52 51 47
50 51 52 47 31 44 42 60 67 65 60 39 305 264 266 264 261 303 263 269 287 280 289 269 326 311 326 328 265 304
262 219 262 268 265 264 222 176 218 270 287 252 286 249 228 262 263 267 263 261 312 271 289 290 280 270 261 312 323 320
36 39 35 307 309 265 306 263 312 310 265 304 265 306 36 88 133 151 155 159 152 160 140 173 185 187 212 208 245 241
179 177 179 133 137 153 150 141 148 163 164 169 148 150 158 140 160 162 201 203 190 167 169 146 164 201 198 194 196 181
64 63 60 66 58 113 111 75 18 21 20 75 114 74 20 74 21 114 111 91 92 94 95 104 120 119 121 120 101 123
75 73 74 107 91 109 107 92 86 87 136 139 179 196 181 173 133 130 128 143 169 164 201 164 163 162 150 152 138 155
51 50 51 53 50 49 50 54 98 144 143 167 145 127 144 170 171 258 276 277 299 32 46 54 82 81 47 50 54 56
188 185 170 167 186 169 215 212 209 235 230 233 256 213 190 169 215 189 187 170 185 229 218 260 228 239 228 247 249 246
219 226 238 240 246 207 240 242 239 238 239 205 242 226 224 240 225 177 225 222 177 180 135 177 222 226 222 223 225 177
133 88 36 61 62 65 70 65 69 73 112 74 112 107 113 76 74 107 74 112 75 19 74 19 113 105 103 85 32 43
205 239 205 183 195 196 182 180 174 181 183 227 237 214 191 185 193 201 162 149 142 144 147 166 186 165 166 186 143 146
154 155 137 153 94 92 108 112 72 42 44 59 44 86 87 132 136 179 136 152 159 150 153 154 138 135 88 87 36 88
45 28 318 294 278 255 278 294 316 273 281 287 283 288 281 290 324 310 307 38 39 63 41 65 72 58 75 42 39 41
132 133 135 133 177 133 181 134 138 179 175 218 217 214 207 189 166 187 186 190 186 213 231 212 215 212 234 272 235 249
305 303 305 303 262 220 238 228 226 219 221 267 222 266 267 283 269 288 290 283 288 291 294 323 326 323 305 36 38 37
242 240 239 247 243 246 247 246 249 228 227 173 193 191 172 131 88 135 134 178 180 196 179 177 178 181 180 138 133 131
285 282 268 262 272 270 220 238 218 227 221 265 306 39 308 305 40 37 39 307 308 305 38 90 38 305 310 309 308 325
173 219 175 176 219 218 173 227 217 185 215 184 142 186 142 148 141 95 130 95 86 104 92 116 115 116 78 97 126 80
70 72 62 64 313 41 61 64 60 66 61 111 108 105 118 119 102 101 100 120 100 103 105 94 119 117 106 115 113 20
183 181 194 204 241 206 190 184 140 141 131 134 138 159 149 162 148 168 125 122 121 97 123 143 186 142 171 214 217 228
273 299 293 295 314 299 274 256 231 274 275 298 31 299 302 32 29 320 296 278 292 293 278 279 275 232 254 252 236 260
290 327 325 311 263 220 218 172 173 184 214 207 211 233 253 252 230 256 253 275 253 274 300 30 26 47 56 78 55 78
108 105 87 85 32 82 81 55 45 31 44 95 119 121 100 124 126 82 30 300 84 127 143 142 145 146 145 123 98 55
294 324 294 320 314 323 63 35 59 75 111 74 110 109 112 113 115 113 115 104 101 143 129 85 131 175 227 229 260 217
308 325 308 311 327 324 321 68 321 302 258 215 260 258 214 186 171 169 171 173 130 94 119 102 141 151 140 160 152 150
328 265 328 325 312 325 327 310 311 310 305 306 265 310 265 264 308 309 304 262 304 324 312 309 304 314 300 30 33 42
43 82 95 127 98 78 97 78 53 98 97 95 93 95 98 127 126 144 124 125 98 128 141 128 82 57 59 111 106 116
10 8 6 3 4 3 0 1 4 1 3 6 4 6 4 2 5 6 4 7 4 7 4 1 3 5 3 5 6 8
148 143 145 148 145 127 82 31 30 26 24 70 24 20 18 73 58 42 35 43 67 28 320 319 298 256 231 214 170 214
159 155 152 136 131 87 92 94 87 88 153 92 114 116 117 92 108 110 107 114 21 77 81 84 31 43 66 43 321 313
61 60 59 72 66 42 63 35 37 38 35 36 41 303 302 299 314 32 84 127 129 171 84 98 79 80 79 56 30 26
47 50 52 53 79 53 78 46 48 317 297 296 320 322 312 261 303 33 41 313 301 274 273 270 263 312 310 306 37 40
301 303 260 302 259 215 259 171 215 184 140 174 139 94 102 119 104 88 105 108 74 108 110 73 75 73 62 61 40 305
280 271 272 216 260 271 289 287 269 328 269 286 270 220 270 272 216 172 218 172 170 184 165 164 148 160 159 138 179 181
276 275 278 295 296 278 294 320 323 326 291 272 261 218 216 213 233 210 207 190 185 189 213 216 170 171 229 185 171 229
232 234 274 275 234 236 234 275 253 254 234 237 229 231 236 217 183 181 176 177 221 263 268 263 261 271 303 261 271 282
97 99 79 53 27 26 55 45 26 24 25 18 73 19 112 73 114 76 113 114 59 43 86 139 130 131 85 132 140 161
281 288 280 289 287 270 220 225 219 260 236 238 248 246 248 285 249 228 230 218 174 194 184 174 131 175 225 239 206 203
116 103 97 102 126 127 101 118 101 141 139 88 138 179 177 179 182 176 134 137 133 138 152 137 153 138 140 133 150 151
48 29 48 52 48 317 29 82 127 101 104 105 94 92 90 89 90 40 35 305 38 36 59 76 22 25 67 26 25 22
128 169 188 213 187 168 166 188 168 125 145 147 143 186 142 96 131 95 93 88 85 42 36 42 57 75 26 22 18 72
117 156 104 96 128 127 95 85 34 41 73 113 73 70 22 72 68 64 60 67 322 324 279 290 292 278 257 233 234 258
207 237 234 256 230 235 237 235 214 187 144 187 189 231 189 214 186 215 232 274 254 257 272 273 316 319 321 320 322 314
260 271 280 281 282 271 288 291 294 293 292 324 312 322 325 313 302 299 258 276 296 318 277 300 273 270 228 226 220 219
27 77 55 82 48 30 44 95 85 128 127 168 188 189 166 186 167 190 164 148 140 184 129 126 145 166 163 147 148 144
0 2 0 1 4 3 6 7 4 7 9 12 13 11 12 14 13 14 11 13 12 13 12 14 16 71 17 15 70 25
240 228 262 267 263 266 268 221 262 272 273 261 264 306 40 39 38 306 36 88 104 106 94 86 104 87 85 44 26 67
233 236 272 279 292 326 290 327 326 312 310 307 305 36 61 42 36 87 93 106 109 113 22 56 75 76 78 81 48 30
42 39 42 63 39 36 42 44 32 303 35 307 310 305 38 41 63 39 306 263 312 304 310 312 310 304 271 291 278 274
102 127 121 123 122 102 149 158 161 149 141 123 99 96 94 132 140 152 138 133 88 92 117 115 108 91 36 40 39 38
210 213 190 167 145 169 167 186 187 188 166 145 168 171 184 174 172 173 174 183 219 174 179 132 134 139 150 149 141 171
245 241 204 183 140 141 96 84 86 132 133 175 134 131 134 136 134 181 182 195 201 192 194 193 182 176 219 262 260 274
314 304 265 263 261 221 177 178 175 182 140 172 132 140 174 177 221 177 182 173 129 126 127 145 169 164 190 204 194 180
258 217 260 280 288 270 268 222 264 267 269 326 310 305 34 302 312 304 310 269 268 266 221 225 226 227 228 262 283 282
249 252 253 275 258 298 319 30 27 44 34 33 45 56 79 99 97 83 95 102 156 138 88 133 150 142 186 168 148 145
295 296 297 274 275 299 278 293 297 316 314 294 314 312 308 305 303 36 305 34 40 61 71 66 69 72 16 14 17 18
257 232 213 210 211 232 254 252 281 263 270 287 252 234 256 234 250 287 280 281 271 301 259 300 30 299 316 30 32 29
335 332 334 332 331 330 327 326 292 280 271 326 269 264 270 287 288 282 285 269 267 222 266 265 266 265 310 307 37 39
163 146 170 146 145 126 142 168 142 173 183 202 183 174 194 195 193 201 199 197 194 181 178 180 194 204 184 140 131 142
209 213 214 257 258 230 231 212 215 229 218 261 260 270 272 262 303 311 307 304 323 302 305 307 35 60 43 35 87 88
234 237 214 258 230 250 288 282 284 269 289 331 328 326 324 312 306 304 314 320 314 322 313 303 306 264 306 36 303 305
68 72 67 26 25 56 30 26 56 82 79 54 49 54 97 82 128 145 144 143 142 146 123 127 144 148 130 95 101 141
155 152 153 118 104 115 114 112 113 107 91 107 110 108 114 59 66 64 66 59 107 110 107 59 72 19 70 18 17 20
129 131 133 140 151 156 118 117 104 119 99 101 79 53 27 29 317 298 296 297 276 275 234 274 277 273 258 276 254 233
