451 446 443 441 734 733 437 420 436 386 389 394 306 337 286 283 286 283 284 359 285 282 278 281 282 285 339 340 343 358
454 835 880 846 845 843 842 888 838 889 837 841 839 386 391 387 808 810 814 815 838 840 806 807 808 387 809 813 843 813
147 150 111 147 142 111 165 145 115 118 124 119 118 124 121 47 53 49 54 49 45 52 55 50 52 50 51 117 65 113
155 151 156 157 160 163 159 104 153 155 151 159 101 159 163 148 111 147 145 168 138 170 169 206 205 269 208 167 170 176
1110 1111 1108 1107 538 506 544 542 505 540 507 549 534 527 530 528 527 546 526 547 529 530 532 534 921 536 534 536 1100 1103
772 773 751 752 797 835 886 879 884 1081 879 1079 880 885 452 450 451 1080 884 455 484 485 463 462 458 888 841 844 888 840
1084 459 873 315 893 316 894 461 456 454 443 457 891 840 838 819 824 783 784 1055 1057 1064 1065 1059 1066 1060 1064 1063 1064 1059
752 754 725 756 725 804 801 839 888 881 878 848 849 850 856 853 855 859 864 865 861 863 860 864 860 866 870 867 868 862
586 584 582 580 581 583 585 586 587 588 586 584 581 582 583 581 582 581 584 581 584 582 580 582 581 583 584 583 585 586
667 688 665 771 772 739 745 743 740 739 737 446 449 925 952 536 534 908 524 1101 538 922 1100 1101 536 537 533 535 538 920
428 425 426 403 429 432 428 426 429 406 402 408 410 404 406 402 400 403 429 425 424 676 420 394 392 419 421 419 386 390
1053 1055 1058 1063 1060 1066 1070 1074 1075 962 1079 963 962 1075 1077 964 1078 883 960 962 1076 964 965 967 970 973 974 971 969 967
464 481 484 455 458 463 458 460 483 485 467 466 486 485 463 898 906 904 908 535 1104 1107 1108 920 919 922 534 1103 1100 1103
11 8 5 8 9 8 6 8 5 4 5 6 7 8 5 6 7 8 10 7 8 9 10 11 10 9 10 11 12 14
14 17 18 23 21 24 26 23 22 24 22 20 18 23 20 18 21 23 18 22 20 23 25 26 27 26 28 27 26 28
466 464 461 896 906 904 898 323 327 330 377 330 333 360 371 289 368 373 372 373 368 370 366 365 370 366 404 363 368 336
1040 1041 1038 1036 1037 1043 1045 1046 1043 1044 1047 1052 1048 1050 1046 1045 1040 1045 1048 828 825 822 821 824 822 820 818 819 820 819
912 922 924 535 917 534 526 531 526 528 531 527 528 532 534 538 922 914 908 533 525 490 489 491 498 513 498 491 497 557
302 332 356 347 342 340 308 307 304 361 336 364 336 361 360 288 372 300 303 382 305 385 397 384 397 384 436 441 737 443
140 133 138 140 137 138 171 173 204 169 210 204 272 198 279 281 282 287 283 191 192 188 192 193 187 190 194 189 187 184
204 199 204 205 265 262 266 264 259 256 257 254 255 219 250 224 250 219 254 216 230 228 77 166 212 257 215 254 223 250
195 194 276 194 192 190 193 189 186 182 55 57 55 50 53 56 182 183 56 59 61 52 55 182 187 192 184 183 196 199
215 209 206 202 206 207 172 173 179 196 195 199 200 206 204 210 208 170 204 169 66 69 114 110 146 144 143 139 138 175
1 0 2 4 5 8 7 9 7 8 11 10 9 7 5 3 2 1 2 4 5 8 7 9 12 11 8 6 7 10
226 232 216 253 216 234 235 239 241 266 241 242 240 269 266 264 208 170 166 69 70 71 69 70 169 165 72 69 169 141
291 296 293 296 291 294 290 358 285 288 358 338 361 359 337 335 368 360 371 367 373 296 293 295 375 372 288 191 287 358
318 321 463 323 318 870 314 319 464 486 489 550 521 1085 487 553 518 515 1086 483 485 460 553 551 524 507 538 539 505 506
931 930 1096 929 936 932 929 1092 938 943 511 523 955 1086 1084 460 485 463 462 460 455 1082 483 1083 956 483 1083 1098 929 1098
443 734 730 419 424 427 433 424 677 421 423 418 434 893 462 894 458 890 887 838 888 892 417 398 393 394 392 390 389 385
1128 1131 1128 1127 1125 1124 1126 1127 1126 1124 1123 1125 1127 1130 1127 1128 1131 1132 1130 1128 1131 1129 1130 1127 1125 1127 1128 1126 1128 1127
956 959 476 474 479 1090 957 959 1079 1076 962 965 1077 965 1077 1078 961 1096 1094 931 932 930 931 1094 961 1079 963 960 962 1080
755 780 822 825 827 824 825 819 848 845 846 849 851 849 847 880 846 820 826 820 781 822 828 825 791 718 750 720 749 746
228 216 253 252 258 256 251 223 93 92 221 216 258 260 262 260 257 216 230 227 221 92 86 84 79 82 79 100 160 159
94 219 224 223 249 253 258 215 164 144 142 147 145 72 107 111 113 117 122 130 127 126 132 134 135 137 140 145 144 163
192 187 185 181 186 188 191 189 185 182 186 182 58 178 183 184 185 182 56 57 49 53 52 58 60 179 181 178 182 187
450 443 439 443 737 441 734 444 440 443 914 446 441 443 447 445 720 793 789 708 701 709 700 701 707 699 775 778 754 780
160 162 164 214 164 162 94 222 254 221 93 218 215 164 73 210 235 232 234 226 232 234 243 247 245 242 245 234 226 234
492 545 494 545 504 545 493 495 498 497 558 561 559 561 564 565 570 567 571 566 570 574 573 567 562 558 496 557 489 557
21 18 16 15 18 23 19 18 16 15 20 22 24 22 24 23 22 25 28 32 33 37 33 29 32 30 27 30 27 25
321 327 323 327 329 378 375 374 409 406 413 414 416 417 896 382 402 426 425 424 419 391 385 397 391 419 438 730 734 444
577 576 577 574 572 570 573 574 569 564 569 565 566 562 557 553 552 486 551 522 512 509 510 514 516 521 551 553 515 1088
715 750 719 794 832 1072 1068 1070 1067 1068 1071 1069 793 718 796 834 448 797 448 449 450 451 446 735 730 676 732 727 728 762
403 407 410 412 377 372 301 332 373 332 357 330 331 317 322 324 323 325 326 323 318 870 871 866 469 482 464 873 459 485
967 970 972 971 968 966 968 971 969 967 964 961 1078 1077 965 963 1076 962 963 1077 1079 1081 884 834 797 836 819 815 840 889
355 356 347 348 356 332 359 303 332 372 300 328 300 373 371 374 366 364 404 363 408 404 407 403 407 366 367 369 367 369
992 991 990 988 986 985 987 986 988 987 986 983 986 984 986 988 990 989 988 989 988 986 985 983 985 982 985 983 981 983
801 888 840 837 798 444 448 445 722 835 885 834 448 452 453 451 453 458 893 316 314 309 305 308 340 309 342 343 346 344
460 488 463 459 486 556 557 496 498 501 510 522 511 536 953 924 1101 537 921 922 1102 926 954 956 1084 1099 954 956 1097 1099
131 134 122 120 115 116 111 114 116 113 68 114 64 68 74 71 74 77 74 68 62 178 180 177 175 62 63 176 177 172
815 810 812 811 815 816 805 387 811 814 801 724 726 723 798 444 449 924 911 909 910 913 446 913 438 915 917 533 525 526
347 350 352 354 352 356 332 290 374 408 409 408 412 405 366 370 372 368 371 373 376 373 376 292 290 291 292 289 370 366
799 721 834 721 775 752 755 780 818 838 835 448 835 444 450 1099 957 954 1098 927 1098 957 956 939 943 508 948 512 522 535
548 528 548 545 502 501 503 542 505 509 951 944 631 513 502 503 507 505 544 527 547 545 495 546 547 529 530 534 921 920
637 634 636 635 636 637 634 636 637 639 637 639 637 636 634 633 632 633 630 944 511 519 511 513 943 515 1088 939 954 1099
646 649 652 654 652 648 652 648 649 651 652 650 647 644 641 640 638 635 636 634 505 544 542 508 542 508 513 520 551 511
293 298 294 330 294 296 297 299 329 326 323 322 321 326 300 355 300 373 368 289 371 289 357 372 288 284 278 281 280 198
93 97 86 85 87 90 92 87 84 85 88 86 85 84 98 84 83 82 100 79 78 73 169 69 114 145 72 172 73 68
489 904 906 899 461 905 903 431 428 425 427 414 411 412 414 427 430 406 429 428 424 425 429 402 401 406 408 405 409 408
758 754 757 778 785 754 785 779 724 800 725 755 722 734 444 800 839 812 811 806 809 808 811 843 813 815 810 809 811 387
528 531 534 532 527 549 550 547 493 549 491 498 515 1085 487 552 520 1088 1091 939 1089 516 1088 1087 938 937 1089 1092 1097 957
696 699 694 703 695 707 698 700 694 699 708 789 708 706 700 776 785 790 785 782 784 786 754 722 751 719 797 825 826 847
558 561 563 562 563 558 555 553 522 520 1085 1087 940 1086 956 1084 484 468 876 863 864 875 877 875 859 879 1079 882 1080 960
453 1099 451 449 747 744 746 748 740 737 913 737 732 675 763 762 767 690 692 765 674 681 916 907 911 924 911 909 911 905
1029 1031 1035 1032 1030 1029 1032 1030 1036 1031 1036 1041 1039 1043 1041 1045 1046 1044 1040 1038 1039 1044 1047 827 826 830 1076 1078 961 959
58 182 177 182 186 188 187 191 289 372 363 402 400 401 406 408 365 368 362 366 408 412 374 377 380 381 416 402 429 427
944 629 944 511 507 525 490 902 906 909 895 894 316 893 897 901 326 330 299 301 373 370 371 366 361 369 404 369 405 382
1046 1049 1042 1036 1032 1031 1028 1026 1024 1026 1027 1030 1028 1029 1027 1032 1031 1032 1033 1034 1032 1030 1029 1027 1031 1030 1032 1031 1028 1030
599 598 599 597 596 599 597 594 595 592 589 591 594 591 592 593 590 587 586 587 588 590 588 587 588 587 585 583 582 584
1031 1029 1028 1032 1028 1030 1027 1025 1026 1028 1030 1031 1030 1032 1031 1036 1031 1037 1042 1038 1035 1034 1038 1043 1040 1038 1034 1039 1044 1045
855 857 853 848 822 780 784 782 783 791 718 719 751 754 776 700 702 701 698 789 788 787 711 792 1055 787 790 718 749 795
878 880 877 863 865 863 864 867 862 856 858 857 855 853 857 855 854 859 878 875 864 859 857 861 862 857 853 855 852 855
196 193 180 199 197 194 195 197 280 281 277 283 281 286 289 357 290 292 373 376 300 301 300 376 375 412 413 414 378 413
929 931 932 934 933 1094 1096 1098 1084 457 452 886 884 452 444 835 832 794 790 785 699 702 695 702 692 704 702 699 702 707
1005 1004 1002 1001 999 1001 1000 998 1000 1001 1003 1001 999 998 996 994 995 993 994 992 993 992 991 989 990 991 993 994 995 997
1099 926 1098 957 456 1084 552 1085 956 1100 1099 924 1099 924 922 742 925 912 916 915 680 674 678 679 424 677 674 763 765 763
338 358 335 368 371 189 187 186 184 187 186 55 54 182 181 180 184 183 180 183 181 193 191 190 367 362 336 360 358 285
784 787 788 1064 790 710 711 792 788 783 782 780 781 783 786 723 721 775 697 776 700 705 704 706 702 699 777 699 696 702
848 879 875 872 319 897 902 488 552 551 489 557 554 484 463 872 317 315 873 464 468 467 871 873 464 463 459 453 446 441
1075 1078 963 965 966 968 969 967 971 973 976 977 980 982 979 981 978 980 983 984 983 982 983 986 987 988 989 990 989 988
1104 1108 920 534 917 918 1107 1109 1108 1107 1106 742 740 741 1105 1102 951 537 507 503 500 497 558 491 495 545 547 526 524 921
387 384 396 399 384 382 401 407 402 429 431 430 406 430 403 363 368 366 405 363 369 368 369 362 336 360 361 359 358 343
918 921 923 536 507 510 521 953 922 923 921 914 924 922 1107 921 538 953 951 946 1100 523 489 905 489 550 534 530 526 532
1125 1124 1123 1122 1124 1123 1122 1125 1123 1124 1126 1125 1127 1125 1124 1126 1124 1126 1124 1122 1124 1121 1122 1124 1123 1125 1122 1125 1124 1122
1098 942 939 1090 957 1092 938 1091 1086 1089 1088 515 518 1087 1091 938 941 628 948 509 631 628 630 632 630 948 947 1102 1099 1083
292 370 366 370 365 404 400 401 383 417 381 305 385 398 397 403 429 427 403 408 374 332 290 295 293 297 294 373 409 377
79 99 104 103 107 102 100 159 160 152 156 158 162 99 97 94 222 219 214 232 235 211 213 227 221 222 89 88 90 87
375 378 376 409 405 403 427 414 427 400 404 409 376 378 380 377 302 305 363 403 427 426 677 424 429 431 433 429 433 432
835 722 723 726 760 726 803 726 725 755 778 757 779 757 755 776 709 1063 1059 1062 1063 1057 1056 1061 1064 788 784 783 789 721
30 29 33 37 40 38 33 31 29 27 28 30 34 31 28 25 24 23 19 20 18 19 16 17 21 20 21 19 23 19
127 125 48 120 121 115 112 111 150 151 146 147 163 159 157 152 155 150 145 142 111 114 112 150 111 108 110 106 109 111
754 725 757 727 764 761 758 776 775 753 731 437 734 440 444 885 882 1082 459 891 873 870 867 875 878 859 857 858 860 877
603 602 600 598 596 598 599 596 599 601 604 603 601 600 597 596 597 600 601 604 603 605 604 605 606 605 606 604 601 604
275 269 270 266 267 265 269 208 167 168 165 149 155 151 148 149 111 146 168 170 138 168 169 69 169 70 172 173 202 197
266 267 264 259 254 257 262 240 242 244 248 220 224 217 212 234 249 251 256 259 265 239 243 248 245 249 252 257 219 250
344 343 340 310 313 316 315 312 890 891 462 898 896 383 308 306 362 306 385 383 306 394 393 384 419 730 735 773 749 745
541 542 634 635 633 631 508 542 547 548 549 490 491 551 522 550 534 536 953 924 923 1102 1099 1083 958 883 884 882 878 882
834 721 775 754 756 777 697 693 764 759 725 758 778 780 778 777 755 757 779 784 1062 784 780 822 836 884 836 847 836 797
1049 1053 1048 1049 1053 1049 1054 1050 1055 1056 1066 1056 1050 1042 1040 1045 1041 1036 1039 1040 1036 1041 1042 1036 1040 1037 1038 1036 1041 1038
741 736 682 737 738 749 795 449 451 449 748 771 773 696 700 707 699 697 707 702 694 696 692 769 768 771 666 663 664 665
664 665 686 669 668 667 670 769 768 686 687 667 687 669 688 691 768 690 769 671 669 687 768 774 776 785 699 708 698 708
252 255 260 255 252 220 226 247 230 213 236 209 235 210 204 173 178 174 62 182 180 181 182 58 56 52 46 51 45 43
827 822 825 797 885 880 878 856 848 844 839 802 726 759 777 723 725 778 758 754 756 779 723 753 777 789 788 710 699 702
83 99 101 100 83 85 93 98 160 97 79 81 84 87 90 88 87 90 88 89 90 87 93 221 216 215 210 207 201 197
919 921 911 918 914 911 923 742 1103 539 536 533 918 911 906 912 906 907 533 917 922 921 533 549 522 955 523 537 540 1108
1020 1021 1018 1016 1012 1015 1014 1010 1009 1006 1009 1008 1011 1014 1017 1016 1019 1022 1021 1024 1022 1020 1016 1019 1020 1016 1018 1019 1022 1021
1017 1014 1017 1020 1015 1020 1015 1020 1021 1018 1021 1018 1013 1015 1014 1015 1012 1009 1007 1009 1007 1008 1006 1004 1003 1002 1004 1003 1005 1008
251 248 251 221 225 227 217 230 216 214 216 230 228 231 230 233 235 261 262 259 261 215 258 257 216 212 258 248 238 245
988 986 987 988 989 988 989 987 984 986 984 983 984 981 984 985 982 983 984 982 981 979 977 975 977 979 976 977 976 979
9 8 10 9 10 8 5 8 5 4 2 4 2 1 2 1 0 2 3 2 0 2 3 4 2 3 4 2 4 3
688 667 668 670 673 763 761 762 764 759 755 724 802 815 805 816 821 781 818 823 849 846 819 843 845 843 844 837 798 837
651 648 652 649 651 649 651 653 650 653 650 646 649 653 654 653 650 654 655 656 659 662 660 659 658 656 657 658 659 662
735 770 688 664 663 659 657 655 654 652 654 652 651 653 649 648 652 653 655 654 650 646 642 645 644 646 649 648 650 653
968 970 971 973 971 974 975 973 976 977 974 975 972 974 971 972 970 967 965 964 1077 964 962 961 1094 933 936 937 935 932
423 418 392 391 384 385 393 389 387 384 307 309 313 308 304 303 305 334 307 309 306 361 368 370 373 371 292 373 409 380
506 543 527 547 542 541 540 538 1102 1099 1097 1093 1092 934 1095 930 934 937 1092 937 933 1092 1097 929 1097 1093 934 932 935 937
467 479 481 484 487 488 461 487 461 894 897 899 897 899 902 897 893 461 487 554 488 555 520 552 556 558 562 565 567 569
592 594 597 600 598 597 599 596 594 596 597 594 596 599 597 596 599 596 595 597 599 596 593 590 592 595 596 597 595 592
397 391 806 802 800 724 799 723 780 783 1054 1052 1057 1061 1058 1057 1062 1060 1066 1056 1067 1071 1075 1076 1073 1070 1074 1075 830 1077
836 888 891 894 896 901 903 899 894 462 319 871 868 869 865 860 857 863 867 873 315 873 468 483 486 1085 554 460 553 484
470 475 474 473 478 482 468 480 882 876 484 479 1086 519 1087 516 1087 939 1091 1088 1090 957 954 521 1086 1090 479 476 469 466
326 327 330 377 300 356 354 348 347 348 353 355 330 377 380 402 415 897 893 892 887 881 847 881 886 452 880 881 877 860
1107 918 682 917 923 1102 926 1099 926 1098 1100 1099 451 1097 1082 960 1079 1080 1077 965 968 971 970 971 967 969 971 972 969 972
631 949 946 951 1103 1100 923 912 907 908 911 905 896 381 334 308 333 358 338 307 384 419 421 676 766 673 674 675 764 692
831 833 829 1055 1054 1053 1058 787 789 708 712 713 708 788 1064 1067 1065 1068 1072 1073 1068 1072 1073 1052 1049 1044 1049 1042 1050 1042
863 857 860 875 866 877 875 874 873 877 876 484 480 483 1083 956 1086 1089 938 941 943 951 508 539 947 945 951 631 945 952
95 94 93 91 94 90 89 92 97 96 160 157 158 148 145 115 143 145 111 72 77 76 70 168 165 73 210 214 231 234
379 375 370 365 364 368 369 366 363 402 430 402 401 304 380 374 302 330 356 355 353 358 360 286 338 339 307 337 307 335
740 668 669 672 681 678 676 674 680 674 681 915 914 917 912 1101 523 535 533 911 535 526 528 546 547 527 548 495 496 497
208 264 263 266 239 209 208 207 167 164 162 97 162 148 161 158 95 92 86 89 92 97 83 86 92 89 87 92 221 219
436 440 731 440 734 442 910 911 921 525 524 921 1104 1102 921 538 922 1101 1102 538 524 522 954 1085 484 1086 484 1084 460 905
501 502 514 520 1087 483 485 459 1084 483 1086 553 515 944 513 944 948 944 629 628 626 625 624 626 629 632 634 633 506 502
804 806 813 815 819 814 806 803 389 386 436 435 418 423 421 675 733 444 446 735 445 443 454 886 883 1081 958 456 457 458
869 872 462 460 463 318 313 312 893 890 888 843 846 880 879 876 484 459 463 458 455 461 458 463 461 905 895 892 896 906
259 264 263 266 271 272 269 240 241 235 239 237 234 231 216 258 261 264 267 270 274 273 276 270 273 202 205 202 200 276
759 755 776 755 723 725 804 807 811 814 816 820 823 828 826 833 884 456 1081 877 477 483 1083 481 873 464 555 466 465 322
959 1081 480 485 480 469 480 468 478 472 476 473 469 481 470 475 479 468 482 1084 487 461 895 319 321 329 299 376 412 301
987 986 985 987 984 986 983 985 987 985 982 984 981 983 980 981 978 977 978 979 976 973 974 976 978 977 975 978 980 978
7 9 12 10 13 12 13 12 11 13 14 18 17 15 20 16 17 16 15 12 9 11 12 15 14 18 15 13 11 8
961 1094 1092 929 1092 934 936 929 1093 1090 1091 936 933 928 450 449 795 448 720 793 794 720 449 444 886 836 887 440 837 799
174 200 272 200 202 196 202 198 194 197 199 173 207 205 269 240 266 263 258 259 263 239 235 233 229 232 229 213 211 166
1035 1030 1027 1024 1027 1031 1030 1028 1027 1026 1029 1030 1029 1032 1028 1032 1027 1025 1022 1024 1023 1022 1018 1013 1018 1015 1016 1018 1015 1013
675 678 677 425 422 730 729 762 766 764 675 766 674 670 740 745 742 685 741 668 683 739 685 686 770 688 669 682 914 909
1044 1041 1038 1033 1030 1033 1034 1033 1037 1042 1041 1039 1037 1033 1037 1043 1041 1040 1035 1037 1043 1039 1035 1041 1038 1042 1039 1035 1041 1035
499 522 514 513 943 955 1086 1090 957 955 1084 955 1101 926 1097 958 451 958 928 450 884 836 844 881 876 873 863 862 866 870
695 705 694 705 704 694 705 703 695 704 705 695 692 702 703 705 698 789 788 708 711 709 712 790 787 1058 1061 1062 788 712
536 1104 536 511 536 511 508 946 950 945 630 945 630 628 948 947 946 954 1099 453 447 456 882 875 844 887 885 881 458 461
734 722 723 777 697 752 710 711 787 790 752 710 774 752 720 717 748 772 752 776 757 776 710 788 1059 1064 1063 1059 1061 1060
1100 956 954 1101 1100 536 537 1103 1100 953 922 536 1102 535 537 534 550 522 521 515 517 520 1086 484 873 458 484 459 873 876
1076 962 1076 963 1077 1075 1073 829 825 829 1055 1060 1061 1063 1061 1056 1069 1068 1069 1055 1069 1067 1071 1072 1073 1068 1072 1069 1068 1067
34 30 33 31 34 39 38 41 37 40 42 47 53 47 121 119 122 121 48 124 47 52 59 182 180 184 182 58 50 60
267 269 265 205 272 204 210 205 200 196 179 184 193 194 190 194 195 192 184 187 184 190 194 282 277 198 201 173 169 66
491 492 549 546 493 500 499 522 953 1100 946 954 1085 553 520 555 554 487 1084 1085 955 1101 912 906 895 460 459 485 1084 1098
4 6 8 5 8 11 9 12 15 20 15 16 13 11 13 14 19 21 19 18 14 19 20 15 19 21 18 20 16 17
327 320 318 871 467 466 478 479 1084 485 484 463 894 461 459 484 1083 483 1083 476 1081 455 883 882 958 959 956 953 946 950
150 112 111 107 111 117 61 64 61 64 66 65 171 142 137 135 133 130 122 119 116 120 115 111 150 146 116 115 139 138
417 434 417 427 433 906 899 901 326 320 319 315 320 900 903 901 325 322 463 873 458 891 440 454 881 876 871 872 462 897
1042 1037 1042 1043 1044 1040 1045 1046 1052 1069 1052 1047 1051 827 830 1072 1075 1078 959 1081 452 880 885 451 455 484 1083 1086 480 470
359 290 288 286 361 359 334 331 333 361 337 286 285 339 309 306 385 384 398 400 398 423 395 397 385 306 334 303 316 318
672 669 683 737 449 452 835 880 884 885 452 881 452 455 457 452 884 880 1080 451 456 1099 953 946 947 1102 952 948 953 508
685 687 684 686 739 735 731 763 761 727 730 422 423 422 423 677 679 438 729 730 441 438 435 421 420 395 419 422 420 730
682 740 686 739 734 441 440 800 839 890 892 894 899 434 415 431 433 434 438 435 420 424 416 383 306 382 305 401 397 394
152 148 111 110 146 148 150 151 149 105 101 100 103 107 76 71 106 110 109 111 113 146 109 68 109 146 151 158 149 105
368 360 371 292 370 374 375 411 375 295 376 377 412 379 381 380 382 415 897 895 434 439 441 798 721 718 795 833 451 1097
683 742 738 446 734 438 731 440 837 802 817 805 815 816 820 824 827 1051 1052 1053 1049 1042 1040 1045 1042 1040 1035 1032 1036 1040
415 402 396 402 399 405 414 900 379 415 381 414 432 415 402 400 405 375 369 373 292 293 295 378 380 304 303 363 401 363
796 795 793 792 793 715 793 792 795 749 752 754 780 783 784 1061 1058 1059 784 787 790 752 775 776 774 752 755 759 763 767
791 719 797 800 731 733 675 679 678 426 422 678 676 673 676 675 677 425 424 421 418 423 427 417 435 896 905 896 435 438
236 230 232 213 217 224 247 231 218 212 209 214 217 215 219 217 227 228 233 231 216 257 251 248 245 234 232 217 232 216
74 70 67 65 110 146 113 111 148 143 138 140 145 146 108 153 108 72 165 169 141 144 149 148 147 142 143 118 119 120
316 314 311 840 839 841 887 892 896 432 906 907 533 911 917 1104 1108 1104 923 535 524 537 523 489 487 464 485 481 1083 481
406 400 395 393 390 387 839 806 803 724 779 776 753 723 722 721 786 780 825 824 780 822 780 818 823 847 845 875 872 468
400 396 426 430 429 426 678 677 426 422 679 676 677 424 435 892 894 891 888 887 443 733 736 442 438 731 727 754 777 753
612 613 611 609 607 608 607 606 608 607 606 605 606 608 606 604 606 607 608 606 608 607 606 608 611 608 609 608 610 609
888 881 452 884 1082 480 481 480 882 876 873 872 464 462 486 465 463 466 485 459 481 479 468 877 468 470 479 466 555 466
103 106 72 109 111 165 141 143 138 172 72 103 106 103 106 111 107 68 107 72 67 65 176 180 181 177 196 184 178 180
874 875 860 856 848 822 827 823 846 848 849 850 854 859 865 469 481 478 475 470 479 475 477 483 477 479 482 485 483 480
588 590 588 590 593 592 595 593 596 599 598 600 598 600 601 604 603 604 603 604 606 604 606 605 603 604 606 604 601 599
764 692 691 773 695 707 710 776 785 699 778 777 756 759 764 760 727 762 676 766 674 671 770 684 770 772 771 748 717 714
269 204 174 171 174 171 176 66 67 70 67 172 174 175 180 196 179 182 53 58 62 174 200 203 200 196 180 174 177 180
334 372 361 366 363 305 385 384 436 893 434 437 443 453 451 885 1080 960 1096 959 960 1080 880 881 880 876 477 479 468 483
162 93 89 87 84 86 92 93 97 163 164 167 144 139 144 163 144 167 171 173 66 169 168 70 76 73 78 75 106 75
483 478 467 485 552 551 549 522 510 498 499 513 502 543 548 543 525 526 530 532 919 917 923 1103 539 634 636 639 636 635
224 225 221 251 256 262 238 233 229 228 216 235 212 207 206 169 72 169 175 63 66 67 62 51 48 50 55 51 46 45
1065 1066 1067 1068 1065 1069 1067 1066 1056 1064 711 710 712 715 793 794 833 795 831 1073 828 826 821 799 722 797 723 798 723 724
905 908 910 904 532 527 525 535 1102 952 949 952 537 921 1107 919 1107 1109 1106 921 1107 1104 742 1105 1106 920 534 911 913 446
1106 1104 922 924 953 942 948 951 1100 1102 951 508 523 550 490 524 908 912 910 911 912 907 432 904 533 920 536 511 514 517
1013 1016 1018 1017 1019 1017 1013 1011 1009 1008 1011 1014 1019 1022 1023 1025 1022 1020 1023 1020 1021 1023 1022 1018 1015 1017 1018 1014 1012 1015
120 118 113 117 111 142 111 165 167 169 203 172 176 171 168 146 113 108 107 76 164 76 80 227 224 248 234 237 242 239
994 993 991 989 990 989 991 990 992 990 989 987 985 986 988 986 984 983 985 982 983 984 985 986 983 981 983 980 982 985
890 888 844 845 856 853 849 856 860 866 872 315 891 895 898 893 312 311 310 309 339 358 287 282 286 288 371 334 363 372
166 75 166 164 215 218 215 213 228 217 212 217 214 217 227 224 221 223 226 228 214 166 165 149 150 146 114 68 110 111
46 44 45 42 39 43 41 40 39 41 46 39 42 48 42 43 40 44 45 42 46 48 44 47 40 49 47 124 122 120
343 342 344 310 312 894 318 463 464 873 315 311 315 894 315 314 320 326 328 331 328 327 324 320 317 319 463 461 906 898
601 602 601 604 601 604 605 606 608 609 608 609 611 612 610 609 608 611 609 608 610 609 610 612 613 611 608 606 605 604
393 392 422 418 385 388 392 418 419 398 394 306 384 391 390 385 389 387 839 840 841 311 313 317 321 327 329 300 356 301
572 566 563 565 564 562 563 562 558 559 324 323 324 323 463 318 462 458 453 459 876 877 882 1083 1082 1085 956 1099 924 913
1014 1012 1011 1008 1010 1008 1009 1007 1006 1005 1003 1002 1003 1004 1002 1001 1002 1001 1000 998 996 997 999 1000 998 1000 1002 1000 1002 1003
33 29 27 26 23 25 23 22 20 22 25 27 30 29 33 34 36 32 36 38 40 44 40 44 39 35 32 34 39 36
1109 1110 1113 1111 1113 1110 1108 1109 1105 742 737 733 439 910 907 910 439 443 442 914 736 442 453 884 885 886 444 799 802 839
23 18 23 24 26 23 25 24 23 22 24 25 27 26 23 26 29 27 30 34 39 35 36 33 36 41 36 38 40 42
304 301 303 334 333 313 312 308 313 347 358 285 286 289 370 371 368 362 364 369 409 408 403 410 408 369 365 370 365 369
1102 924 954 1085 485 481 476 961 1094 931 930 928 929 926 928 927 926 927 954 943 511 953 1101 1104 536 952 1100 1102 946 954
3 4 6 4 2 1 3 2 3 1 0 2 1 2 3 4 6 8 11 10 12 14 16 18 15 14 17 20 16 14
496 490 522 489 551 557 554 463 466 482 554 489 553 515 516 513 508 950 539 947 953 1100 450 927 1099 1097 927 1097 1094 934
498 514 510 521 524 490 557 554 520 514 519 517 1088 517 516 519 1087 940 512 520 498 520 519 516 520 512 514 511 507 522
662 660 658 657 655 654 656 658 657 656 653 654 656 655 657 655 656 654 656 659 657 656 659 657 659 658 660 659 657 654
935 934 929 1098 1095 1098 954 521 953 512 522 525 507 543 510 539 507 510 503 505 634 637 634 540 538 509 633 509 630 509
114 111 142 165 211 166 77 76 80 214 216 230 232 233 235 232 230 247 250 255 259 255 220 93 219 221 85 88 87 93
123 125 133 134 133 140 138 135 138 170 203 205 207 169 168 170 211 215 211 213 235 262 239 269 264 261 262 261 265 267
306 383 394 386 387 804 814 838 842 875 867 863 857 856 857 860 855 857 859 857 860 874 870 869 864 862 864 868 869 872
282 280 198 279 284 279 195 192 197 177 172 171 174 179 63 65 71 65 63 57 52 125 120 118 115 143 146 111 108 152
1132 1130 1127 1129 1127 1130 1131 1132 1133 1134 1133 1131 1132 1129 1131 1128 1130 1128 1126 1128 1130 1129 1127 1126 1124 1123 1121 1122 1124 1126
271 201 271 277 274 278 281 275 269 268 269 266 271 272 276 194 198 196 198 194 192 195 197 194 282 283 287 338 359 334
197 202 276 277 198 275 276 201 202 276 194 192 196 198 275 278 276 275 201 206 211 217 211 212 208 209 236 240 243 244
177 203 200 174 169 173 176 174 175 138 171 168 145 149 163 144 142 168 171 175 170 176 63 179 173 178 180 174 169 207
312 314 320 331 301 380 412 376 373 292 372 334 308 385 419 438 421 436 386 418 423 422 424 418 417 418 399 418 398 306
360 368 367 188 185 184 188 187 186 181 183 188 187 192 187 181 179 178 177 197 195 196 199 276 277 279 195 194 196 194
52 182 177 197 279 273 277 273 270 267 270 271 272 267 270 267 271 277 271 201 195 196 198 192 197 195 193 181 184 180
936 932 1094 931 934 1093 1091 937 940 516 519 521 1085 1087 516 512 514 502 514 509 512 513 499 491 498 513 944 942 938 935
298 330 301 372 374 290 300 297 300 303 300 299 330 300 290 292 371 374 295 330 356 347 358 339 340 343 347 339 287 357
557 497 557 498 518 498 501 494 498 500 498 513 518 553 489 549 533 918 919 918 922 925 1098 942 941 936 941 516 1088 939
156 157 160 97 100 98 159 96 158 155 158 153 151 152 108 111 69 68 72 107 101 105 99 160 159 163 76 74 165 149
158 157 155 152 150 154 157 158 157 156 157 155 150 149 158 96 158 162 148 153 104 159 152 156 152 153 149 162 149 108
750 749 719 750 738 449 450 443 912 453 450 445 444 446 444 445 798 441 443 734 736 731 800 723 797 832 829 793 795 796
121 124 121 124 123 44 39 44 43 40 36 41 37 35 38 42 46 53 182 179 58 54 46 40 42 38 33 29 30 29
456 1099 456 955 1084 1098 954 521 520 1086 1083 482 478 471 467 866 865 861 864 865 861 859 857 859 876 875 864 869 870 318
702 703 695 706 705 706 709 787 793 717 748 746 749 771 684 666 663 662 665 664 666 663 661 658 657 659 661 658 656 654
1086 1084 957 1090 1086 1085 487 465 486 461 905 488 908 533 525 490 902 903 902 904 533 536 1103 921 912 915 916 915 439 734
686 770 772 770 773 691 693 696 753 775 723 799 886 452 458 460 905 908 534 922 536 923 1105 921 922 952 1099 453 1082 455
727 726 758 754 751 721 775 697 775 755 759 757 726 754 757 725 724 798 885 834 831 792 1069 1067 1068 1066 792 719 797 719
923 913 910 904 900 320 898 320 327 355 331 303 415 412 414 409 369 367 188 191 287 358 356 333 381 415 383 418 384 397
64 62 58 53 47 40 39 44 48 123 48 123 127 126 129 126 125 48 121 133 131 130 133 132 128 131 129 125 133 138
720 790 721 789 775 698 710 752 753 755 727 760 728 726 723 754 724 731 438 732 730 422 424 679 733 737 736 737 735 773
51 45 51 62 51 53 52 124 51 61 65 64 61 66 71 107 102 101 103 107 105 159 158 159 98 79 84 81 79 97
770 769 686 771 768 691 693 695 705 708 701 709 776 758 725 799 754 751 720 751 718 720 449 924 955 924 955 1099 456 1082
219 221 216 228 225 221 216 255 260 264 266 264 269 270 271 267 268 264 265 205 268 272 268 267 265 261 263 268 271 273
567 562 568 573 569 568 572 570 566 569 566 571 575 576 572 570 573 570 565 570 566 497 562 568 572 574 569 573 574 572
973 971 969 966 969 970 971 973 971 973 972 973 976 975 977 976 973 970 971 968 970 972 975 979 980 981 979 978 976 978
285 284 278 282 284 359 334 361 358 353 347 352 349 344 347 356 333 313 311 841 844 881 886 882 1081 477 877 860 875 859
362 306 335 360 357 330 295 375 374 300 298 330 294 296 298 296 295 373 376 379 377 332 359 288 289 291 289 286 282 194
305 306 362 335 368 363 367 189 192 191 283 287 289 287 290 358 343 308 305 333 356 354 350 346 353 345 310 346 313 319
1066 1064 1061 1056 1070 1068 1072 1069 1056 1050 1053 1058 787 792 711 792 1055 1060 1065 1056 1057 1055 1050 1056 1055 1053 1050 1042 1050 1046
421 435 892 461 486 489 550 488 522 512 940 943 942 941 937 934 1095 927 450 444 447 884 451 1082 957 1100 946 941 940 1088
290 373 370 363 366 374 295 291 289 371 291 371 291 295 330 357 287 286 287 358 286 359 362 365 368 363 402 408 366 365
173 201 205 201 275 273 272 200 205 273 279 277 279 280 283 282 286 339 337 335 359 336 333 305 304 380 382 416 399 384
569 565 563 565 570 568 571 575 576 572 570 566 563 561 557 496 548 546 527 530 526 490 526 535 1103 953 1101 523 954 940
432 429 403 430 406 407 402 405 304 334 306 383 417 896 899 902 488 905 902 898 902 906 903 908 904 532 533 537 538 541
508 513 515 520 486 460 459 481 480 469 865 874 871 875 862 471 472 471 478 481 877 878 886 881 876 879 881 876 480 1084
640 637 636 638 641 639 642 641 639 640 642 640 639 638 639 638 641 638 637 638 636 637 640 643 645 649 651 655 657 655
629 626 629 948 512 631 539 505 633 636 640 641 644 647 651 653 656 654 650 649 645 644 645 642 643 642 646 648 646 644
689 769 771 767 731 733 439 906 896 900 301 380 378 411 378 300 376 292 295 300 298 292 290 288 284 278 279 275 198 199
671 668 670 672 673 762 759 756 723 786 789 793 794 795 794 750 794 832 1073 1068 1070 1056 1067 1066 1064 1060 1065 1068 1067 1070
843 842 841 844 887 885 835 884 958 926 1101 955 957 1082 479 483 467 484 456 956 958 1099 1084 552 521 510 515 944 943 939
1009 1011 1010 1011 1015 1016 1012 1015 1013 1015 1013 1016 1017 1021 1022 1018 1014 1011 1007 1011 1014 1012 1008 1010 1009 1013 1015 1014 1018 1016
821 782 781 779 756 757 724 778 784 1062 1058 1063 1066 1056 1057 1060 1055 1051 1047 1044 1041 1039 1037 1043 1046 1045 1048 1045 1051 1049
818 805 814 812 817 823 846 815 816 838 841 888 844 819 823 849 823 825 832 793 791 793 792 1066 1055 1058 1060 1066 1058 1059
714 709 776 757 755 727 755 752 698 700 776 753 774 751 722 755 777 775 777 776 758 756 802 803 806 813 812 816 814 806
555 486 556 553 520 514 498 493 547 491 489 549 493 503 546 528 544 506 537 1102 926 449 796 451 1097 1096 1099 955 954 939
159 149 154 152 157 155 149 111 69 64 70 172 171 142 146 150 148 144 167 215 231 228 225 217 231 220 254 253 251 223
1077 963 1077 964 962 1077 963 1076 963 962 1076 1079 960 1096 958 1081 1082 957 939 957 956 521 513 509 542 502 503 504 542 504
663 661 658 660 662 665 666 667 664 667 668 740 683 680 916 909 912 523 511 522 535 920 923 1101 1102 536 1103 535 1104 917
966 963 1076 963 960 962 1079 880 882 1082 453 447 444 454 883 878 863 871 319 463 871 463 322 463 466 555 558 556 553 521
694 774 698 776 779 778 777 757 725 727 755 725 799 722 754 778 757 754 751 749 738 914 923 1101 524 507 512 508 943 952
857 856 878 874 867 862 878 845 879 876 481 472 858 857 863 873 481 876 882 876 877 859 875 872 315 317 316 893 319 894
280 194 280 284 359 356 301 376 298 330 295 330 302 333 359 285 288 372 289 372 359 284 288 357 290 373 371 366 362 335
587 586 584 582 583 584 586 588 587 588 586 585 587 590 587 588 587 586 588 587 590 588 587 588 587 585 587 590 587 585
862 863 866 872 315 311 890 386 388 389 388 392 396 423 426 677 676 763 674 675 729 760 762 766 729 763 727 756 779 724
922 538 542 509 948 628 630 629 627 624 622 620 619 621 618 616 617 615 613 612 611 610 609 608 609 607 609 608 606 607
1126 1127 1128 1127 1125 1127 1129 1131 1132 1129 1128 1131 1132 1131 1130 1129 1130 1131 1132 1130 1129 1128 1127 1126 1128 1126 1128 1127 1129 1132
1050 1055 1069 831 1072 829 1055 1069 1068 792 1069 1055 1054 783 825 828 1051 1047 1052 1073 1071 831 796 797 722 720 722 753 696 702
965 1077 830 1072 1070 1067 1070 1073 1074 1071 1073 1052 1070 1056 1061 1056 1055 828 829 1072 1073 1071 1068 1065 1067 1070 1067 1056 1061 1055
116 114 120 119 122 130 126 127 126 129 132 136 134 140 143 111 68 64 69 68 172 207 213 215 218 231 215 257 261 260
1133 1134 1132 1133 1132 1129 1130 1132 1130 1129 1127 1125 1123 1121 1123 1121 1122 1119 1117 1119 1121 1120 1119 1118 1120 1119 1117 1115 1113 1116
117 51 62 182 177 179 184 190 195 283 280 283 287 339 347 343 345 347 345 347 344 348 351 349 354 351 346 341 343 345
829 825 823 846 850 848 853 850 856 860 878 856 853 850 851 854 852 856 854 857 855 854 850 849 848 880 885 844 879 875
1004 1002 1004 1007 1011 1014 1013 1018 1013 1015 1020 1023 1025 1024 1022 1021 1017 1021 1022 1020 1023 1022 1025 1026 1024 1022 1018 1013 1009 1006
27 30 33 36 32 31 34 33 31 28 32 37 36 35 36 35 34 35 36 41 44 42 40 35 39 42 47 42 46 40
0 2 3 2 4 2 0 1 2 4 6 8 9 11 12 15 17 19 17 21 16 21 20 18 23 20 16 15 14 19
446 441 737 733 680 677 680 736 740 736 441 800 722 444 913 907 912 908 550 551 489 554 553 557 496 549 526 550 523 912
42 45 44 123 47 53 45 50 57 51 62 60 56 59 63 57 50 55 50 47 46 47 48 49 58 54 51 47 53 182
102 107 112 115 150 148 147 111 147 112 107 68 65 113 146 116 113 118 113 115 147 142 139 133 136 138 143 147 108 113
245 243 238 243 248 255 248 231 214 165 144 138 171 169 168 207 212 257 215 211 165 167 172 170 210 166 70 71 68 63
559 555 557 563 565 567 563 557 490 556 491 494 498 515 1088 1089 519 514 517 512 509 538 507 522 553 1085 1084 480 466 464
249 247 234 246 234 231 216 261 264 265 208 269 201 196 184 196 180 175 179 177 171 167 145 167 170 175 138 143 142 137
257 212 261 257 212 207 205 265 263 260 261 208 211 217 249 219 257 255 261 239 238 262 266 264 265 205 201 199 197 177
542 544 542 540 505 510 501 510 543 541 539 1103 951 1100 926 925 923 913 915 438 731 753 721 750 747 746 717 714 711 1065
163 148 151 147 150 109 146 145 140 145 168 164 215 220 248 255 220 216 226 232 236 233 213 233 231 236 240 238 233 228
1047 1048 1073 1068 1069 831 826 832 835 883 835 800 731 438 729 675 766 671 736 732 675 763 766 769 686 770 773 767 763 762
488 460 462 459 481 469 862 860 863 878 886 836 444 913 916 908 910 904 532 529 546 544 543 499 501 500 503 544 504 633
1117 1116 1113 1111 1109 1106 741 670 685 687 772 769 690 687 667 741 684 740 738 737 683 669 682 914 913 924 922 912 925 446
751 794 751 735 730 763 674 679 421 418 398 382 380 381 333 372 295 374 373 292 370 366 361 338 360 361 305 309 311 310
573 568 562 564 558 560 557 490 552 521 553 1086 1083 1098 955 924 955 1083 1098 1084 485 480 479 483 486 1086 480 466 478 475
487 552 489 557 556 555 465 485 466 468 465 871 464 459 458 891 458 460 485 482 486 464 463 873 872 875 841 891 315 893
733 738 449 749 719 790 794 831 829 826 847 844 875 844 879 1081 878 877 481 478 466 554 520 519 512 511 522 552 554 483
209 261 267 264 266 267 261 239 237 247 249 253 219 94 222 219 250 251 222 251 224 221 220 219 251 256 249 251 257 253
517 1088 520 555 560 562 498 501 494 496 548 496 501 503 507 947 508 513 520 515 514 513 499 503 504 510 521 516 511 954
656 657 655 654 656 657 655 651 654 650 653 651 648 651 649 647 645 649 650 646 648 645 642 639 636 633 504 502 543 527
348 343 342 341 338 336 364 336 363 335 361 338 308 383 305 307 308 305 333 308 343 308 343 341 346 347 346 351 347 342
129 127 122 116 117 113 146 149 153 150 153 149 147 143 134 139 144 146 150 159 96 163 144 142 170 211 216 217 212 257
39 41 43 47 40 36 33 38 39 37 42 41 42 43 48 40 42 45 49 124 48 125 123 117 123 127 123 48 42 44
574 575 578 579 577 575 571 567 571 565 564 569 571 574 569 568 570 568 566 569 572 566 497 495 493 494 498 513 519 511
692 691 765 672 669 670 741 743 742 925 922 914 921 1102 954 1101 923 922 919 917 911 918 535 534 525 490 488 556 491 548
534 918 1107 537 920 537 1104 535 911 916 680 914 912 523 490 551 553 487 556 555 554 556 489 553 554 557 558 560 554 519
769 685 742 668 683 670 667 771 665 686 668 666 771 768 763 766 764 760 759 727 723 721 795 720 751 796 719 710 714 711
1123 1124 1126 1125 1124 1126 1128 1126 1125 1122 1119 1122 1124 1122 1121 1119 1122 1119 1118 1115 1117 1115 1117 1115 1117 1114 1116 1117 1114 1116
71 69 67 73 78 72 78 74 70 166 77 82 98 101 106 71 69 166 76 166 72 78 81 82 100 79 75 77 74 72
930 928 1099 955 956 1100 1102 921 537 506 509 512 509 630 627 625 624 625 623 624 627 625 628 948 950 945 939 938 1092 1089
1002 1004 1005 1008 1006 1007 1008 1006 1007 1004 1005 1004 1006 1008 1010 1014 1013 1018 1016 1014 1019 1016 1020 1023 1020 1022 1020 1016 1013 1010
744 745 747 717 718 749 717 794 752 721 786 782 781 825 826 825 819 838 819 843 815 814 810 807 804 390 807 813 814 805
66 64 60 62 63 178 183 196 198 278 277 274 279 280 281 287 288 286 338 286 288 357 358 344 342 343 344 347 345 340
635 632 539 540 506 538 1107 921 918 920 1104 1107 921 524 1101 923 911 533 536 953 523 953 956 1084 460 895 905 906 432 903
906 907 915 913 909 910 913 454 442 732 767 671 670 686 741 1105 1102 950 945 936 942 954 953 942 934 933 935 1092 957 1081
138 142 139 140 136 133 127 123 121 117 111 116 113 146 143 115 121 115 116 115 145 149 161 158 157 152 148 161 152 104
171 168 66 175 66 60 61 175 169 206 203 169 168 174 180 184 180 199 201 273 272 276 279 281 279 283 279 194 197 279
729 726 755 777 699 776 723 755 779 755 753 756 802 806 807 387 386 418 433 415 402 406 409 414 379 374 376 372 369 361
311 309 311 308 337 305 334 368 359 334 360 362 306 398 383 303 302 363 367 190 195 199 197 195 283 287 282 194 191 288
933 1095 934 936 941 946 942 944 951 1101 1104 1105 1107 921 524 536 522 507 508 510 543 525 921 914 443 457 460 488 550 524
480 1086 482 467 481 470 473 477 479 466 554 460 484 486 483 486 555 553 489 902 895 892 457 456 454 452 458 459 458 461
952 946 951 508 523 520 513 631 951 948 539 542 539 540 506 539 507 502 505 506 509 538 1104 538 922 918 915 438 420 417
399 382 415 431 414 415 402 403 401 416 414 417 398 305 304 384 393 395 390 807 839 805 808 805 802 803 806 801 724 754
530 534 919 537 539 541 540 539 633 630 627 630 631 630 944 936 939 1085 484 467 484 1084 521 953 521 519 515 521 1086 1085
1127 1126 1127 1125 1123 1124 1126 1124 1122 1120 1119 1121 1120 1122 1125 1122 1123 1125 1126 1128 1126 1125 1123 1121 1122 1124 1125 1123 1125 1127
957 960 958 450 1097 450 451 452 880 877 469 468 481 483 467 485 554 466 482 481 876 875 879 848 853 849 847 846 849 851
212 265 262 258 248 231 217 225 226 216 261 211 165 74 72 73 76 71 66 172 169 141 140 133 126 130 134 129 125 52
679 425 679 424 426 429 432 416 417 433 424 395 419 424 418 394 397 392 422 435 419 436 435 419 730 438 915 734 444 887
543 542 539 634 636 638 640 636 637 639 641 644 643 644 641 644 646 648 651 654 657 656 658 655 656 657 654 655 657 655
288 358 334 381 333 336 305 383 417 381 379 302 332 333 313 347 313 316 313 314 315 316 313 308 311 312 315 891 440 445
981 984 985 987 985 983 984 986 985 984 987 988 990 989 991 990 991 993 991 993 991 993 995 997 996 995 994 992 990 992
1027 1029 1028 1030 1036 1035 1033 1037 1031 1028 1026 1028 1033 1029 1028 1031 1033 1039 1037 1035 1040 1043 1045 1048 1073 1076 1074 1070 1071 1067
211 207 210 207 204 201 203 202 205 269 268 265 270 265 266 268 269 201 196 183 182 58 64 68 113 115 150 147 163 164
977 974 972 970 973 976 975 979 975 973 970 971 973 974 971 970 966 968 965 964 961 1096 1082 480 469 475 477 472 474 471
299 300 331 328 324 321 317 314 317 872 876 866 873 866 871 465 485 483 464 481 468 874 877 863 865 867 869 865 862 865
100 97 100 82 79 81 228 234 246 247 233 231 216 219 249 245 238 243 235 232 217 227 217 225 223 90 223 90 87 92
482 485 467 483 482 1086 955 943 954 1084 485 553 485 459 1083 1084 482 484 458 873 464 554 484 466 487 489 549 550 533 549
330 331 332 329 332 374 332 377 299 295 293 297 292 295 292 372 290 289 370 372 300 326 322 320 314 312 316 897 899 896
217 232 213 231 218 225 218 220 219 225 227 225 221 217 222 220 225 224 248 243 234 226 248 245 237 239 266 264 263 268
539 952 925 450 449 451 1097 1082 959 957 928 933 929 936 942 933 935 1092 957 1097 1098 451 454 439 437 730 676 732 735 770
332 335 339 342 309 313 311 314 315 891 461 457 458 484 459 462 893 462 459 456 460 487 459 876 469 480 1084 487 457 913
139 140 141 145 167 163 165 168 164 141 140 137 134 132 127 124 119 122 118 116 112 108 151 158 155 154 150 108 147 146
509 630 945 943 515 553 551 550 491 489 904 432 431 427 428 433 436 890 894 318 464 323 898 893 315 872 315 890 887 458
721 751 775 722 752 751 750 747 745 666 689 664 688 667 689 691 696 772 769 672 673 767 771 751 775 695 774 694 705 697
676 762 673 675 677 680 917 915 909 895 899 907 532 528 532 526 534 530 527 546 544 541 544 546 527 543 505 501 504 507
1092 1089 941 936 1093 931 929 926 957 926 928 958 1095 934 929 932 929 1097 1099 1100 957 954 951 1102 953 538 951 537 1102 921
300 328 355 354 348 346 310 312 315 893 436 893 889 839 801 799 444 454 835 796 834 825 783 780 755 754 753 774 771 748
533 532 530 526 533 918 682 741 740 684 671 681 672 766 761 693 768 691 695 702 699 788 792 831 827 828 827 831 792 786
1003 1004 1006 1008 1005 1004 1003 1001 1000 999 998 999 997 995 997 995 993 994 992 991 990 989 991 992 994 996 994 992 993 995
742 1104 922 1103 920 533 918 921 1103 539 633 506 539 506 538 1101 1102 924 742 924 446 924 742 1105 921 912 921 912 924 913
1015 1016 1013 1012 1010 1014 1016 1013 1012 1014 1012 1009 1007 1006 1008 1012 1015 1019 1014 1019 1015 1011 1009 1011 1007 1010 1011 1012 1008 1011
59 179 62 176 178 172 171 138 172 173 207 208 211 169 211 215 258 263 260 255 251 257 256 249 252 250 251 252 220 248
985 986 988 990 991 990 988 990 989 987 988 989 987 984 986 984 983 985 982 980 982 980 981 978 979 978 979 977 978 980
850 856 853 856 848 822 827 1051 1054 1057 1066 1060 1066 1070 1068 1072 1075 962 960 958 1096 1099 1101 954 956 1100 925 922 1103 924
194 192 187 189 187 182 178 180 176 181 176 174 203 177 197 195 197 280 274 277 280 275 272 204 170 141 167 141 142 139
411 375 377 412 406 403 405 375 410 412 375 411 405 382 416 415 402 404 406 411 412 409 376 374 301 378 329 299 326 323
812 846 847 822 825 828 1048 1051 824 818 780 785 790 786 780 822 828 1051 828 823 828 1054 783 1059 1063 1062 709 789 794 718
677 421 420 395 398 396 401 406 401 399 403 410 408 363 372 377 372 332 330 294 293 295 374 378 374 376 377 331 334 369
1070 1072 1075 1071 1069 1052 1053 1056 1065 1064 788 790 785 788 1059 1061 784 1062 1063 1059 1057 1052 1050 1049 1046 1045 1051 1055 1054 1058
532 907 533 911 923 1102 1100 922 742 743 737 733 441 442 913 915 733 440 454 883 452 456 457 455 453 445 453 445 722 719
118 122 125 127 124 118 114 143 134 130 123 130 132 133 140 145 114 64 62 58 57 56 51 55 185 184 196 176 179 59
1130 1133 1130 1128 1126 1128 1131 1129 1127 1130 1133 1134 1133 1134 1132 1129 1132 1133 1130 1128 1127 1125 1127 1126 1124 1125 1124 1122 1125 1123
846 815 814 819 843 812 846 812 815 817 822 819 815 820 824 783 788 785 783 789 783 1055 1058 783 824 781 778 699 710 708
858 853 850 852 855 859 865 860 858 863 862 856 848 849 850 854 855 858 857 855 854 855 858 859 862 468 872 463 320 315
897 317 897 461 488 460 905 901 897 892 461 464 487 556 551 524 522 536 541 506 502 503 500 502 542 544 503 501 497 493
165 69 114 108 112 149 155 157 158 152 156 158 95 96 95 162 160 99 162 158 95 163 76 107 68 63 67 66 172 63
809 806 838 839 802 756 802 756 754 725 724 725 723 721 724 723 727 726 756 758 727 729 422 420 418 435 416 380 379 331
658 657 656 658 655 654 655 657 658 659 657 655 653 651 652 655 651 654 653 655 654 653 652 655 654 652 650 647 645 643
738 751 794 796 722 798 886 887 453 456 452 886 454 885 847 880 1080 1078 1080 1082 1083 1084 955 924 535 920 1108 1104 921 524
31 30 32 31 30 34 39 44 42 40 35 36 40 37 42 43 41 42 38 42 41 43 45 48 44 123 119 123 127 132
841 843 842 812 846 880 887 881 458 890 893 895 905 900 378 376 292 376 298 329 298 300 298 293 295 294 292 293 297 300
722 800 722 720 753 720 722 731 735 684 667 686 768 693 692 697 695 707 695 705 704 707 695 703 694 692 697 752 790 785
630 626 630 633 632 631 630 631 509 631 949 948 628 944 630 633 506 542 507 503 546 491 558 559 557 553 487 485 465 481
661 659 657 658 656 658 655 653 654 656 654 651 655 658 655 653 650 653 650 648 647 649 648 650 648 645 648 649 645 649
1012 1016 1017 1014 1016 1012 1008 1005 1008 1009 1011 1014 1017 1018 1021 1022 1021 1024 1022 1020 1023 1021 1020 1016 1020 1022 1021 1019 1017 1020
556 552 490 493 491 547 493 546 493 544 500 499 501 505 504 541 540 634 635 633 632 948 632 506 537 536 533 532 907 909
476 482 486 551 490 522 512 508 540 542 540 541 507 505 503 499 503 493 550 493 545 503 501 498 497 495 492 546 527 528
950 951 539 950 1103 920 1108 1109 1108 1105 1109 1108 1107 1106 1104 1108 1106 919 534 918 533 908 911 908 906 461 464 466 487 552
28 31 35 37 36 33 31 32 30 27 30 32 34 30 34 33 32 30 27 28 31 35 39 35 37 34 35 34 33 38
29 27 28 31 30 28 31 33 34 32 28 29 27 30 27 26 24 26 27 28 32 34 37 41 46 49 58 57 50 46
647 649 650 649 650 651 649 647 651 655 652 653 655 656 657 655 651 652 651 648 647 649 652 654 657 654 651 655 651 648
633 632 634 631 512 631 506 509 512 953 522 550 488 460 461 896 906 911 915 439 436 437 420 417 415 899 906 898 893 436
894 892 462 873 870 868 867 875 872 465 483 485 480 485 554 463 462 898 901 898 461 458 888 890 315 312 316 872 314 310
958 926 928 958 1081 881 1080 1082 484 459 455 461 455 1081 1082 884 454 891 454 457 892 891 459 454 447 445 731 442 913 915
354 348 354 350 348 347 355 352 317 311 841 311 841 890 887 890 894 318 323 318 871 867 865 870 314 309 313 309 305 383
161 157 152 161 148 152 154 159 160 152 161 152 154 158 95 158 159 99 96 163 76 79 80 77 75 166 171 169 72 76
1033 1035 1034 1036 1031 1035 1030 1028 1029 1033 1038 1035 1036 1035 1033 1038 1044 1046 1045 1042 1038 1042 1039 1040 1045 1040 1035 1037 1042 1038
591 589 590 589 590 588 591 593 596 597 595 593 592 593 591 593 590 593 591 588 589 590 593 596 594 596 593 595 592 590
110 68 63 60 58 51 57 61 175 67 62 176 178 62 64 175 172 65 117 122 124 48 52 45 124 47 51 55 182 53
1011 1012 1016 1012 1008 1011 1015 1012 1015 1012 1008 1007 1008 1007 1011 1007 1010 1009 1008 1011 1008 1009 1011 1009 1011 1010 1008 1007 1004 1006
1101 925 952 951 1100 523 489 550 548 533 531 533 917 913 457 453 450 451 1098 955 943 512 507 512 509 633 631 629 944 947
963 1079 963 1079 1078 960 959 1083 1086 1090 957 1097 958 1084 484 467 471 865 874 872 468 469 468 464 466 463 459 1082 1099 1102
106 107 104 149 158 153 155 156 152 161 99 105 102 106 101 159 158 151 156 160 163 161 152 159 105 99 105 103 107 103
313 319 463 898 902 488 555 556 559 555 556 559 557 497 491 548 491 551 522 511 514 515 517 518 498 493 490 491 547 492
896 906 910 911 533 524 533 911 917 910 916 914 910 911 916 917 535 953 1102 946 949 946 951 509 502 498 501 493 544 545
322 317 319 322 318 317 321 326 325 323 464 461 899 907 532 528 544 505 509 502 507 543 500 498 500 499 545 500 493 501
1078 1075 1072 1070 1052 1051 1053 1047 1050 828 792 832 797 800 797 836 797 832 1073 1075 962 1080 476 477 483 482 466 485 462 873
218 254 256 259 255 253 254 255 254 249 245 238 265 264 266 265 241 235 230 213 211 165 144 167 172 66 70 168 142 139
274 269 267 261 215 219 94 95 163 97 93 97 218 217 226 248 231 217 227 220 250 223 226 232 238 265 260 261 216 231
435 420 417 382 383 434 895 898 319 313 310 341 310 311 841 311 316 898 899 905 895 434 896 894 890 840 887 443 453 958
824 826 825 832 1072 832 793 791 718 721 786 723 799 725 759 756 754 751 750 794 718 721 794 796 795 796 799 818 799 444
760 765 760 758 754 780 778 757 754 798 799 821 824 818 813 809 812 808 813 811 812 808 805 802 838 802 799 722 800 723
975 972 970 971 972 970 966 963 1077 1080 1096 1098 1099 952 538 535 550 488 522 955 1085 1084 1085 485 555 488 487 553 460 487
1129 1128 1131 1130 1129 1130 1132 1130 1129 1127 1125 1126 1127 1130 1128 1127 1125 1126 1124 1125 1122 1121 1124 1122 1120 1118 1117 1115 1116 1118
519 1085 1087 483 467 866 468 478 481 468 877 480 468 863 469 480 470 472 858 859 863 864 866 877 878 845 841 311 840 806
56 54 48 40 49 57 52 46 45 39 36 37 42 48 53 50 47 44 42 37 36 35 37 32 31 30 29 28 25 28
337 307 387 386 806 838 816 846 850 846 880 848 880 881 452 455 876 480 481 480 470 481 486 555 520 555 466 481 466 484
920 535 911 914 911 533 904 901 897 892 891 440 445 737 442 453 958 453 443 457 1084 459 485 487 1084 457 460 457 895 434
566 565 567 568 573 570 575 576 572 570 567 573 567 562 558 497 563 557 490 548 493 499 493 490 549 546 527 531 532 525
441 444 440 734 736 441 730 729 763 764 673 675 674 675 762 675 728 421 438 424 438 679 678 426 423 427 426 403 402 401
699 701 708 707 711 715 710 715 716 719 718 795 719 750 747 749 747 743 923 1100 1098 957 1086 486 483 1087 515 1088 941 943
401 398 306 384 398 417 399 405 365 404 407 408 407 403 408 363 304 384 416 414 380 377 302 369 362 337 336 361 304 402
708 711 1065 1060 1057 1058 1059 1061 1058 1066 1056 1051 1057 1062 1058 1059 1056 1055 1061 1062 1061 1062 1058 787 790 719 795 749 449 446
779 784 785 1062 1061 1063 1060 1061 1064 1067 1070 1069 792 1059 1064 709 1062 1061 1059 1056 1053 1055 784 1055 1057 1053 1055 1066 1055 828
182 184 196 194 279 282 277 278 281 275 269 201 173 177 175 64 67 175 65 172 67 66 67 72 69 169 167 172 167 170
585 587 588 586 587 590 589 591 592 589 588 590 591 589 591 589 588 587 585 584 582 580 582 581 579 578 580 582 581 584
1116 1114 1117 1119 1121 1123 1125 1123 1121 1123 1124 1122 1123 1122 1125 1123 1122 1121 1123 1122 1124 1125 1127 1129 1130 1129 1128 1126 1128 1127
371 373 372 289 368 334 382 405 414 379 377 296 294 296 291 373 289 191 188 184 188 192 196 202 207 203 201 173 172 70
891 459 456 460 909 913 917 682 670 740 915 734 737 741 745 665 771 749 750 752 776 779 777 753 759 725 804 814 804 805
1024 1025 1023 1025 1023 1020 1023 1025 1023 1024 1025 1022 1025 1023 1021 1019 1020 1018 1022 1018 1021 1023 1025 1023 1022 1023 1022 1025 1027 1024
479 484 458 456 457 454 835 885 884 879 875 842 840 815 814 811 841 839 844 888 886 881 1080 885 797 832 793 1069 1052 1070
1079 960 1097 1096 1082 956 1099 1096 1094 1095 958 884 447 445 447 885 797 791 832 1073 831 828 1054 1055 1066 1064 1059 1061 1059 1064
768 690 767 765 767 764 696 767 769 671 669 686 684 681 678 425 433 899 901 900 901 902 898 901 904 490 557 560 561 560
1095 930 928 1097 927 1095 959 961 959 1081 879 886 454 888 887 452 1080 1079 961 476 475 470 481 472 469 474 477 483 554 1084
461 893 890 386 391 397 401 398 416 435 436 421 728 421 434 415 432 434 416 383 308 309 306 398 383 398 304 364 361 286
44 39 42 48 120 122 133 130 123 122 124 122 133 137 136 141 171 172 65 69 114 115 114 65 176 63 69 71 70 75
88 96 163 162 158 95 161 162 148 162 158 162 93 95 158 148 143 145 168 145 165 142 137 136 141 136 135 133 122 124
575 573 569 563 559 558 497 563 557 556 554 557 556 559 560 554 555 486 1085 1084 1086 483 479 476 469 466 484 467 482 479
618 617 618 620 621 619 622 625 623 625 624 622 625 622 624 622 625 627 630 948 629 631 944 631 949 947 954 956 954 955
805 816 819 837 819 823 847 846 880 878 874 860 861 865 864 862 863 858 854 855 857 854 858 860 866 862 857 863 878 876
457 455 447 455 461 460 463 461 895 892 457 912 1101 924 953 536 951 1101 537 1102 925 922 1105 923 911 916 921 534 536 533
615 617 618 617 618 617 616 615 617 616 613 611 608 607 606 605 606 604 605 604 605 603 604 606 605 603 601 599 597 595
1057 1062 1061 1058 1062 1060 1064 788 784 783 782 821 823 821 817 815 813 810 812 810 808 806 386 385 391 419 438 418 427 425
670 672 673 671 769 765 675 733 728 421 676 424 433 429 427 399 394 397 392 389 394 383 384 396 399 398 393 398 416 381
817 823 826 820 824 825 791 783 1058 1053 1052 1046 1049 1052 828 825 797 836 801 817 823 820 818 817 820 822 835 837 886 847
151 146 144 168 171 174 171 141 138 139 142 146 110 146 115 112 114 66 63 61 56 52 62 67 73 69 114 109 107 73
879 886 836 833 796 719 748 746 743 748 747 743 925 1101 953 944 630 629 626 630 509 633 504 544 541 507 505 633 636 635
440 437 436 439 454 891 454 442 439 444 800 723 800 724 798 796 451 448 749 748 771 688 690 689 667 664 771 687 691 696
876 468 464 319 320 315 313 316 898 900 901 903 898 461 460 895 460 464 485 483 468 471 468 471 865 864 860 861 857 859
526 492 493 494 546 544 505 633 504 542 508 543 508 542 539 540 505 633 509 538 947 950 539 633 636 638 636 638 639 641
502 513 517 512 517 512 508 523 550 493 497 557 553 515 1088 1085 1099 926 956 959 958 1081 1083 957 456 455 460 461 894 893
767 766 765 760 729 731 440 441 800 837 834 795 721 775 723 752 722 723 727 732 736 915 439 421 678 676 421 679 681 678
319 315 462 873 318 872 875 860 857 858 857 859 876 480 475 478 477 481 472 858 862 856 879 845 843 819 817 802 805 809
856 849 847 885 837 889 838 888 837 444 449 452 1082 958 452 886 879 847 818 813 815 813 809 810 813 814 809 387 811 841
1074 1070 1073 1070 1074 1076 1079 960 1081 1080 452 887 888 887 890 312 890 892 440 435 417 416 304 334 369 361 338 339 358 285
622 624 621 624 621 623 624 626 627 628 941 943 940 515 1087 516 512 510 543 502 504 505 508 539 509 632 631 944 509 539
80 227 229 227 220 226 220 248 231 225 218 216 258 252 257 260 265 241 235 209 205 265 260 262 257 253 256 257 259 261
353 350 347 349 354 355 331 377 411 379 377 372 292 290 287 281 287 284 280 283 287 288 360 359 288 360 338 286 285 339
1048 1047 1046 1049 1047 827 1052 1047 1051 1045 1050 1054 1052 1053 1051 828 822 781 825 791 792 1066 1067 1065 1069 1056 1060 1056 1053 1052
65 172 70 64 175 62 51 45 40 42 39 40 46 40 46 43 48 124 120 116 146 148 149 105 104 149 112 149 105 104
639 641 639 640 641 643 641 638 639 637 634 540 507 508 540 508 506 505 540 507 541 507 512 508 632 539 952 948 945 949
35 31 28 32 31 32 30 28 25 22 18 21 19 21 22 19 15 17 15 17 15 17 18 14 18 20 16 21 20 18
352 331 300 328 298 296 300 295 291 288 290 295 372 334 371 289 372 290 357 353 351 347 343 309 314 320 315 313 309 312
865 471 468 873 463 461 319 895 905 901 898 903 900 378 295 373 295 294 299 296 295 372 289 290 374 375 374 380 304 405
1056 1065 1060 1058 1055 1050 1045 1042 1041 1042 1039 1042 1044 1042 1043 1038 1034 1037 1032 1027 1025 1027 1031 1028 1026 1027 1024 1023 1024 1022
913 445 720 448 450 926 450 443 440 437 435 419 384 397 399 418 398 418 394 386 419 383 893 316 872 465 483 467 469 468
175 63 67 172 171 65 71 65 70 71 70 171 170 203 176 65 176 171 176 170 204 201 198 197 200 174 177 62 61 67
396 423 419 386 395 390 389 807 811 842 843 838 890 889 440 439 435 423 421 436 433 906 432 427 431 430 414 416 424 430
270 272 277 283 287 358 356 358 372 367 363 303 382 896 899 896 895 905 901 904 550 522 521 552 520 517 516 1089 940 516
743 684 683 917 916 921 912 453 883 885 455 1081 452 887 453 958 1080 960 963 962 1079 961 1093 1092 934 1093 1090 937 1090 1086
497 566 562 564 561 566 564 562 566 562 564 566 568 565 562 560 554 489 555 488 463 464 481 877 879 886 884 834 830 1074
998 999 1001 1002 1000 1002 1004 1002 1000 998 999 998 997 995 994 995 997 996 994 995 996 998 996 995 997 996 998 997 995 997
941 944 509 633 506 539 538 541 507 512 953 956 483 485 465 468 863 468 484 487 465 554 555 486 465 468 866 471 468 466
418 399 397 403 400 405 399 416 384 394 397 400 402 382 302 305 308 304 402 397 393 394 306 383 306 308 338 287 282 284
90 87 85 82 85 97 85 83 86 88 90 93 96 158 162 97 93 223 222 93 86 84 86 88 93 85 93 220 225 217
238 239 212 166 167 142 115 145 168 70 75 77 74 79 76 74 76 80 227 217 228 226 220 221 216 221 92 88 89 90
1112 1110 1111 1113 1111 1112 1113 1110 1111 1114 1111 1109 1112 1113 1114 1111 1112 1114 1115 1118 1116 1115 1118 1116 1113 1110 1109 1107 538 542
18 21 17 21 18 15 16 19 16 13 15 16 21 16 17 21 23 24 23 19 14 13 11 9 8 10 11 10 8 7
20 17 14 16 20 16 18 17 21 23 25 26 23 19 23 26 25 26 27 30 27 28 30 27 25 26 29 32 36 39
969 972 975 974 975 979 982 983 984 987 984 985 987 985 984 986 987 985 986 985 984 981 980 978 976 979 976 974 973 972
342 343 348 356 331 334 337 359 285 283 287 357 359 332 302 379 378 375 369 404 402 415 303 382 401 406 429 433 429 428
552 554 466 483 1084 1099 1101 912 913 907 908 534 538 952 943 516 514 517 513 517 1088 515 512 513 502 545 546 548 551 524
268 262 212 210 235 238 237 241 238 233 237 247 246 247 245 242 239 236 240 262 258 261 235 214 235 243 234 244 237 240
339 337 305 362 334 308 309 305 383 312 310 312 313 315 893 889 840 806 811 839 841 881 847 822 819 837 818 814 838 815
199 276 281 287 357 347 349 344 346 342 346 356 351 347 352 346 348 350 351 353 356 331 354 331 333 330 327 324 320 316
145 146 143 115 114 142 115 147 151 153 150 154 157 96 157 155 156 160 163 159 97 83 78 81 76 165 163 164 145 166
1114 1115 1112 1114 1113 1112 1113 1114 1117 1118 1117 1115 1114 1111 1112 1111 1114 1116 1117 1116 1115 1114 1113 1111 1113 1111 1112 1115 1118 1115
583 582 583 582 584 583 585 583 581 579 576 574 576 575 572 571 566 562 565 566 567 570 565 568 571 567 569 565 567 568
864 861 865 869 864 869 865 871 468 866 870 873 867 871 463 462 893 890 436 440 439 910 914 909 461 460 484 553 1085 1099
673 762 760 763 730 421 730 436 418 399 397 385 388 385 395 383 304 402 429 402 427 429 432 428 427 433 429 403 407 406
253 250 249 217 80 85 83 85 98 82 78 75 165 75 104 108 149 155 152 104 76 81 79 76 163 96 95 160 97 80
504 500 492 493 499 503 504 505 502 510 509 505 542 540 507 953 955 1100 924 925 1102 954 1098 1083 955 953 507 947 943 942
614 612 611 612 614 615 613 614 613 612 611 612 611 609 608 606 607 609 607 609 608 610 612 614 616 614 615 618 619 620
709 699 785 1062 1057 1059 1053 1052 1057 1061 784 787 788 711 790 710 752 697 696 775 721 794 792 788 791 794 831 832 833 797
169 170 174 171 70 75 73 168 146 142 140 142 147 149 158 161 98 86 83 82 79 76 107 68 66 60 179 184 196 177
424 429 432 906 899 901 897 461 458 463 465 871 467 469 865 861 863 469 467 465 483 480 482 480 481 876 484 467 465 554
25 22 19 23 20 19 15 13 10 12 14 18 20 22 25 27 26 28 30 32 33 37 39 37 38 36 39 38 42 46
200 197 203 172 168 164 168 69 167 142 118 117 122 123 124 123 119 123 44 43 40 43 45 43 49 46 45 43 49 47
370 375 411 406 410 414 412 301 376 412 413 380 379 301 332 359 335 359 334 362 361 372 301 374 302 374 376 378 412 376
545 548 495 500 497 491 497 558 555 487 464 484 479 1082 484 1082 453 450 1100 953 1101 1102 537 1102 1105 1104 536 524 922 912
142 170 173 138 168 170 142 141 146 150 112 113 65 118 143 118 122 118 121 115 147 148 111 114 142 139 141 165 162 99
538 1105 742 1104 1105 1107 922 1101 922 1100 952 943 511 512 946 953 951 537 922 523 1100 927 1099 1082 451 454 885 454 458 457
220 221 90 221 220 224 223 219 221 225 227 220 225 224 223 225 226 247 243 244 241 235 262 258 263 266 265 238 247 226
471 866 875 845 847 846 820 819 825 791 789 699 702 699 701 694 704 692 697 702 701 697 696 753 726 757 725 779 780 822
62 182 177 199 204 208 261 257 212 211 261 263 258 216 221 85 221 220 226 225 226 231 236 241 238 243 236 243 235 214
627 626 623 625 623 625 622 623 626 627 629 628 941 940 936 929 934 1091 940 515 514 515 1087 1083 456 454 447 442 445 798
972 975 976 975 973 976 979 980 982 979 977 979 982 980 981 979 978 980 978 979 978 979 982 985 983 986 987 989 990 992
250 219 222 92 96 161 94 218 95 97 80 75 81 80 228 214 228 217 220 221 93 95 162 97 79 76 166 145 164 144
833 834 798 447 443 456 443 446 444 439 445 735 442 437 889 892 417 418 436 730 420 436 892 893 383 308 312 313 346 314
1019 1017 1020 1017 1021 1022 1025 1026 1027 1030 1028 1029 1030 1036 1039 1034 1031 1029 1030 1036 1038 1041 1035 1036 1033 1036 1041 1040 1043 1039
825 819 837 802 839 887 889 893 892 434 895 899 900 897 899 900 301 374 369 334 305 306 307 312 314 310 308 385 393 394
444 443 453 455 454 835 722 754 799 798 837 834 798 447 455 882 877 862 863 877 856 879 878 863 858 861 857 860 875 877
710 711 715 712 1064 1063 1065 1060 1061 1055 1058 1057 1066 1068 793 831 834 448 795 791 785 786 791 796 791 832 791 785 781 783
6 5 3 1 2 4 6 7 6 8 6 8 11 10 12 9 12 11 13 10 7 5 7 5 7 8 7 9 11 9
690 687 671 683 742 745 666 745 652 648 649 650 653 650 647 649 650 649 653 652 745 748 745 747 718 719 794 749 747 745
620 621 618 617 615 617 619 620 623 622 623 626 628 630 948 539 632 539 541 542 544 505 634 636 635 637 638 640 637 638
780 785 789 709 1064 1057 1062 709 788 776 699 710 699 707 713 715 718 790 712 709 710 714 717 749 738 737 449 448 443 450
86 98 84 85 97 218 254 260 254 258 238 234 233 230 233 230 217 232 229 213 227 228 77 228 227 217 226 216 217 212
60 65 70 171 167 215 210 205 209 204 205 208 204 170 69 72 71 74 70 71 67 71 69 114 112 109 113 117 113 116
871 867 872 871 318 314 320 321 322 465 485 483 478 466 479 478 468 472 468 863 468 485 467 466 485 482 554 483 1086 940
431 412 377 411 409 408 365 401 304 308 312 307 337 334 359 372 369 408 365 401 365 363 367 371 372 334 357 360 362 360
308 336 359 338 359 335 359 332 335 362 368 360 368 359 371 289 359 284 359 337 361 337 307 305 308 339 285 338 337 362
391 392 423 426 423 418 423 425 676 763 764 760 762 674 678 677 422 425 678 425 433 435 422 677 426 425 423 418 391 388
87 84 80 76 77 76 104 76 214 212 231 218 162 95 96 98 79 97 94 221 222 250 251 256 251 219 257 216 234 233
287 359 286 360 335 363 403 430 413 900 414 412 430 403 398 423 398 397 393 398 400 402 404 402 414 415 432 431 432 896
5 7 6 8 10 12 15 19 14 12 14 18 20 16 21 22 19 23 24 23 24 23 22 25 27 28 27 26 28 32
2 4 3 5 4 5 3 5 6 8 9 7 8 6 5 8 9 7 9 8 7 10 8 11 9 7 9 12 9 7
398 401 405 363 382 385 306 304 363 335 306 335 339 358 335 337 361 359 333 308 305 304 308 306 384 305 334 331 329 327
13 10 12 10 9 10 7 10 7 6 5 6 5 7 9 7 10 13 14 12 11 12 9 8 11 13 14 12 11 10
455 882 877 477 876 879 880 886 452 883 959 1095 1096 958 883 451 958 450 448 721 798 448 452 457 459 457 454 451 453 456
554 485 554 484 876 863 864 861 857 859 854 853 849 851 853 851 852 856 861 856 858 853 850 849 856 845 842 811 812 809
475 476 478 472 481 464 467 465 486 554 552 485 555 487 551 520 555 552 460 459 461 457 456 455 876 874 878 859 864 861
1054 1059 1064 1065 1064 1059 792 719 796 447 456 1099 1100 536 953 946 953 947 946 1100 957 1086 486 556 553 555 560 559 324 323
993 995 993 994 995 996 998 997 996 994 993 994 992 993 994 993 994 993 991 990 991 990 989 990 989 991 993 995 994 996
946 943 516 1088 516 518 521 1085 1086 480 470 477 478 481 465 468 479 1083 479 483 468 871 875 842 843 812 842 839 801 800
638 639 640 637 634 505 540 538 524 511 512 953 512 511 509 514 510 543 541 508 522 953 947 508 522 514 511 520 498 562
691 690 768 770 671 769 767 773 720 790 712 710 714 716 713 706 713 698 696 697 705 708 788 698 694 698 697 694 702 696
349 345 353 355 331 330 299 377 376 298 330 357 302 300 377 378 377 332 290 372 369 334 302 373 370 363 402 396 395 390
426 429 403 363 403 400 427 418 382 379 415 303 333 361 334 336 363 334 358 359 284 287 288 289 372 357 372 373 332 330
262 258 253 249 234 245 249 226 221 224 222 226 234 248 251 220 223 250 255 261 211 169 141 136 132 127 132 131 134 136
36 40 44 49 47 54 48 124 44 40 46 53 55 58 61 66 173 69 110 114 118 120 117 111 112 114 111 150 108 150
549 493 498 557 497 562 561 555 464 871 865 870 868 870 872 866 875 880 884 455 881 886 883 454 885 444 446 449 448 833
939 1088 939 516 511 551 549 527 545 492 527 544 494 499 501 497 563 560 555 558 564 567 569 563 557 489 523 922 535 534
75 71 75 80 99 97 159 163 97 80 85 225 220 218 220 221 220 231 228 80 82 83 85 98 97 161 92 88 93 219
607 609 610 609 608 610 612 614 616 613 614 616 617 616 618 621 623 621 618 621 622 625 626 630 633 635 638 640 642 640
748 745 741 670 674 677 425 426 400 402 408 375 411 406 380 416 402 380 377 302 414 900 378 302 334 371 334 372 357 355
901 897 894 897 898 316 315 310 340 342 347 344 347 349 344 310 314 316 320 901 903 908 532 919 1104 1108 1106 741 682 680
1038 1037 1036 1037 1033 1028 1031 1035 1038 1044 1045 1048 1051 1056 1067 1070 1074 1071 831 1072 793 832 793 711 790 709 701 704 701 703
358 357 302 332 301 379 414 427 426 428 426 677 680 674 670 741 682 914 736 731 442 732 728 731 800 798 835 797 834 830
445 444 450 1098 939 1086 1084 460 486 465 466 465 466 555 520 486 485 480 476 959 1094 934 930 1096 1082 958 884 451 1097 960
45 124 44 40 42 41 44 40 41 36 41 39 44 39 43 39 45 124 121 122 127 128 130 127 125 129 132 126 127 126
924 453 913 441 442 738 748 738 449 447 453 445 735 773 751 750 719 722 775 698 789 775 754 756 727 759 753 776 696 774
746 743 738 733 441 436 730 419 417 381 302 381 897 898 895 906 898 903 905 900 379 301 302 363 365 363 305 333 331 328
242 243 237 244 247 233 235 213 216 254 251 254 218 214 235 216 253 254 220 251 220 251 223 226 227 80 82 81 83 80
938 1089 1086 479 468 470 477 475 479 1086 1085 1086 1082 1097 929 1097 928 958 456 459 1083 1098 927 928 450 449 737 442 737 446
978 979 975 978 976 975 976 974 976 979 975 976 975 972 970 973 971 967 968 969 972 971 973 970 969 972 975 976 975 977
716 718 719 718 750 738 740 669 688 668 665 662 661 662 659 656 654 652 654 651 652 653 651 652 648 646 650 647 648 647
108 151 153 154 153 150 145 141 165 162 161 158 154 152 161 148 162 158 154 159 149 144 164 162 97 99 105 109 72 107
148 108 151 146 112 150 148 153 159 155 151 146 114 117 123 118 120 122 118 116 119 125 123 133 140 145 167 168 146 142
540 541 508 507 536 1102 742 737 735 446 914 740 923 1105 1106 1103 921 524 921 1105 1104 538 951 1102 953 1102 1105 538 1105 538
853 855 852 855 860 845 848 879 878 1081 957 456 443 437 438 435 421 422 435 424 420 422 730 437 729 674 676 420 424 423
61 50 48 43 49 58 55 58 52 121 47 45 49 57 51 52 53 58 62 51 53 45 43 41 44 124 49 40 43 47
870 872 871 873 318 316 898 894 463 459 1084 482 477 877 879 875 842 812 810 811 841 888 458 873 867 869 864 867 866 860
940 937 935 937 939 1090 1089 519 511 521 1086 1089 941 944 513 509 510 506 631 949 950 948 951 538 524 511 509 508 946 1100
486 481 877 883 959 961 1080 959 1080 880 845 842 844 886 847 850 854 857 854 857 858 863 869 864 866 860 862 471 470 472
747 748 719 793 1069 793 787 785 791 795 832 826 827 829 791 829 833 835 799 886 452 883 454 455 876 484 482 477 475 479
410 405 304 401 365 362 363 405 402 398 401 402 397 393 392 388 390 391 396 398 401 396 426 430 403 427 429 430 428 423
97 79 83 85 93 86 88 85 97 218 97 96 91 90 89 87 84 86 93 91 222 221 219 250 219 255 219 220 231 210
281 283 281 283 281 282 283 281 284 287 289 372 368 359 289 373 296 293 292 370 366 365 408 404 364 365 408 406 412 406
753 722 799 780 784 780 778 784 780 799 800 731 442 732 733 421 730 440 442 737 733 675 422 435 440 889 890 840 806 808
48 54 58 50 59 51 54 52 50 56 60 59 55 179 184 187 188 186 56 61 50 58 56 60 57 60 55 52 46 43
128 131 133 127 129 126 129 126 122 124 123 118 138 139 144 141 137 171 142 146 142 144 146 112 113 112 150 153 104 106
803 726 755 776 789 711 788 1063 1057 1051 1045 1041 1038 1041 1037 1036 1030 1035 1036 1035 1032 1036 1039 1034 1039 1037 1043 1041 1037 1039
1088 938 1093 957 960 959 1096 958 1083 482 470 473 476 1083 1098 1095 1097 929 933 932 929 927 929 928 1094 930 931 928 929 1098
560 561 564 565 569 568 571 568 570 572 567 570 564 569 571 572 575 570 575 570 564 558 555 486 459 461 894 895 906 905
210 169 204 170 211 212 209 214 77 82 85 83 81 79 75 103 100 79 82 98 83 100 83 98 85 88 96 162 159 153
700 698 775 774 776 697 752 710 713 715 749 745 666 684 666 665 688 665 668 667 686 667 687 690 689 664 661 658 659 660
777 723 780 724 799 822 834 795 791 795 749 750 794 720 718 716 749 773 691 694 695 694 701 700 698 712 714 710 776 758
642 645 647 646 645 643 640 643 640 636 638 639 641 644 641 639 638 640 641 643 640 638 635 632 635 633 504 543 503 494
468 877 880 845 846 880 879 856 855 853 848 856 878 863 857 863 468 869 468 482 467 481 876 882 877 874 468 873 876 878
448 720 833 884 1082 958 1081 959 1093 1092 1096 1092 957 955 1098 925 926 929 931 935 934 935 934 1094 1093 1090 938 937 933 934
392 388 390 388 390 806 391 392 422 423 418 419 435 419 386 388 808 804 802 801 806 840 841 875 880 1080 959 1095 958 884
493 494 493 494 546 529 531 527 544 545 495 496 498 501 514 510 511 519 521 523 954 940 515 1088 943 936 933 931 930 933
960 1080 1096 959 1078 962 1080 879 884 1080 959 957 928 933 937 1093 1096 1092 938 1090 957 1086 955 1084 479 469 876 871 319 313
478 476 474 471 862 469 471 472 859 477 473 476 1082 1098 955 1099 955 552 550 522 514 515 517 520 518 519 512 953 943 947
776 752 710 791 829 828 825 781 783 780 825 827 828 832 833 826 825 786 788 785 786 754 726 724 722 720 749 449 720 751
580 582 584 582 581 580 579 578 579 581 580 579 578 576 577 579 577 576 574 576 575 573 572 568 565 570 567 563 566 572
932 931 929 926 1098 1082 881 883 877 873 891 455 882 958 883 454 457 892 890 893 461 892 894 461 486 554 487 555 553 488
365 369 364 405 413 411 405 409 412 375 372 376 374 408 407 411 405 411 414 433 417 895 897 902 904 490 904 533 535 1101
68 62 176 203 202 273 276 282 277 198 196 202 206 209 211 167 168 167 210 169 211 217 229 234 246 248 245 246 243 235
778 780 786 787 711 791 792 1068 1072 1071 1070 1072 1075 1071 1072 1071 1073 1069 1065 1059 788 787 710 709 789 774 698 710 711 715
979 978 976 979 981 980 982 980 977 979 976 975 974 976 973 970 966 963 960 1078 883 877 880 452 456 457 487 486 1085 1088
386 389 393 388 390 807 386 384 304 384 416 418 435 436 730 422 426 423 422 423 427 403 400 395 392 396 391 392 422 729
893 891 840 811 808 813 816 819 824 783 828 1051 1047 1046 1044 1038 1037 1040 1041 1043 1039 1043 1038 1035 1034 1037 1035 1030 1029 1027
324 321 318 323 319 897 320 326 299 300 356 351 352 351 353 354 331 303 380 303 333 313 346 349 347 349 350 348 346 351
180 176 179 173 70 166 214 216 214 217 213 234 212 262 239 241 239 236 213 228 234 249 217 220 253 249 231 210 215 258
1080 883 877 883 1080 476 479 467 481 873 877 875 873 872 315 313 316 303 358 335 360 286 191 287 284 278 280 197 201 206
320 327 320 326 324 325 329 299 329 330 352 317 314 309 340 341 342 341 344 358 347 356 301 373 300 372 367 369 404 399
373 301 332 300 303 313 333 358 353 349 344 349 352 331 332 356 300 373 295 293 295 378 375 372 358 360 286 361 336 361
369 404 366 404 407 404 407 404 409 404 409 410 411 409 404 363 366 365 404 406 404 406 400 396 401 395 393 388 807 813
408 409 375 412 380 378 302 378 301 331 356 359 290 332 357 359 371 291 296 297 295 290 292 296 291 295 378 377 409 407
795 831 796 832 792 1055 1051 1055 783 784 778 756 779 780 782 781 780 781 818 847 844 848 846 849 845 880 882 880 846 812
307 306 336 305 312 305 303 372 357 333 304 381 303 300 298 300 330 329 328 324 328 299 378 412 374 405 407 404 363 369
986 988 987 988 987 986 984 981 978 979 981 978 977 979 981 980 977 976 973 972 971 974 972 971 974 971 970 967 968 970
1036 1035 1036 1033 1038 1035 1037 1035 1036 1033 1036 1038 1037 1034 1029 1027 1031 1030 1028 1032 1038 1034 1040 1037 1032 1030 1027 1024 1023 1021
996 995 996 998 999 997 998 997 995 994 996 997 999 1000 998 999 1000 999 997 998 1000 1002 1003 1001 1003 1002 1001 1000 998 1000
346 348 351 346 352 356 329 355 328 298 328 330 302 381 333 308 304 302 333 304 364 397 399 405 407 405 404 400 395 423
24 21 24 26 25 26 27 25 23 24 26 27 28 25 26 28 29 32 35 38 34 39 45 40 48 49 43 49 46 47
520 1086 1084 482 1086 1090 1093 929 1092 1097 1095 1093 931 933 1094 928 1098 1095 1092 1096 1092 1094 929 933 1095 929 932 935 941 512
303 301 303 379 299 328 355 352 346 341 339 336 362 366 368 289 290 370 365 366 370 374 375 410 407 406 411 407 401 416
146 112 147 149 146 107 165 169 69 168 144 141 144 164 167 165 149 144 139 143 141 146 107 73 172 138 172 207 166 77
1073 828 1051 1057 1060 1059 1064 790 1064 790 1064 709 787 793 787 1058 1062 1063 1061 1064 1057 1056 1057 1063 1066 1057 1056 1058 784 1059
514 518 517 512 513 517 1088 1086 553 484 466 467 482 469 862 878 881 1081 878 875 880 835 452 455 457 454 835 884 836 886
201 195 198 192 191 288 290 370 374 409 404 406 413 411 410 374 372 292 372 369 405 365 364 361 366 372 300 302 301 333
390 806 390 395 391 803 390 388 391 807 391 397 385 417 434 896 383 384 391 387 307 337 307 308 333 331 303 363 366 408
703 702 693 702 707 702 706 695 707 695 691 689 692 691 689 690 765 674 732 763 768 695 697 692 696 773 735 442 736 445
623 626 624 621 624 621 619 622 619 622 623 625 623 622 624 626 627 629 628 627 625 627 630 509 507 544 507 953 951 945
934 937 941 516 512 944 508 947 508 948 628 941 628 948 947 948 631 506 503 494 547 548 494 502 543 540 506 502 498 510
1060 1055 1069 1055 1056 1058 1061 1058 784 1055 1050 1049 1047 1051 824 1051 1048 1047 1046 1051 1056 1069 1052 1056 1057 1063 1066 1060 1063 1058
17 15 12 14 19 23 22 20 16 19 17 20 23 25 24 22 21 22 23 19 23 24 21 18 16 17 22 24 21 19
535 522 524 511 551 550 489 554 520 1085 1084 957 954 1100 926 1101 1102 538 953 535 912 925 923 1100 953 944 949 946 952 946
659 663 659 656 659 662 661 659 657 655 651 648 650 654 656 654 655 658 659 662 664 662 665 668 685 688 691 688 666 664
12 15 19 16 17 16 15 17 22 24 21 24 21 20 22 24 25 28 32 31 28 32 35 36 37 40 47 45 124 120
605 607 608 607 605 603 602 604 602 601 599 598 597 600 598 600 599 598 599 600 602 600 598 599 597 599 596 599 600 602
576 572 566 569 570 573 571 568 562 498 515 521 1086 521 955 1099 926 958 956 953 951 949 947 948 632 948 508 946 943 939
861 857 862 863 861 859 472 468 471 866 869 874 869 864 871 868 869 871 468 467 470 481 876 882 886 847 836 837 834 825
447 798 886 847 819 818 805 801 724 753 751 752 750 752 753 723 775 759 756 759 725 804 389 392 391 384 416 431 429 425
810 815 846 847 886 881 847 879 886 881 458 453 884 958 882 883 454 451 446 452 458 461 899 433 427 431 433 906 905 898
628 948 945 951 508 952 1100 1102 946 943 946 508 943 941 940 515 517 513 944 936 1092 939 937 939 954 1084 554 489 553 551
712 698 776 699 697 752 721 799 780 784 782 821 824 780 781 820 821 826 848 880 886 882 452 887 844 878 883 1081 451 1098
452 885 833 448 445 448 720 796 718 749 747 750 751 754 751 752 776 774 776 696 775 789 794 751 773 696 705 697 774 696
1097 959 960 962 1078 964 1077 962 961 1094 959 883 1080 884 887 454 455 883 1078 1079 1076 964 967 968 970 971 969 971 970 967
512 519 1087 520 557 555 556 487 459 457 892 894 897 902 895 900 899 415 414 429 425 678 423 392 419 422 418 392 389 390
781 821 818 780 781 786 721 794 795 832 793 717 749 739 772 768 764 732 676 675 679 421 420 436 435 438 729 438 732 737
367 370 374 377 378 299 298 328 324 326 321 322 323 327 326 327 322 318 313 347 352 317 311 308 338 287 284 286 358 357
331 320 317 318 313 311 316 303 300 294 299 379 374 301 900 897 892 890 312 309 307 384 398 394 389 807 388 384 393 398
77 81 228 227 233 213 209 205 204 209 214 209 213 214 228 218 226 216 230 217 228 81 78 80 227 228 225 226 234 212
719 791 719 791 786 781 821 816 811 806 814 807 803 800 802 726 729 727 753 754 799 724 721 834 797 834 829 793 796 833
420 394 389 390 391 397 392 391 387 388 391 807 386 418 396 401 365 364 304 361 359 362 361 304 334 357 354 355 353 355
366 362 368 362 366 367 362 401 383 382 405 413 410 403 408 366 363 370 368 369 367 368 360 337 334 336 339 344 358 335
283 194 193 189 193 198 192 197 275 280 277 282 276 202 200 174 178 176 181 196 179 61 65 69 114 115 150 152 148 165
22 24 26 25 26 25 27 30 29 31 33 32 35 31 34 33 30 32 34 33 32 30 32 33 36 38 39 43 46 52
429 433 436 890 889 890 315 891 888 892 435 437 889 888 844 815 808 810 809 805 839 844 815 840 891 888 889 437 728 724
775 751 794 749 449 924 450 928 933 934 1095 934 930 931 935 1092 1091 1087 939 1089 938 1090 1092 937 1092 1091 936 1093 1095 1098
255 254 260 265 261 259 257 215 211 169 171 139 118 119 123 117 114 68 172 63 69 66 64 62 68 69 66 169 141 164
954 942 947 949 944 628 625 624 622 620 618 616 619 622 619 622 619 622 620 621 624 627 625 628 948 539 633 636 637 636
350 346 348 347 313 347 348 354 356 359 334 332 334 371 360 339 337 306 361 338 307 384 396 394 420 392 420 676 422 677
808 389 386 388 808 815 816 843 842 844 847 885 887 885 886 799 723 752 721 791 825 827 1051 1055 1050 1053 1058 787 709 707
1058 784 1062 787 789 698 707 709 788 785 783 780 782 787 1058 1063 788 699 707 704 707 702 692 691 769 692 693 761 764 675
1096 957 927 1100 954 952 1100 1097 958 1093 961 959 956 1084 957 959 1094 1093 1097 1082 956 953 1099 1102 1105 1106 1105 1109 1111 1109
621 619 616 617 615 617 619 616 618 619 621 622 625 624 623 625 626 630 628 944 953 507 523 922 925 450 452 456 459 483
842 839 814 843 842 843 845 843 814 810 813 814 817 812 842 840 843 815 819 822 827 1047 1052 1056 1054 783 1059 1057 1061 784
851 849 850 853 854 858 861 858 861 857 855 857 858 863 468 482 484 1082 455 484 553 487 459 1082 1099 957 1099 1102 538 508
515 553 520 514 519 512 507 542 509 632 948 628 944 512 514 499 496 500 499 493 494 498 562 566 497 495 494 502 542 634
626 624 621 622 624 621 618 616 615 613 615 617 618 615 616 619 622 619 621 620 618 617 619 617 615 613 611 608 606 605
40 38 34 36 41 37 33 32 34 38 40 45 47 43 45 48 46 54 55 183 59 62 57 62 65 63 59 58 182 53
731 729 732 731 753 720 722 734 732 675 763 728 760 726 802 839 802 804 807 808 814 387 386 389 808 807 388 390 807 802
434 419 424 433 424 416 401 416 413 378 380 415 414 302 372 361 367 189 188 192 190 187 189 371 360 359 337 308 383 401
1069 1067 1056 1067 1064 1066 1064 1062 1061 1063 1057 1054 783 781 818 816 821 820 819 823 825 829 826 822 848 845 841 881 835 838
590 591 594 595 593 596 595 596 598 600 598 597 594 597 598 597 595 596 599 598 600 602 601 602 601 604 605 604 603 602
136 132 135 134 143 138 135 139 119 120 48 47 48 40 46 53 46 51 49 54 50 49 46 52 48 52 121 51 53 49
787 783 1059 1066 792 789 783 791 825 822 820 819 822 817 818 801 837 818 805 815 808 813 807 803 806 804 725 778 788 786
547 493 496 498 515 514 520 551 511 536 508 536 921 535 1103 950 947 509 514 515 522 524 521 511 954 512 945 631 632 634
1062 788 710 788 784 1062 1063 1059 1055 787 710 712 1064 1066 1056 1064 1056 1066 1070 1071 1075 962 1075 1071 1075 1072 1075 831 1075 831
701 702 707 713 711 713 711 707 701 700 699 696 700 705 697 692 702 708 701 702 697 776 758 759 776 786 784 787 789 754
363 336 362 401 365 367 365 404 407 366 364 402 304 301 299 378 900 379 411 379 377 409 406 400 405 369 371 191 287 338
636 640 639 641 643 646 650 649 646 642 639 636 637 640 637 635 636 634 635 638 641 644 641 640 642 639 637 640 636 640
381 382 380 304 383 415 383 303 332 301 374 370 373 375 405 369 368 361 362 334 358 353 347 351 355 331 301 333 361 338
1068 1071 1068 1066 1060 1055 784 785 776 758 761 762 763 762 763 676 425 424 421 425 421 677 675 679 915 917 918 917 915 438
96 88 87 84 86 83 100 83 86 89 93 85 87 85 225 222 223 249 256 257 249 258 253 254 221 91 92 95 92 86
645 647 650 647 648 646 647 651 652 653 650 652 655 656 657 658 659 661 659 657 659 663 665 685 770 686 666 684 739 742
81 84 87 93 223 252 258 260 257 253 216 253 222 88 96 158 152 154 153 156 157 96 161 164 141 168 141 142 147 112
524 523 549 547 548 493 491 497 496 549 493 498 500 492 545 503 506 632 509 944 630 628 625 628 944 945 939 1098 926 924
698 705 700 694 698 776 775 697 696 753 752 720 722 751 772 771 739 682 681 670 668 671 670 669 667 668 740 684 682 915
962 965 966 967 971 972 970 971 973 970 973 974 977 979 980 982 979 977 978 975 972 974 975 976 978 976 977 979 980 983
1010 1009 1007 1005 1008 1010 1008 1010 1007 1010 1011 1007 1006 1007 1004 1002 1004 1003 1001 1002 1004 1003 1001 999 1001 999 998 996 995 993
419 385 391 394 392 396 400 397 306 397 402 401 365 367 373 292 370 290 292 291 290 332 356 331 379 377 330 333 357 354
345 346 352 349 353 346 314 310 345 346 356 347 313 343 313 303 300 301 331 320 323 319 461 892 891 889 386 394 391 803
216 218 162 149 151 153 151 148 145 144 165 168 146 151 148 149 150 115 116 122 118 121 125 128 129 130 129 130 133 129
649 653 654 650 648 646 643 645 647 649 645 647 644 642 640 638 636 633 509 542 539 507 543 545 500 502 499 491 525 490
711 709 706 698 789 775 777 725 779 756 780 782 784 788 790 752 722 835 796 451 883 452 449 749 773 772 739 748 746 749
427 418 417 395 394 391 806 815 846 823 820 822 797 721 786 788 778 775 774 772 773 768 695 694 697 695 691 693 775 695
885 882 454 442 734 735 731 442 912 457 895 319 323 321 327 326 300 328 329 356 348 351 348 349 351 350 347 351 349 354
98 162 158 154 153 148 150 154 150 155 157 154 155 158 159 151 152 153 157 158 159 105 109 114 117 114 68 111 109 113
263 262 268 273 276 194 282 279 273 205 207 210 215 254 258 212 257 215 209 211 235 243 244 242 244 241 266 262 235 243
1006 1004 1005 1004 1006 1005 1007 1011 1013 1015 1013 1015 1012 1008 1009 1010 1014 1018 1021 1017 1014 1010 1014 1012 1015 1013 1015 1017 1020 1021
884 456 957 927 926 1100 952 948 951 948 630 631 947 538 524 522 524 538 951 952 1103 922 918 914 916 681 672 766 676 762
246 243 234 238 265 208 210 213 236 231 237 247 234 232 213 229 235 243 248 245 249 226 232 230 213 210 207 208 264 268
814 811 841 887 888 890 894 890 894 892 897 902 897 317 872 463 459 1084 955 1084 459 891 458 462 897 898 894 312 308 309
92 86 97 161 162 94 91 221 223 224 223 250 252 253 220 218 231 237 246 245 246 243 241 243 242 239 212 213 234 242
1059 783 788 778 783 778 783 780 785 754 777 725 723 755 776 758 761 764 765 767 735 738 442 914 443 452 454 882 1079 1077
505 633 506 508 505 510 508 537 525 551 486 487 552 550 489 522 514 512 510 502 509 632 539 536 1104 1103 923 920 537 536
581 580 582 581 583 582 581 584 581 580 578 575 572 567 565 563 561 555 557 559 556 491 556 558 557 551 552 554 482 477
1025 1024 1027 1028 1033 1035 1039 1035 1039 1041 1037 1036 1038 1039 1034 1039 1043 1038 1043 1038 1033 1029 1034 1031 1036 1032 1028 1027 1026 1029
771 750 771 767 673 765 672 681 736 741 682 739 770 739 682 914 915 740 669 741 736 915 740 915 439 910 438 910 911 910
72 145 143 141 136 137 138 171 169 203 197 279 278 284 279 277 275 280 275 273 271 273 202 205 273 276 199 177 173 138
736 441 736 445 454 451 1097 927 925 923 742 738 446 450 449 924 913 910 905 903 908 914 917 911 921 536 508 542 505 503
78 83 82 100 103 104 152 155 158 151 155 158 95 97 158 160 97 96 157 159 100 104 153 148 163 145 144 149 105 101
144 164 144 142 171 166 207 206 210 208 212 208 206 204 173 138 168 71 72 106 75 104 76 165 111 69 70 74 78 72
1120 1121 1119 1122 1124 1126 1128 1129 1128 1127 1128 1126 1124 1122 1120 1121 1119 1118 1119 1121 1119 1122 1120 1119 1118 1119 1121 1123 1125 1124
652 654 651 654 653 650 649 645 648 649 653 656 657 656 658 660 663 664 666 663 662 665 771 665 685 736 684 670 740 742
494 493 525 507 537 506 504 505 507 512 940 1087 940 1087 1090 1086 479 484 456 453 958 453 883 959 1097 1092 959 958 882 459
854 853 849 853 850 851 852 857 861 863 874 870 874 863 864 869 868 863 867 868 874 876 859 878 882 875 860 858 861 859
849 850 854 852 855 852 855 860 874 866 861 857 856 860 855 879 845 844 846 843 814 802 817 781 821 819 818 805 839 843
84 98 97 100 79 82 85 84 85 86 88 222 251 256 253 257 254 221 227 228 233 234 240 235 240 235 262 260 255 219
122 120 51 60 57 51 56 61 63 64 63 179 177 179 55 59 181 193 191 192 195 194 192 198 195 198 276 202 201 196
187 182 56 58 61 58 55 57 49 51 45 51 50 53 46 44 39 45 46 44 41 44 41 43 44 47 124 49 50 58
404 369 366 405 364 398 400 363 402 399 384 388 390 385 382 383 398 401 399 395 401 304 334 369 370 371 370 373 367 363
553 520 1088 939 956 1086 521 550 547 527 530 534 524 536 1102 923 1102 950 953 521 518 517 518 515 1087 1089 516 939 940 943
782 783 1055 828 1073 831 827 825 783 1054 1052 1069 1068 1069 1070 1056 1065 1066 1055 1061 1058 1064 1059 1064 1067 1071 831 794 795 792
76 70 166 165 145 114 110 71 67 172 175 172 69 68 70 173 70 74 68 114 119 117 121 122 139 134 129 132 136 131
915 916 682 681 683 684 739 744 685 682 914 913 439 889 840 841 839 887 838 806 387 388 306 394 385 390 393 384 386 418
1055 1050 1055 829 791 825 823 849 846 845 880 884 836 844 885 880 848 819 836 835 886 798 801 804 807 804 803 724 801 802
243 241 235 233 237 235 261 258 263 268 262 260 254 248 243 246 234 247 224 217 80 77 74 79 75 81 83 81 84 81
310 344 342 346 313 303 334 382 334 336 306 361 368 365 401 406 429 403 426 429 425 679 678 677 421 435 730 727 730 727
329 327 324 321 329 355 332 302 373 294 299 300 332 358 359 357 372 366 369 404 363 305 361 359 362 365 405 382 383 415
430 424 399 384 418 424 422 678 677 423 420 395 386 385 394 306 397 384 388 384 436 438 440 730 675 764 759 728 421 420
351 355 351 348 344 342 340 309 313 318 871 869 468 866 872 870 872 866 875 878 879 848 879 876 481 484 1083 483 1082 957
589 586 589 587 590 587 590 592 593 590 588 590 593 596 598 599 596 593 591 590 591 589 587 588 590 593 591 588 590 593
774 710 708 712 788 712 709 707 695 698 709 790 720 750 749 738 446 735 730 727 728 730 733 679 916 680 674 765 674 765
847 846 816 814 819 823 818 814 801 798 835 800 837 841 840 891 889 840 806 805 808 387 811 841 887 880 835 797 723 721
73 78 73 169 211 235 212 208 211 217 213 207 203 197 279 285 288 371 360 358 360 358 360 285 358 353 348 351 350 353
469 865 863 874 866 875 874 863 873 877 469 863 868 864 871 863 864 867 866 471 865 874 864 874 872 465 483 481 486 461
665 687 668 669 682 917 922 917 923 742 668 665 685 671 681 669 688 664 667 741 736 733 421 425 423 424 429 425 679 682
507 544 547 492 544 545 544 547 543 545 493 491 494 499 501 510 543 500 502 494 497 558 560 559 556 488 554 553 483 479
902 488 908 913 457 913 914 442 736 767 732 767 772 739 735 738 743 923 737 733 915 680 679 677 675 674 673 671 770 767
1030 1033 1031 1032 1030 1033 1031 1030 1033 1030 1034 1029 1030 1033 1038 1040 1035 1032 1031 1036 1033 1035 1040 1041 1035 1037 1041 1035 1031 1037
181 193 190 194 192 193 192 184 180 192 198 278 284 285 359 356 333 356 353 351 356 354 331 303 334 305 309 342 341 310
571 566 572 566 497 562 558 555 465 486 463 898 899 895 892 893 462 873 481 1083 957 956 957 958 882 879 886 799 780 754
124 119 120 118 139 138 172 72 110 114 111 108 109 105 101 98 101 99 100 82 77 228 231 234 228 218 226 218 231 228
164 163 148 165 148 149 108 113 114 69 64 61 62 178 62 179 184 181 178 174 178 184 181 184 188 185 187 184 196 177
237 245 248 244 242 239 243 238 232 233 234 213 233 230 234 237 236 242 244 241 237 245 234 212 166 215 213 234 238 242
438 440 441 436 730 732 764 760 757 756 779 785 782 786 781 822 820 825 830 1073 1048 1053 1049 1052 1050 1051 1047 1045 1047 1053
984 985 986 988 986 988 990 992 993 994 992 990 992 991 992 993 992 993 995 993 992 994 996 994 996 995 993 992 991 992
794 790 721 723 836 888 458 484 478 470 473 469 876 469 470 478 475 480 476 478 476 481 467 485 459 876 882 1083 1084 956
143 115 116 117 51 52 182 177 172 138 133 130 132 134 122 118 116 121 123 125 130 122 121 123 122 130 135 130 134 139
595 596 595 594 595 596 599 598 599 597 598 597 594 593 594 592 589 586 585 586 588 590 591 593 595 593 592 591 593 590
579 581 580 582 581 579 581 583 582 580 578 577 579 578 576 579 578 580 579 580 582 581 583 581 580 581 583 581 583 581
8 7 6 7 10 13 10 12 10 13 11 12 9 12 11 13 15 12 13 10 7 6 5 7 6 8 6 4 5 6
948 945 951 1101 912 921 1102 1099 955 1084 486 551 557 558 561 566 567 573 572 574 577 578 579 577 574 572 575 572 569 571
389 804 387 807 808 811 808 804 808 811 806 803 802 814 810 814 818 819 822 817 822 819 814 387 808 809 814 805 814 803
372 374 373 301 330 355 351 347 343 344 340 342 310 314 312 317 313 316 320 331 352 347 313 303 372 301 373 368 362 366
819 816 805 809 812 817 814 818 822 781 824 823 847 838 844 842 843 841 311 314 870 868 874 876 866 471 470 469 471 467
820 815 843 840 812 842 846 816 812 846 815 843 815 840 838 890 887 800 836 444 447 452 882 459 1084 1098 927 957 456 461
439 909 906 895 462 486 481 484 1082 483 481 466 463 321 328 329 320 900 414 417 416 417 384 397 402 416 434 439 733 915
786 779 782 781 782 787 790 752 789 784 789 710 788 712 706 702 700 701 694 705 701 706 708 702 695 773 753 724 778 724
1124 1122 1124 1125 1124 1126 1127 1128 1130 1128 1131 1132 1129 1128 1127 1126 1125 1124 1126 1125 1122 1124 1121 1123 1125 1126 1127 1128 1126 1127
602 604 605 606 608 610 611 609 608 607 606 607 609 607 606 607 608 607 609 611 612 611 610 611 613 612 610 611 612 614
1037 1043 1037 1034 1039 1043 1041 1036 1040 1037 1034 1036 1037 1034 1031 1034 1039 1035 1039 1036 1034 1036 1039 1036 1038 1032 1038 1042 1045 1050
907 916 909 914 910 912 916 911 906 898 902 895 906 911 924 1099 1098 959 1092 939 1086 520 518 553 484 1084 479 1084 955 943
474 475 473 472 473 470 482 468 876 863 877 882 454 447 448 798 836 818 837 800 835 451 883 880 887 837 838 800 799 822
193 195 194 193 194 283 285 338 308 343 344 345 348 356 355 354 355 350 354 352 317 352 357 289 287 371 369 372 358 339
600 602 604 601 599 596 593 596 593 595 592 590 591 593 591 588 591 592 595 596 595 594 596 597 599 601 603 605 604 606
265 266 270 268 267 269 273 271 277 274 280 283 194 189 191 188 187 192 190 195 200 195 190 367 365 401 405 410 405 400
513 499 511 507 537 539 952 922 1106 1105 1102 923 914 917 740 735 736 733 439 442 738 445 444 733 734 735 732 438 424 416
937 934 930 1094 1093 929 1096 1099 926 958 1083 958 1082 1084 552 520 552 519 512 514 517 514 511 502 543 499 493 543 541 507
892 417 399 396 426 400 427 424 420 437 889 891 888 838 801 725 801 836 884 1082 1084 457 459 464 872 314 313 303 333 334
650 648 649 650 654 656 659 658 661 660 658 656 657 655 653 650 649 646 642 641 638 639 635 638 636 635 638 640 637 639
437 440 730 435 433 418 399 400 396 398 395 422 418 391 392 422 729 727 759 755 778 780 822 817 818 847 843 813 810 815
707 709 710 707 710 790 792 829 830 829 826 828 825 781 784 783 1058 1054 1059 1062 1065 1069 829 1052 1073 1071 1075 1074 1075 1078
1022 1025 1022 1021 1018 1013 1014 1015 1013 1010 1009 1013 1017 1016 1014 1015 1019 1022 1024 1027 1032 1030 1028 1031 1028 1032 1036 1041 1042 1039
910 913 917 681 683 685 684 739 735 767 731 734 732 676 422 420 729 734 730 419 418 398 363 302 377 375 410 403 400 364
111 142 145 163 149 159 96 86 88 87 88 87 84 98 160 161 157 155 149 153 155 152 150 115 120 122 118 123 44 43
527 547 529 546 492 547 549 525 492 550 488 523 535 550 492 494 498 497 562 498 520 557 562 557 562 567 568 571 566 570
798 445 722 751 775 721 794 750 748 747 750 718 719 750 738 751 773 735 445 835 880 836 847 844 815 805 389 392 420 437
449 924 912 523 511 514 521 552 490 524 522 524 953 924 914 680 682 917 914 916 921 919 917 680 674 680 677 425 426 427
279 282 287 289 191 371 291 289 191 187 190 191 195 191 193 183 193 197 192 198 200 198 201 273 277 273 277 278 273 274
730 733 731 442 440 442 733 444 800 725 756 724 778 775 773 720 750 716 749 717 749 745 685 771 748 750 749 449 747 748
89 88 89 94 95 92 96 97 79 98 79 99 102 107 108 152 104 109 149 151 153 154 153 148 150 108 147 148 165 164
402 399 427 424 427 426 428 430 431 428 426 429 430 429 425 423 422 676 422 419 391 394 392 388 393 384 436 889 440 837
241 244 247 250 249 247 226 218 221 219 252 223 254 257 252 254 259 263 265 270 269 205 209 236 233 228 217 221 222 90
597 595 594 592 594 593 590 587 589 591 593 591 592 590 588 589 588 591 593 592 591 593 596 595 594 593 596 597 598 597
256 254 222 88 85 84 85 86 89 86 92 89 90 94 92 86 85 80 228 214 165 168 167 145 167 170 171 70 172 72
462 485 484 459 486 482 466 484 553 488 521 513 520 1085 955 953 511 512 947 952 944 512 947 954 1101 922 911 924 1099 1097
481 876 458 876 481 876 872 322 464 467 871 464 486 460 552 485 460 905 895 417 395 399 396 393 394 419 438 734 438 436
773 750 716 750 718 717 716 748 717 750 773 774 773 720 753 721 723 755 758 727 729 422 435 421 728 726 802 805 806 805
1007 1005 1003 1004 1006 1004 1005 1007 1008 1009 1010 1009 1012 1010 1014 1010 1014 1017 1014 1012 1013 1009 1013 1010 1011 1012 1015 1020 1016 1020
99 103 100 102 104 110 112 150 112 150 109 106 104 108 153 151 158 95 96 88 96 159 150 154 149 154 151 108 114 68
726 731 442 914 924 922 1101 953 1100 1098 1092 935 932 934 932 936 943 954 942 953 922 918 532 528 531 526 529 530 532 527
277 281 283 280 282 277 283 287 361 333 335 305 362 365 364 400 426 677 675 765 693 690 692 768 763 767 772 769 684 771
1032 1029 1034 1030 1035 1030 1035 1032 1029 1028 1026 1024 1027 1031 1028 1027 1026 1024 1026 1027 1029 1026 1027 1026 1025 1024 1021 1017 1013 1018
643 645 649 645 643 641 638 640 637 639 638 641 642 646 649 650 649 648 649 653 652 649 652 653 655 652 653 651 650 646
53 58 51 61 66 62 178 180 183 186 184 183 193 197 196 195 279 281 287 358 372 369 370 371 359 289 372 334 368 364
737 913 917 914 738 741 685 744 742 923 743 747 743 741 684 735 732 734 444 439 444 799 838 841 837 799 821 782 787 1055
616 613 612 611 612 614 616 615 616 617 615 614 616 613 616 613 614 615 614 616 613 611 612 611 608 607 608 607 608 611
333 302 369 364 408 412 376 292 293 296 295 372 358 286 359 337 359 284 281 287 288 359 289 288 372 377 300 380 900 896
613 611 610 609 607 609 610 609 607 605 606 604 603 601 604 602 601 602 604 605 606 605 603 601 602 601 603 604 606 605
608 609 607 608 611 610 609 607 605 603 605 603 601 599 601 600 601 602 600 601 602 603 605 607 605 604 606 604 602 600
606 604 601 602 604 601 604 605 607 605 603 601 599 596 598 597 594 597 598 599 597 599 600 598 599 598 599 600 599 601
845 842 841 886 881 884 887 840 806 390 394 390 389 387 307 306 305 333 304 364 408 405 414 429 427 424 419 417 424 429
172 65 176 174 172 176 203 169 72 167 215 258 253 252 254 251 224 223 254 217 254 260 259 262 266 267 265 262 268 272
916 909 905 910 913 910 438 734 441 442 453 446 735 736 741 742 737 732 764 762 764 732 729 438 420 418 383 893 434 893
678 680 681 915 913 910 911 918 922 911 907 909 911 923 924 535 917 914 443 450 443 437 434 892 435 416 382 381 402 406
943 951 947 509 508 509 630 626 627 625 624 625 626 630 628 948 952 536 951 944 954 940 1089 937 1089 1086 1091 1090 939 938
561 559 555 520 554 463 464 466 478 469 876 879 855 853 858 860 878 863 860 856 848 822 821 781 818 815 838 842 846 850
190 367 370 368 361 304 335 368 363 302 381 432 900 301 304 363 404 364 402 408 374 332 302 305 363 361 358 359 335 368
284 286 282 279 281 285 358 286 339 287 359 287 339 286 358 288 371 291 292 370 371 291 290 300 296 291 293 298 377 295
705 704 695 704 694 702 700 697 698 694 692 764 696 774 776 774 721 722 775 698 713 716 715 718 747 716 748 743 739 684
763 759 776 789 785 784 779 781 782 778 783 1055 1056 1069 1055 829 834 797 796 791 718 790 789 787 783 824 780 824 823 821
69 166 164 162 148 163 159 101 104 105 109 107 101 100 79 97 83 84 98 96 158 155 151 146 147 148 159 162 158 151
1081 960 883 881 883 452 1082 1085 954 521 514 513 499 510 500 498 557 554 484 1082 459 464 459 873 891 440 445 913 915 734
674 676 766 673 765 675 679 424 395 424 417 384 417 434 383 380 378 412 409 411 410 414 302 332 380 412 380 303 335 361
135 137 135 137 136 141 168 169 203 200 176 200 202 199 196 201 205 203 207 204 272 274 270 274 271 266 240 238 236 239
378 414 417 434 896 895 906 895 894 463 898 895 457 443 441 445 447 453 912 1101 536 1104 1108 919 1108 920 917 914 916 680
797 825 830 1074 1076 962 1079 960 961 964 1078 1075 1072 1069 1073 1052 1055 1059 1063 1059 788 792 793 795 797 752 773 751 718 750
914 917 922 953 512 944 516 513 512 522 553 1084 955 943 941 939 945 939 942 939 945 630 944 628 948 539 538 920 1106 1105
872 465 482 479 469 470 467 479 1083 959 1081 882 452 453 450 928 1097 1093 938 1090 479 483 460 483 479 1087 1088 517 514 509
91 222 91 94 222 219 216 232 238 243 242 244 238 239 212 218 222 91 92 91 222 253 252 256 254 217 222 254 222 217
516 944 948 942 1092 940 519 514 520 515 944 512 947 942 947 508 513 502 506 634 506 507 541 507 538 535 920 534 922 918
176 63 60 62 57 60 50 52 45 42 39 42 44 49 46 48 44 43 41 45 124 52 45 124 119 118 113 108 104 109
785 783 1054 1059 1061 784 1062 1064 1062 1058 1056 1058 1060 1058 1055 787 783 786 785 781 786 791 788 699 777 754 723 778 754 723
26 28 30 34 30 27 28 25 28 30 31 34 32 30 29 32 31 29 30 32 28 27 30 28 30 28 32 28 27 26
840 891 459 882 880 884 958 956 954 943 954 1101 1103 534 922 918 1104 922 538 542 502 511 536 522 507 525 524 535 922 914
239 265 266 265 239 235 234 230 234 247 249 251 219 250 223 220 221 219 225 223 225 226 249 247 224 220 252 255 257 249
830 826 831 793 794 789 698 701 704 692 694 692 702 693 694 696 753 696 774 789 785 784 1055 828 830 833 451 884 456 455
119 139 115 110 112 116 146 107 110 72 71 110 105 109 112 147 146 107 72 167 69 172 173 203 169 208 265 239 266 239
189 184 188 184 193 195 200 201 196 199 194 198 272 204 208 169 206 202 173 199 202 196 184 193 191 187 192 183 56 183
511 506 539 952 946 949 950 951 539 508 507 504 541 544 500 495 548 524 922 534 919 532 530 532 525 491 551 520 1086 482
867 868 871 876 459 457 458 459 481 470 474 476 474 469 478 484 465 487 462 895 900 903 431 416 382 303 379 376 379 377
16 14 15 17 22 19 16 18 15 14 15 14 17 14 13 12 10 13 11 9 10 7 9 10 9 12 9 10 11 12
477 481 483 956 939 1091 1086 956 959 883 960 1095 934 937 933 1095 927 928 930 931 932 929 1094 1095 1096 961 1079 959 1083 480
757 755 759 775 722 720 719 790 794 793 829 830 1075 830 826 822 847 848 853 855 852 849 851 849 846 820 818 805 817 781
875 881 835 452 450 449 450 924 446 443 913 910 907 432 906 910 439 442 438 731 728 763 673 670 673 674 670 685 688 769
1023 1022 1025 1026 1028 1029 1027 1024 1025 1023 1021 1024 1025 1026 1029 1032 1033 1039 1040 1042 1043 1045 1050 1048 1052 1055 1051 1052 1057 1052
54 58 52 182 55 58 48 52 62 64 65 62 58 49 47 45 39 36 40 38 37 33 30 29 27 29 31 29 31 33
1121 1124 1121 1124 1123 1121 1122 1123 1121 1122 1125 1123 1121 1123 1125 1122 1120 1119 1120 1121 1123 1125 1124 1121 1120 1121 1122 1121 1122 1124
883 835 822 848 851 853 851 853 852 854 859 875 863 877 863 469 481 480 478 474 479 476 480 882 883 882 878 874 878 875
286 287 281 283 280 284 359 338 339 336 368 371 369 368 373 369 361 304 359 368 335 307 338 359 361 304 405 374 370 292
376 409 408 407 401 402 416 433 425 421 728 763 767 773 775 755 722 445 737 446 454 453 887 889 837 440 734 440 730 675
653 656 659 660 659 662 665 687 690 691 690 765 767 770 739 734 730 731 727 760 757 776 709 706 698 706 707 700 695 768
925 912 1101 538 1104 537 539 506 539 507 511 516 511 947 948 952 945 951 950 949 947 946 1100 954 951 943 1100 1097 956 1086
1111 1112 1110 1108 1109 1108 540 505 503 542 547 494 493 497 566 571 567 572 573 574 576 579 581 582 580 581 584 581 582 581
294 293 294 291 371 287 289 357 354 347 342 310 343 348 353 350 348 343 314 317 312 383 384 386 383 896 902 899 432 417
928 1095 1093 1091 1089 939 1086 519 1085 956 958 1098 1082 957 1090 957 1083 1085 521 523 1101 535 923 535 537 533 527 492 547 493
531 527 544 548 546 492 525 527 528 529 530 529 547 528 530 532 534 530 529 547 548 492 526 547 545 493 547 494 547 493
188 367 371 291 294 296 295 373 289 290 373 301 295 293 291 372 375 411 406 409 380 405 399 394 306 309 343 358 339 335
1071 831 832 1073 1074 1072 1069 1073 1072 1074 830 826 830 833 720 833 829 833 451 449 448 738 736 739 740 743 745 741 740 670
563 567 566 565 568 571 566 497 498 491 499 497 491 548 533 907 532 908 488 904 903 899 895 417 395 390 807 390 395 417
1089 939 954 943 948 631 634 637 638 641 639 637 639 638 640 636 637 634 632 630 948 509 538 1103 1104 1106 1109 1110 1109 1105
380 402 399 418 384 385 417 424 423 427 430 426 396 401 304 381 380 416 383 306 397 393 389 807 803 800 835 836 847 848
132 129 128 129 127 128 126 132 135 139 134 131 134 133 125 52 47 43 39 41 39 37 42 48 121 47 124 127 130 135
385 306 362 305 398 423 421 420 435 423 422 677 426 403 397 306 334 335 303 331 330 300 378 379 374 301 378 375 411 414
634 632 631 512 946 953 922 523 537 951 537 1101 953 1102 926 1100 956 926 929 1094 959 1092 1096 1094 1097 1092 1096 928 1099 956
911 534 533 920 1104 921 1104 920 922 1100 956 955 952 946 951 537 1107 918 532 533 908 916 921 1107 919 920 537 525 549 524
1052 829 831 827 831 833 835 837 815 808 807 806 807 804 389 807 802 814 838 802 726 724 798 796 797 721 791 720 797 448
70 74 69 66 175 67 66 173 199 196 184 182 53 48 40 48 50 52 45 40 41 36 38 34 30 31 29 27 29 31
273 279 283 279 278 276 194 193 180 184 187 182 56 182 55 50 49 51 57 58 64 66 62 52 53 58 60 58 53 51
364 398 385 418 417 382 385 305 382 418 395 420 676 422 679 438 679 422 730 675 762 674 763 728 727 754 798 797 795 791
523 908 912 906 911 912 914 443 447 444 441 798 754 722 775 722 731 753 754 789 793 715 793 1072 829 827 828 1050 1049 1045
500 510 499 495 548 528 527 528 544 525 507 506 541 506 631 951 1103 534 525 533 531 526 490 551 523 535 921 923 1101 536
660 659 662 659 662 659 656 655 658 655 651 650 652 653 650 647 648 645 648 650 653 652 651 652 653 655 652 651 654 655
999 998 1000 999 997 996 997 999 997 996 994 996 994 996 998 996 998 999 1000 1001 1000 998 999 997 998 999 997 999 1001 999
43 47 45 124 119 121 126 127 125 133 132 127 132 131 133 137 141 171 66 172 174 177 176 200 202 199 203 208 213 216
10 9 12 13 11 8 5 6 8 6 7 10 12 9 8 6 5 7 5 7 8 10 7 10 9 10 9 12 14 13
562 558 560 562 561 558 557 490 489 904 489 557 563 568 566 561 566 565 568 569 568 573 568 573 569 567 573 569 566 564
301 376 299 330 331 317 322 320 315 313 315 316 314 310 311 890 315 320 322 465 467 471 865 863 862 874 865 869 874 862
921 532 533 550 549 491 499 491 498 493 490 902 901 326 327 320 323 326 320 327 355 356 355 321 326 325 901 905 906 909
839 842 843 888 844 885 452 881 836 822 826 847 885 847 848 880 1079 880 879 855 857 856 857 852 855 861 859 878 848 849
1131 1129 1127 1129 1128 1130 1132 1130 1127 1129 1132 1133 1134 1133 1131 1133 1131 1132 1129 1127 1129 1128 1129 1132 1131 1129 1127 1130 1128 1126
232 229 230 216 228 81 75 76 81 228 81 75 72 75 80 83 100 98 100 159 155 157 154 159 156 155 159 98 93 218
1063 1066 1056 1054 1057 1061 1055 1050 1055 784 1058 1059 1058 1053 1054 1048 1050 1053 1049 1047 1053 1050 1046 1047 1049 1054 1052 1053 1055 829
899 895 460 553 518 513 518 1088 520 512 516 517 518 513 512 509 951 539 948 945 941 937 1089 1088 1089 1091 936 939 943 947
1091 939 1089 1087 479 476 1081 455 457 460 457 452 1082 883 1079 960 963 966 968 967 971 968 966 968 969 966 969 966 964 967
240 243 239 262 263 261 209 261 212 206 200 199 198 194 190 187 181 193 191 196 191 189 184 189 183 189 193 195 201 196
260 254 252 253 219 225 231 248 231 215 220 250 224 247 233 230 229 226 225 231 227 220 222 219 94 89 93 88 86 85
490 526 527 531 904 907 899 895 434 421 677 422 421 438 421 439 438 679 674 765 769 673 672 769 771 770 685 688 667 686
995 997 995 996 995 993 991 990 991 990 989 990 988 986 987 984 983 985 987 984 987 986 983 986 985 983 981 984 987 989
895 896 415 433 906 911 913 916 681 915 914 909 908 914 922 921 1102 953 955 456 459 454 835 833 835 886 847 818 820 821
844 843 888 839 814 810 809 814 816 821 825 781 778 783 779 754 755 776 752 774 695 706 709 711 713 706 708 789 776 775
1043 1040 1034 1039 1036 1042 1044 1047 1046 1042 1046 1041 1046 1043 1039 1035 1038 1044 1047 1049 1044 1040 1034 1040 1039 1040 1044 1046 1045 1047
258 249 245 244 243 234 240 265 212 257 262 266 241 244 248 220 249 258 255 249 254 217 232 227 232 213 209 212 236 230
1115 1112 1110 1111 1108 1107 920 538 507 523 535 537 533 918 1107 920 922 742 744 743 744 742 684 683 739 686 668 740 741 744
314 319 461 899 898 904 901 904 901 898 904 898 894 897 892 461 462 893 894 890 386 807 386 395 396 394 396 395 383 394
295 374 300 332 333 313 317 313 312 894 893 315 313 303 300 372 288 291 292 372 366 370 365 362 367 369 408 363 370 292
900 379 302 369 363 372 370 371 334 357 359 339 343 309 307 338 307 334 368 373 374 380 416 896 381 900 378 414 411 410
335 334 357 332 331 328 330 329 356 354 347 344 339 340 339 344 339 347 356 332 356 358 332 335 337 335 363 403 430 416
361 369 302 300 380 332 373 377 411 406 401 364 367 362 336 368 360 362 366 370 408 369 408 370 376 301 412 377 295 373
598 600 601 603 602 604 606 607 609 610 611 612 613 615 617 619 620 619 617 619 622 624 623 622 619 616 614 615 618 616
749 751 752 790 719 722 444 733 444 449 738 740 685 671 672 669 740 915 439 434 895 460 488 486 459 1082 1084 480 483 464
357 347 350 353 344 353 344 346 342 340 342 347 358 372 374 408 375 295 377 295 298 297 295 301 380 382 415 433 906 905
484 873 484 456 484 459 1083 479 483 553 1086 1085 1099 953 523 549 546 527 528 527 531 904 432 899 906 439 434 899 432 417
550 490 492 500 504 500 543 549 492 500 504 544 527 530 526 527 529 531 534 921 537 1102 1105 1108 1107 920 1106 920 535 923
234 249 217 226 227 232 216 258 248 254 222 93 222 219 257 261 262 212 166 167 164 141 168 72 167 72 78 74 70 71
356 301 332 356 332 333 308 340 345 347 343 339 287 289 290 370 408 369 408 407 411 410 375 410 409 414 406 413 405 382
433 430 413 381 383 382 381 416 435 418 395 396 395 401 397 384 396 398 402 426 423 396 402 381 897 316 312 305 385 387
826 847 823 817 820 824 1051 1056 1069 1071 1070 1069 1056 1064 1063 1066 1067 1065 1069 1068 1066 1067 1056 1065 1060 1061 1064 1066 1063 1060
881 1081 1082 1081 957 1082 1099 927 1097 957 927 1100 923 912 443 444 886 879 847 881 884 885 454 881 841 839 800 818 800 723
19 16 13 12 13 11 9 10 7 5 4 6 5 3 4 5 8 11 10 12 13 16 21 20 18 19 22 24 23 18
609 610 609 607 608 611 609 610 609 607 605 606 607 608 609 608 609 608 606 605 604 606 604 605 603 601 599 601 602 601
762 765 674 680 681 679 732 441 735 751 718 716 714 709 701 705 695 704 706 713 710 752 722 755 753 774 767 691 687 671
297 295 297 299 376 378 329 301 372 368 364 363 304 305 363 335 360 339 286 359 360 358 285 358 331 356 347 343 346 344
723 779 778 725 727 756 726 754 799 802 724 799 822 781 821 820 826 827 822 818 824 781 825 824 781 778 780 724 753 776
340 339 309 314 870 871 867 873 464 462 460 484 483 553 1085 484 1085 1082 456 452 457 909 439 454 888 836 884 881 876 882
130 131 136 140 144 164 73 210 211 212 231 232 234 233 228 234 233 234 248 250 248 250 253 219 222 250 247 224 249 250
641 643 640 643 646 648 652 654 656 655 654 655 656 658 660 663 660 663 661 662 665 686 683 668 688 691 696 692 769 773
529 547 528 544 504 507 503 542 509 951 537 536 921 923 740 741 742 1104 920 1106 1104 919 534 917 911 533 531 534 1104 1101
582 580 582 584 581 583 584 582 580 579 578 577 574 569 564 570 571 570 564 568 571 574 571 570 571 573 575 577 576 572
860 878 856 877 468 863 861 857 861 856 857 858 862 865 869 874 877 883 1078 963 965 963 1077 1080 883 1079 961 1095 1096 961
904 550 548 547 548 543 540 951 1100 946 952 925 743 923 914 918 916 914 733 734 442 731 732 734 444 445 720 797 800 839
170 173 66 71 77 71 72 67 64 175 62 180 197 195 196 197 192 180 192 187 186 184 192 190 367 368 289 370 373 289
473 476 1079 882 1083 482 464 459 891 892 893 890 887 891 892 888 458 452 835 886 887 881 458 463 321 318 873 315 873 870
1008 1005 1008 1007 1010 1012 1015 1018 1015 1017 1015 1011 1010 1011 1015 1011 1008 1009 1013 1018 1015 1017 1020 1017 1015 1020 1023 1021 1022 1021
235 211 169 170 210 169 166 76 80 74 71 76 81 228 81 77 71 70 64 175 177 178 177 182 58 64 60 65 70 64
518 513 517 514 509 538 534 549 496 497 496 558 557 558 556 490 522 955 956 954 523 1100 1099 1097 926 1102 535 911 909 895
909 911 918 919 1108 1110 1113 1112 1115 1117 1119 1122 1125 1123 1125 1123 1125 1124 1121 1119 1120 1121 1119 1122 1120 1121 1119 1121 1122 1120
732 727 723 754 756 802 724 779 724 779 784 788 710 788 792 786 789 710 709 712 706 695 706 708 713 715 772 751 752 774
828 827 824 827 1052 1070 1071 1068 1065 1059 788 776 756 727 729 420 391 803 390 807 387 808 815 801 806 804 805 387 386 395
990 992 994 996 994 995 994 995 997 999 998 999 1000 999 997 995 997 998 996 994 992 993 995 996 997 999 998 1000 1002 1000
37 33 38 35 36 34 36 32 35 36 41 46 54 55 179 61 59 54 46 49 40 38 37 38 39 35 40 38 41 42
185 188 187 183 184 187 185 184 180 193 191 288 285 359 289 287 338 336 364 403 426 429 424 433 427 400 405 412 431 416
624 622 619 618 621 624 626 629 631 513 943 513 508 631 949 629 631 951 1103 1106 922 953 1103 535 524 921 534 535 1104 1108
926 451 958 1098 958 956 1082 881 841 881 883 884 881 452 887 840 890 458 463 321 328 321 325 327 321 355 353 344 343 314
247 245 234 226 216 213 218 216 219 217 218 93 96 162 94 95 94 219 93 87 84 80 84 79 104 75 76 72 111 112
63 176 174 138 174 169 166 70 76 166 169 141 143 139 135 137 140 145 142 147 111 150 148 153 152 150 109 112 117 116
964 962 1075 830 1077 1079 1081 1083 1086 479 475 479 478 476 1083 481 482 1084 957 958 1097 926 928 933 936 943 942 946 952 950
38 33 34 32 28 27 29 31 32 28 27 30 27 28 32 28 26 24 21 17 22 25 24 25 28 29 33 31 34 39
203 177 197 275 277 198 200 196 179 196 180 193 191 187 193 189 185 55 182 181 196 201 272 201 272 271 277 272 269 274
309 308 310 343 342 347 344 347 358 290 373 295 372 357 352 349 350 353 358 289 288 287 281 282 194 198 276 197 276 282
859 865 859 857 853 852 856 862 472 475 477 470 481 472 470 472 471 472 862 859 879 877 863 860 875 876 873 867 872 462
728 725 727 763 760 764 761 759 726 757 724 798 441 798 799 798 721 724 722 752 774 752 775 778 754 724 728 726 724 721
644 647 651 650 651 650 647 648 650 647 646 647 644 645 642 646 642 645 643 641 643 642 646 644 647 650 653 652 655 651
1061 1062 787 788 785 779 755 776 775 721 752 790 793 715 793 720 789 787 792 831 793 787 791 789 777 776 709 699 702 706
112 146 110 104 159 149 152 155 154 153 149 154 155 156 160 159 104 160 161 158 159 97 94 91 94 93 162 94 95 162
1045 1040 1043 1044 1046 1048 828 1052 828 824 823 847 881 879 856 849 850 854 859 854 850 851 854 857 852 857 863 867 863 878
1028 1030 1033 1038 1039 1041 1035 1033 1035 1041 1046 1050 828 827 831 795 833 448 796 751 794 721 799 797 800 444 453 452 458 453
184 196 197 280 277 275 279 277 271 273 268 262 263 258 264 261 262 258 238 247 249 219 253 249 256 251 257 219 251 254
681 674 673 766 671 670 674 672 671 736 671 681 670 686 770 691 769 768 772 748 739 740 741 743 737 734 732 728 675 766
632 633 631 509 633 635 634 636 639 640 641 638 635 637 638 641 642 641 644 643 642 645 643 646 647 648 651 650 651 654
697 698 713 705 706 701 702 692 691 696 776 788 1059 1063 1066 1063 1058 1057 1061 1057 1054 1053 1057 1063 1060 1055 783 787 709 789
945 943 516 515 943 955 1083 1085 483 1082 1099 456 459 481 470 480 1082 456 452 883 1078 963 962 1079 476 475 478 477 476 472
974 977 978 980 982 983 981 979 978 980 979 975 972 971 967 970 967 971 970 971 969 971 968 967 971 973 971 974 972 969
544 543 509 539 633 509 944 947 512 943 955 943 952 953 950 1103 1104 1108 1104 919 1105 1106 1105 741 745 748 740 686 740 914
886 798 753 721 799 822 819 815 802 815 802 814 839 887 886 455 884 885 447 446 442 910 916 680 914 446 451 1099 453 458
113 109 110 68 65 69 68 66 179 174 200 276 201 207 204 173 178 183 181 178 174 171 69 70 168 68 74 68 71 76
126 132 130 127 133 137 138 173 175 170 211 210 215 209 261 215 209 213 211 167 164 73 79 100 98 82 100 99 82 81
565 561 557 498 497 566 563 497 500 501 498 495 499 510 504 500 501 496 491 558 555 486 556 489 904 900 301 303 332 304
186 55 56 55 186 189 185 188 189 185 184 186 183 184 180 197 193 196 184 187 192 196 201 206 173 176 170 167 211 169
832 796 794 751 748 746 747 717 716 747 718 721 834 721 720 445 439 434 437 436 889 890 894 892 440 889 890 838 816 843
198 203 208 261 265 240 243 244 238 244 248 220 226 231 212 207 209 205 273 201 206 202 272 274 271 277 275 272 278 273
525 550 525 492 495 494 502 499 494 492 494 546 543 507 947 951 949 631 634 633 509 538 1104 923 913 923 925 926 1098 925
168 73 167 144 164 146 107 110 114 119 121 124 118 142 137 141 146 163 161 95 160 97 160 163 148 164 141 142 170 138
898 900 903 900 301 900 415 380 413 379 301 376 374 290 294 330 377 375 379 900 904 488 486 481 485 553 518 521 551 520
388 806 801 818 819 818 824 827 1052 1051 824 825 783 791 719 716 718 796 448 835 798 724 779 784 787 788 783 781 822 827
254 217 214 167 207 169 208 169 72 109 107 103 78 73 72 71 72 165 142 170 206 204 210 170 166 74 77 79 77 72
296 373 296 298 329 321 326 901 325 329 326 321 355 350 352 346 347 356 347 351 355 347 353 344 343 314 319 322 323 321
137 139 122 116 115 119 122 126 125 124 122 133 135 133 135 133 132 128 132 135 130 123 119 115 150 146 115 110 68 70
1016 1019 1017 1015 1020 1017 1018 1020 1015 1018 1014 1013 1018 1022 1025 1022 1019 1014 1012 1010 1012 1016 1019 1016 1014 1018 1022 1020 1016 1012
413 411 412 377 298 299 296 295 300 379 413 430 414 430 427 424 434 419 383 386 383 384 399 424 395 390 385 398 403 409
1026 1029 1027 1025 1022 1019 1016 1015 1017 1019 1016 1017 1015 1020 1022 1020 1021 1020 1018 1017 1020 1023 1020 1023 1020 1021 1018 1015 1019 1022
229 231 212 166 77 81 83 80 85 97 99 100 99 162 94 91 89 90 223 225 231 215 214 232 209 210 170 166 164 211
953 1102 1104 919 532 918 532 534 527 533 525 921 1102 946 948 947 508 513 510 499 503 545 543 544 527 544 493 497 557 562
783 778 780 786 787 710 714 713 714 711 707 709 706 705 701 702 697 695 768 765 766 768 671 768 774 768 774 773 771 774
822 834 826 828 827 831 796 447 452 835 885 836 819 843 819 824 818 821 780 824 820 847 819 824 781 778 779 777 778 785
82 85 87 86 84 87 86 98 159 97 159 157 160 96 158 148 150 152 149 154 159 160 158 155 159 157 160 99 161 158
231 233 227 230 231 233 238 233 231 210 166 168 68 172 178 62 66 114 117 116 115 118 138 141 171 176 65 110 112 109
766 763 731 441 442 730 735 684 671 686 668 740 742 924 954 953 512 507 503 501 494 501 502 543 499 496 498 510 521 1084
866 471 477 473 478 481 484 462 872 318 315 891 892 889 840 842 838 888 892 458 895 893 434 436 435 416 434 436 437 730
222 225 231 215 218 162 163 166 215 164 165 107 76 77 72 111 113 109 112 150 152 104 160 159 101 106 110 65 110 72
551 552 487 553 486 461 893 417 424 425 429 430 403 405 411 414 405 411 375 377 379 382 379 302 357 355 329 300 330 333
191 196 198 203 176 66 63 68 71 110 113 146 145 144 146 144 139 115 120 126 128 125 121 124 126 121 118 123 44 123
793 1072 792 790 792 719 795 749 771 767 690 768 687 669 740 683 671 682 679 424 438 441 736 735 441 734 445 447 450 449
761 766 763 727 757 727 759 725 755 779 756 777 753 724 800 725 779 786 783 779 781 783 784 779 725 779 724 722 752 797
57 58 182 183 185 181 180 62 66 64 62 57 62 176 196 200 196 200 276 200 272 274 280 283 285 360 334 335 360 334
336 306 385 390 394 399 382 896 906 907 915 909 914 924 913 910 914 446 453 457 462 893 383 394 393 396 392 397 385 395
149 155 151 108 113 116 114 120 47 49 46 47 49 45 53 182 185 181 196 177 178 175 69 168 73 210 166 170 167 166
214 219 216 217 228 81 84 80 97 93 223 251 253 216 261 255 253 257 255 250 254 249 251 223 222 90 88 92 161 98
655 651 655 652 653 656 655 657 654 651 653 656 653 650 653 650 651 650 646 647 648 652 650 654 653 656 658 659 656 653
472 478 482 1086 519 520 557 498 557 554 555 561 563 561 566 569 571 572 573 574 572 574 572 574 569 571 575 570 567 573
654 650 647 646 650 654 652 654 656 657 654 651 653 650 646 647 649 653 650 653 649 647 651 655 658 656 654 653 654 655
463 487 555 560 555 520 1086 482 465 872 875 863 858 862 875 841 843 844 848 826 834 796 794 749 795 834 885 834 798 447
414 415 380 332 331 329 298 294 330 331 379 301 332 303 304 381 382 417 432 899 905 898 896 433 415 381 415 380 304 363
1087 1090 1092 959 1095 959 1079 960 1078 1077 1075 830 1074 1072 831 1073 832 830 826 847 886 799 800 723 753 752 773 750 716 715
997 999 997 998 997 999 1001 999 997 999 1001 1003 1002 1001 1000 1001 1000 1001 1003 1005 1007 1006 1008 1006 1004 1002 1003 1002 1001 1000
546 495 496 490 525 523 522 508 507 502 506 508 509 631 948 949 951 540 507 503 547 543 508 542 541 504 500 495 497 496
248 238 237 235 233 230 236 212 216 212 239 209 204 174 170 142 171 175 173 170 206 212 258 252 219 249 257 219 222 251
852 857 863 857 854 852 854 853 855 853 849 851 849 852 849 845 880 1081 881 1082 453 450 448 452 1099 924 911 906 908 550
49 45 53 49 57 59 180 182 187 181 186 188 183 56 186 188 367 190 192 197 279 275 278 281 286 287 286 339 336 306
1085 484 1082 459 1082 1096 1099 1084 521 1086 484 456 459 486 481 484 1085 1084 1087 1090 1086 957 1086 486 485 462 460 462 464 467
1064 711 787 793 789 754 789 709 1063 1062 1063 1064 1063 1066 1059 784 787 710 711 1065 1059 1064 711 1064 788 709 785 780 821 822
942 939 1086 1088 518 515 517 520 1085 515 552 523 522 953 508 507 506 507 510 539 505 542 538 537 533 526 524 525 537 922
693 690 691 768 692 691 693 694 702 706 698 707 713 698 699 710 698 753 721 720 719 796 722 754 725 757 777 775 751 719
109 106 102 99 80 83 85 221 222 220 215 219 249 219 218 215 213 232 235 211 168 68 64 58 64 65 59 51 62 68
178 182 186 189 190 187 189 186 55 186 55 182 185 188 184 196 198 199 180 59 61 58 54 51 46 53 47 52 45 46
167 215 218 254 215 167 73 169 203 198 195 279 281 283 277 276 202 198 199 176 63 176 174 173 171 138 142 137 133 137
115 146 150 109 108 113 117 112 109 108 146 148 161 152 149 154 151 159 155 152 108 151 108 151 146 111 110 68 70 65
15 12 11 13 15 20 18 21 18 15 18 20 17 15 20 16 21 20 22 21 23 25 28 26 29 26 29 32 34 33
704 703 702 692 689 691 768 686 670 668 739 734 732 679 678 676 729 763 673 672 769 688 666 664 665 745 740 737 684 737
756 778 776 710 709 776 758 754 726 753 720 753 731 735 737 739 748 743 684 681 678 675 421 733 679 680 917 922 1103 950
717 715 772 749 747 744 742 738 735 770 739 685 666 770 771 665 687 769 766 770 685 686 687 685 740 683 680 914 915 733
903 904 908 905 901 320 315 313 316 318 314 315 894 312 894 458 460 459 484 462 893 417 398 399 401 362 305 401 363 374
1090 479 467 482 476 1081 1082 882 886 444 837 841 840 841 875 867 871 872 463 486 459 873 866 877 875 876 872 317 352 330
1051 824 827 823 825 832 835 796 799 800 440 733 445 442 732 676 763 764 732 735 767 765 690 688 665 686 739 772 696 694
394 385 397 399 426 399 404 369 365 370 372 368 334 362 360 361 306 308 339 359 372 303 379 299 376 411 378 374 290 374
1122 1121 1123 1124 1125 1126 1127 1129 1127 1130 1128 1126 1127 1129 1127 1126 1128 1130 1131 1130 1129 1131 1133 1132 1131 1129 1127 1126 1125 1123
32 37 32 34 35 33 31 30 33 29 30 33 31 29 28 25 26 28 26 25 23 25 22 17 16 21 22 24 23 21
823 818 800 797 833 794 750 748 743 923 737 740 669 686 665 771 667 669 683 686 688 666 663 661 658 656 658 659 657 654
227 220 216 257 254 215 214 166 168 171 173 202 273 272 271 266 268 267 272 270 266 239 269 204 200 276 201 202 205 206
889 887 892 458 890 893 312 314 309 312 890 892 457 487 488 555 559 564 567 566 570 574 571 569 572 573 576 579 576 573
317 897 317 356 354 356 353 344 339 359 360 338 286 289 288 290 370 290 359 361 364 405 363 367 373 368 334 333 359 356
813 843 840 311 840 889 837 815 810 813 817 813 817 821 817 821 816 817 813 814 807 389 807 805 803 390 807 808 813 816
206 202 205 202 198 278 276 202 207 171 175 178 177 171 166 70 171 170 171 138 172 177 182 183 192 189 186 188 190 187
382 383 386 839 811 815 812 839 805 813 807 809 806 386 890 841 839 844 847 820 847 844 840 841 890 889 386 418 422 676
141 145 140 141 164 145 150 145 111 148 151 146 143 114 112 115 117 118 65 71 65 175 173 70 172 167 166 211 165 162
221 225 217 228 225 85 98 86 87 85 82 79 84 81 228 229 227 217 230 213 235 232 228 213 218 226 222 89 94 218
882 958 1097 1092 959 1096 1099 456 884 836 835 833 448 834 798 797 835 836 835 822 818 800 799 444 443 887 837 801 725 799
223 254 253 250 248 243 242 243 248 258 248 234 238 243 242 245 244 246 243 239 265 241 242 243 244 248 244 248 254 221
1113 1112 1110 1111 1109 1106 919 534 525 534 918 1104 538 920 535 918 919 1104 538 952 922 924 925 926 929 1098 1099 925 450 926
806 387 307 308 340 307 385 382 399 418 386 390 391 807 814 810 814 813 810 809 387 391 395 393 394 387 390 393 398 385
745 743 740 682 740 670 667 666 669 672 670 769 671 668 739 685 669 688 665 666 687 691 695 773 774 694 691 767 691 687
1072 1073 830 827 1047 827 1052 1073 1071 1070 1074 1075 1073 1074 830 828 1073 1070 1072 1075 1072 829 832 793 720 448 797 835 722 723
917 680 914 922 1103 1104 922 921 1103 1100 1102 954 944 936 940 939 956 926 929 1096 930 932 933 1095 1093 1095 1096 1080 1078 1080
244 245 247 243 234 231 217 254 257 212 261 212 217 215 261 255 216 212 231 228 233 236 232 229 217 232 209 215 219 217
669 672 686 667 668 740 748 743 740 737 914 918 1107 1106 1107 537 506 504 500 545 543 502 500 504 507 503 545 543 500 543
684 739 740 684 737 445 737 734 739 684 686 741 683 685 687 691 690 688 686 690 687 668 742 924 453 459 458 462 891 840
955 924 955 523 490 556 559 560 562 497 499 497 499 511 947 950 539 510 498 499 491 551 520 552 460 488 463 484 456 458
101 159 163 96 92 161 163 164 146 108 109 108 147 148 146 109 68 67 61 56 54 47 54 57 51 52 59 51 50 44
1067 1066 1056 1055 1056 1064 709 787 1064 711 792 711 707 701 700 705 707 700 705 696 752 698 705 702 701 700 707 699 778 777
593 591 588 590 588 586 584 586 588 587 590 588 586 587 586 587 586 589 587 589 587 585 584 582 580 579 576 572 574 575
153 149 159 163 164 145 114 142 137 171 174 173 168 166 76 103 76 73 67 72 165 76 71 107 108 149 162 99 104 106
412 377 296 373 369 372 333 361 336 339 343 348 356 332 331 355 300 303 302 378 300 356 357 288 283 195 279 277 278 274
134 143 142 170 167 166 212 235 208 170 208 207 168 170 166 170 173 174 179 66 60 66 64 114 108 113 110 105 159 155
970 969 967 969 971 970 973 970 968 970 968 969 966 968 970 973 971 973 971 968 966 968 970 973 974 977 975 974 976 975
807 811 808 389 388 392 391 386 390 391 418 383 896 433 427 426 429 433 429 432 413 412 409 403 364 402 364 368 367 371
289 370 368 289 371 369 368 289 359 290 300 355 330 354 349 344 349 346 352 350 347 343 342 339 337 339 337 362 335 303
105 109 149 144 165 146 165 168 171 168 145 146 168 70 65 71 66 69 114 109 112 149 147 143 118 120 117 61 62 64
125 119 122 125 127 126 123 125 129 130 127 125 122 121 47 40 43 41 42 46 43 48 123 130 126 129 132 131 132 131
838 888 839 812 808 389 391 807 390 393 391 388 392 395 417 436 892 436 420 423 424 419 384 416 399 424 427 432 381 896
157 161 149 150 108 107 149 155 159 158 95 160 159 152 159 104 153 150 146 109 106 101 107 72 69 165 69 67 64 59
104 108 107 149 153 159 150 151 154 156 152 151 153 158 96 163 146 142 168 141 164 218 93 218 164 144 147 149 104 105
383 434 432 428 423 418 419 417 435 436 419 424 433 424 399 426 396 400 404 409 374 373 409 405 401 363 408 411 405 408
510 543 544 547 544 528 531 528 525 551 557 559 560 559 558 563 559 555 552 555 554 520 551 548 490 552 523 521 512 511
458 461 899 904 533 535 532 919 1105 741 670 740 685 770 767 763 729 438 421 434 438 733 445 453 924 1102 954 1099 928 958
611 609 611 612 610 609 611 609 611 609 610 612 614 615 616 618 617 618 616 614 615 616 613 616 618 617 616 617 618 620
272 270 276 194 279 276 279 276 274 276 274 269 201 275 271 275 270 276 199 177 180 182 53 52 121 51 58 51 53 182
459 1082 958 884 1082 459 891 458 881 835 887 886 834 830 827 828 825 822 821 824 826 822 826 830 1072 832 828 1048 827 1051
625 626 623 626 628 627 625 623 626 627 629 628 630 632 633 506 511 514 521 1085 1084 484 459 891 461 898 895 462 457 443
202 207 168 164 218 93 97 85 87 90 92 90 223 93 162 159 96 94 91 90 93 90 221 223 226 227 217 231 225 85
278 284 279 276 199 194 283 284 281 283 195 191 187 181 184 180 185 181 196 180 175 69 111 145 144 168 167 169 73 165
495 494 546 494 545 502 509 507 549 491 490 524 551 523 522 511 943 947 953 952 955 1099 957 456 956 1098 1096 1097 1100 924
1083 476 961 1095 961 960 1094 960 1095 1094 934 933 934 930 931 928 926 1100 922 1101 952 925 954 1099 956 957 1082 1083 479 1087
868 863 875 880 879 859 860 877 469 466 487 461 462 872 317 355 300 297 299 379 302 330 377 374 295 291 294 296 297 296
341 346 345 349 344 353 350 347 351 355 329 321 326 323 325 328 324 327 320 315 872 464 485 465 487 551 557 558 559 561
887 891 890 893 892 462 318 464 481 459 463 554 488 552 488 555 487 462 891 894 320 325 327 323 318 462 459 453 1099 1100
725 728 732 676 678 679 421 437 436 730 676 729 422 678 680 682 740 686 666 745 685 736 681 684 669 666 669 668 740 917
976 974 971 972 974 977 978 975 973 976 973 976 973 972 971 974 972 974 972 969 966 965 1077 964 962 1076 1078 960 1095 927
1034 1035 1038 1039 1040 1042 1050 1053 1049 1046 1050 1046 1049 1050 1047 1053 1047 1050 1042 1049 1053 1051 1049 1045 1047 1046 1043 1040 1044 1049
816 814 838 836 886 798 444 452 885 835 798 885 836 885 837 815 806 809 813 808 387 808 388 306 361 358 331 358 359 372
718 794 751 774 751 796 799 818 819 821 824 821 820 816 811 808 812 811 841 842 875 882 876 484 468 481 469 477 877 866
1018 1022 1024 1022 1023 1020 1019 1016 1017 1020 1016 1015 1020 1021 1017 1016 1020 1021 1017 1013 1010 1011 1007 1006 1004 1002 1003 1004 1005 1003
657 654 657 658 659 663 659 660 661 660 663 666 689 667 664 687 668 687 769 691 767 735 446 441 442 438 731 440 443 453
713 709 700 694 696 773 751 722 755 778 785 787 793 795 793 790 788 784 1062 1060 1063 1058 1060 1064 787 1055 1056 1053 1051 1048
41 45 49 45 53 46 48 45 46 54 53 55 52 57 60 55 50 45 41 46 54 58 59 65 66 173 204 205 201 199
409 373 368 363 335 336 334 337 361 338 308 310 344 358 289 371 292 372 359 356 355 327 324 328 298 295 376 409 413 381
668 742 924 1099 928 957 1096 1093 931 928 929 1093 958 1081 884 885 444 800 444 449 795 794 751 722 724 798 886 879 1079 960
980 979 982 983 981 979 982 980 977 974 971 973 970 967 964 962 960 1080 880 848 826 833 834 831 1072 829 1055 1052 1055 1060
568 573 575 576 575 573 569 568 573 574 570 574 571 568 564 561 566 561 557 491 557 496 497 495 493 490 523 552 488 460
1094 959 1098 1095 929 931 934 1094 928 926 927 928 927 1100 952 953 944 942 943 938 1092 1098 1083 456 455 461 893 898 899 461
837 815 839 815 811 841 881 876 481 483 554 488 551 487 457 1084 553 520 1087 939 945 951 538 509 951 952 508 523 552 553
971 974 973 971 970 969 970 968 971 969 967 964 967 971 967 969 968 967 968 969 971 970 969 972 970 967 971 972 970 968
261 267 266 263 261 238 237 245 237 241 243 235 234 245 238 239 237 240 241 239 237 235 209 205 208 210 206 205 207 213
395 385 398 397 391 397 399 403 405 402 401 407 401 395 392 395 383 394 397 393 396 384 382 302 331 354 331 317 322 323
666 745 744 747 743 744 742 738 751 772 748 738 685 687 671 684 742 1106 1107 537 1104 1105 920 919 1105 920 917 681 684 682
578 576 573 569 573 571 566 567 564 558 497 496 558 561 555 466 485 462 318 317 356 331 352 355 331 377 373 370 369 371
617 615 613 612 614 613 612 614 613 611 609 608 611 610 609 607 606 607 608 607 605 606 608 611 609 611 609 608 611 608
584 585 584 581 583 584 581 580 578 575 576 577 576 574 575 570 565 570 575 573 569 574 573 574 575 576 577 578 575 573
908 905 908 909 916 918 532 904 909 895 905 904 905 896 433 435 423 422 418 391 393 384 382 416 417 416 413 411 379 412
213 227 81 80 82 80 217 212 209 232 212 235 240 241 236 212 215 217 213 211 209 214 166 163 97 95 218 228 233 238
503 505 510 512 513 510 503 505 507 953 924 923 914 740 738 750 720 718 720 717 746 748 749 717 720 750 718 750 774 767
947 512 520 512 519 517 520 1087 1084 1099 953 511 521 953 538 1102 952 1100 956 957 1084 955 552 1084 554 555 520 511 954 1102
790 711 789 784 779 778 781 779 778 780 724 722 798 833 798 720 750 749 746 745 744 741 1105 741 685 770 690 691 689 687
1119 1118 1115 1117 1116 1113 1112 1114 1115 1113 1111 1112 1114 1112 1115 1117 1114 1117 1116 1118 1117 1119 1117 1115 1116 1114 1112 1110 1112 1113
594 596 594 593 590 588 586 589 591 590 589 591 594 592 590 593 595 592 594 597 595 597 594 595 596 593 595 593 590 593
877 882 1080 452 446 447 445 735 739 738 736 733 914 733 437 434 899 904 905 903 906 899 900 898 903 905 902 904 489 487
264 261 216 261 262 239 238 242 236 231 247 237 245 244 247 246 247 226 222 93 95 218 226 229 217 228 227 221 222 254
442 734 444 886 844 878 880 1080 879 883 455 447 441 735 773 768 690 769 672 681 917 740 744 741 738 749 720 790 787 788
67 69 72 67 69 165 168 173 176 62 60 55 54 53 58 52 121 117 119 115 147 146 113 111 165 76 163 165 72 73
1118 1116 1115 1113 1112 1114 1112 1113 1111 1110 1109 1105 538 539 538 537 951 954 523 520 1086 1091 1089 516 513 520 554 486 555 465
811 387 388 808 813 809 813 816 805 818 814 818 837 818 799 754 774 710 776 757 727 763 728 420 394 387 385 419 438 436
425 426 425 426 425 423 425 676 762 767 736 441 732 763 768 765 761 766 732 736 445 449 452 1081 961 963 961 1081 878 882
85 93 94 96 86 97 99 161 160 156 151 156 154 150 146 108 149 108 146 111 147 163 144 146 148 111 106 108 146 114
405 404 401 364 405 401 383 386 391 384 418 420 437 442 910 916 679 678 425 676 678 425 422 424 438 734 735 737 735 731
789 719 793 789 788 1062 1057 1051 1052 828 822 780 824 823 847 846 823 848 853 854 851 852 855 860 877 873 459 486 551 550
1134 1133 1132 1133 1134 1132 1130 1132 1133 1134 1132 1133 1132 1131 1128 1126 1125 1122 1124 1125 1122 1125 1124 1121 1119 1121 1122 1120 1122 1121
1000 998 1000 1002 1004 1006 1008 1007 1011 1014 1010 1013 1011 1013 1018 1017 1013 1018 1016 1012 1009 1012 1015 1020 1019 1022 1019 1021 1024 1025
328 355 331 299 326 324 325 329 332 334 372 377 412 414 413 430 415 379 376 377 330 328 327 324 322 318 322 319 313 318
982 984 982 980 982 984 985 984 983 985 984 985 984 983 984 987 986 985 984 986 984 985 987 984 982 981 983 984 981 980
225 222 224 250 253 216 257 251 255 219 214 167 164 211 212 232 226 228 226 231 234 233 213 235 238 247 233 232 228 213
706 709 699 709 776 755 725 759 726 728 731 735 441 444 454 445 798 441 443 737 445 444 440 800 798 753 773 771 667 689
619 617 616 614 612 614 615 616 613 614 613 616 617 619 617 618 615 614 616 613 616 614 615 616 615 616 615 616 613 612
230 233 228 81 83 98 160 157 152 154 155 157 152 148 159 153 157 159 157 152 157 159 96 97 92 87 88 93 97 158
800 887 888 881 454 913 914 443 455 887 453 446 925 926 449 796 834 798 833 797 719 720 791 711 712 714 710 776 786 791
570 575 571 572 570 572 573 572 569 563 560 555 554 556 557 559 557 491 492 499 513 517 514 515 1087 479 1086 486 551 520
325 327 325 323 321 320 900 896 433 417 436 417 384 399 427 432 907 905 898 461 894 320 331 320 324 326 329 331 330 356
465 463 898 320 898 899 898 899 434 439 733 440 443 438 679 677 425 679 682 916 908 535 537 922 919 537 1107 919 917 919
323 898 895 460 909 439 910 913 924 955 953 538 540 539 510 505 634 637 636 637 636 635 639 636 638 637 640 642 640 643
407 410 413 377 373 302 381 402 400 364 400 403 427 402 382 418 419 436 421 434 435 421 438 443 452 449 445 913 910 439
55 54 59 178 59 180 192 196 181 178 174 171 173 171 70 75 166 163 97 100 105 108 113 68 113 109 68 110 115 114
802 837 444 451 454 457 459 458 461 460 905 902 895 462 891 888 839 811 815 801 798 834 798 441 443 442 915 910 438 915
1039 1035 1038 1036 1038 1041 1045 1040 1041 1045 1051 1049 1044 1046 1050 1048 1046 1050 1045 1042 1040 1034 1033 1031 1030 1029 1034 1037 1034 1040
927 929 1098 1100 1102 923 743 923 1104 919 920 1108 1111 1109 1110 1112 1110 1112 1110 1107 920 918 917 910 911 907 910 911 917 911
648 646 643 641 644 642 640 637 638 636 638 636 637 636 637 639 638 640 638 640 642 641 642 646 642 646 643 645 646 650
107 76 70 168 73 68 65 176 177 199 197 177 171 70 64 69 74 69 171 70 69 63 172 207 201 273 279 285 284 286
610 611 610 609 607 609 607 606 605 604 605 607 608 610 609 607 606 608 609 607 608 610 612 614 612 610 612 610 609 611
765 761 693 767 673 769 671 670 769 671 770 688 664 771 664 687 686 671 766 671 769 690 687 664 662 664 687 688 771 739
792 790 792 788 787 1062 1060 1065 1062 1058 1061 1057 1058 1066 1058 1063 1065 1069 1073 829 828 831 1075 1074 1077 965 968 969 966 963
50 49 124 127 123 48 40 44 46 42 38 33 32 30 29 27 26 27 30 31 34 38 40 39 45 40 46 39 44 124
179 174 178 179 181 193 187 184 181 186 55 53 54 46 39 37 35 32 34 33 29 30 32 34 30 27 28 32 31 32
1021 1024 1021 1024 1026 1027 1025 1026 1029 1026 1029 1027 1030 1033 1034 1031 1030 1035 1033 1039 1044 1042 1046 1041 1039 1044 1049 1046 1051 1049
1082 451 455 885 880 876 468 467 483 478 481 479 1083 482 469 475 470 482 480 468 484 485 554 484 486 465 466 479 469 862
983 985 982 979 982 980 983 981 984 986 984 985 987 989 990 989 991 993 992 990 991 992 990 989 990 991 990 989 990 992
133 127 133 135 130 134 132 129 126 132 131 136 135 134 132 133 138 135 136 138 174 138 173 138 135 133 138 174 172 178
205 272 267 269 208 213 228 213 210 205 265 262 256 257 249 224 217 219 215 211 217 211 216 235 258 262 238 244 246 237
154 150 151 149 148 161 149 146 142 137 170 175 61 60 179 176 174 62 172 177 180 182 185 182 180 185 182 187 189 185
416 401 365 405 411 409 376 372 373 301 304 362 334 371 287 360 362 369 371 370 289 290 287 282 287 290 288 286 336 308
949 948 630 948 949 945 947 950 948 950 947 949 948 509 538 539 507 538 507 523 1101 924 913 445 446 450 445 835 884 833
680 915 912 925 912 911 922 523 489 553 521 520 522 524 535 953 535 911 535 550 552 490 902 901 904 906 433 429 402 403
873 866 467 468 464 318 320 897 381 304 306 398 382 381 416 433 436 433 430 432 429 432 416 382 416 418 427 433 432 900
183 184 179 58 49 46 41 39 35 32 35 37 40 39 38 42 43 44 43 47 43 44 40 48 42 45 44 50 48 52
422 418 423 427 417 420 424 677 424 428 416 430 432 907 532 528 548 494 546 495 497 500 493 502 543 510 499 501 500 494
596 597 598 596 595 592 589 590 593 596 599 601 602 604 603 605 604 605 603 601 604 602 603 605 607 608 607 608 609 611
951 536 524 523 552 488 552 1084 456 447 448 834 884 887 888 839 815 817 819 814 818 815 817 805 816 819 843 846 844 836
788 778 723 727 729 726 756 758 761 758 777 776 785 787 791 832 829 828 1048 1045 1047 1045 1047 1045 1044 1046 1044 1039 1043 1044
1041 1044 1042 1043 1046 1049 1047 1049 1052 1073 1068 792 1059 1066 1059 1056 1067 1065 1062 1058 1053 1050 1047 1050 1052 1069 1073 828 832 1073
564 563 560 558 556 555 465 464 463 322 318 315 872 316 893 892 435 416 424 422 677 680 736 767 763 759 728 733 445 439
687 671 770 691 688 665 745 746 716 715 772 715 719 722 734 446 448 749 751 722 720 448 720 721 753 696 698 776 757 779
1001 1002 1003 1001 999 998 1000 1001 999 998 997 999 1000 1002 1000 1002 1001 999 1000 1002 1001 1003 1005 1008 1010 1008 1011 1015 1018 1020
47 54 55 58 178 177 180 193 192 189 194 189 193 188 189 193 197 201 207 202 201 275 270 269 273 277 282 284 279 277
1108 1110 1107 920 1103 537 524 921 535 534 918 532 529 528 547 542 503 500 503 506 541 538 541 525 537 921 1105 919 534 535
724 803 725 777 697 702 700 776 777 697 773 771 750 710 750 716 749 746 716 717 750 747 744 739 740 923 921 1105 921 533
1093 1097 928 1095 1094 929 931 1095 927 1098 955 522 550 488 552 554 1085 1088 520 551 553 1084 552 550 908 910 907 899 902 905
485 554 485 486 553 1085 487 462 873 867 863 861 855 861 858 861 858 857 852 854 853 849 853 849 852 854 856 854 851 849
276 201 207 208 205 272 278 279 277 280 275 281 280 285 279 198 192 188 367 373 377 301 372 366 365 364 403 430 424 421
989 991 989 991 992 990 989 991 990 992 990 991 992 990 989 988 989 988 989 991 992 993 992 990 992 990 989 987 989 991
1103 538 1105 1104 1103 1104 535 524 525 547 546 526 527 492 548 493 546 529 530 528 531 529 546 529 546 547 491 548 527 530
374 408 411 412 374 366 372 370 372 373 369 371 359 288 283 285 339 344 358 286 339 358 303 313 343 348 351 349 352 354
207 170 141 146 108 104 101 105 102 105 101 98 101 98 86 92 93 91 90 223 93 98 93 86 84 98 100 160 158 160
521 514 512 516 511 516 519 1085 554 465 467 485 468 477 474 478 467 871 875 860 862 875 842 846 843 812 840 837 815 840
739 686 741 745 744 746 744 743 748 685 667 685 739 744 745 746 748 750 716 714 716 747 743 748 771 684 667 684 687 665
233 232 237 244 246 234 236 212 209 236 242 244 237 241 235 232 234 229 217 228 233 236 232 227 229 227 231 216 226 218
1105 538 920 1105 741 1106 919 1106 742 1105 920 919 918 915 912 443 457 912 1101 537 1103 921 914 916 681 674 679 678 676 422
991 989 988 986 984 985 984 983 980 983 982 980 978 980 982 980 979 977 975 973 971 968 966 964 967 971 969 970 972 974
537 921 919 534 549 523 537 1101 912 910 909 916 914 736 685 741 745 741 684 740 741 739 745 744 741 739 668 667 669 685
880 884 1080 958 1084 1085 955 552 487 486 481 472 473 472 858 862 856 877 876 878 880 1081 477 473 469 473 471 474 479 1090
604 605 607 609 610 612 610 611 609 610 609 607 608 611 612 613 616 613 615 617 619 620 619 618 619 621 623 626 625 622
377 296 376 300 372 301 381 896 433 416 398 385 417 416 431 413 410 414 430 402 407 406 413 381 302 331 377 302 357 353
384 305 337 334 332 300 302 301 302 414 406 405 412 405 402 415 380 900 301 373 374 375 411 374 301 304 401 305 336 308
522 524 922 920 533 918 916 908 550 549 543 547 542 544 548 496 491 558 564 568 563 560 559 564 562 563 562 560 556 490
315 897 893 889 439 444 800 725 758 777 699 694 705 713 715 793 795 718 794 833 834 884 1081 957 1093 957 1081 881 452 885
