315 314 308 314 313 282 286 288 332 286 290 287 286 327 313 331 330 198 333 369 406 404 376 404 376 403 375 378 371 395
386 383 389 382 380 379 352 344 338 200 337 331 332 289 286 329 335 334 328 290 325 311 310 295 301 304 222 220 224 219
365 362 363 361 362 367 372 405 375 397 375 399 212 400 401 207 206 210 344 396 344 213 216 220 221 225 227 219 275 343
384 381 383 385 387 390 384 393 354 363 357 353 355 357 359 253 258 262 347 261 272 347 261 264 266 263 265 264 265 262
324 319 321 319 321 318 317 322 320 319 322 323 324 315 290 286 284 359 362 367 358 254 276 254 359 254 343 348 347 349
180 179 182 183 179 178 180 186 187 183 184 183 182 178 177 173 177 174 168 173 169 163 158 156 150 154 156 158 157 160
320 324 314 286 280 255 343 342 272 346 341 342 344 209 207 400 208 207 209 213 203 211 212 203 213 218 220 223 302 307
373 405 407 409 410 415 413 417 418 415 417 415 410 413 417 415 418 415 413 412 413 417 418 416 417 413 416 413 415 414
369 363 357 360 336 330 335 338 218 220 216 218 216 217 200 198 313 333 337 336 356 367 371 398 213 214 201 214 202 199
408 411 412 414 412 416 412 413 414 417 416 412 410 412 413 415 417 418 415 418 415 417 413 414 412 413 414 410 415 416
307 304 305 311 307 306 296 293 291 289 314 311 316 315 311 314 328 316 323 318 326 331 315 316 317 318 325 318 325 315
11 98 101 13 14 11 98 12 14 12 99 91 95 97 90 92 89 90 101 22 23 22 20 103 101 88 101 21 103 104
14 101 22 24 23 22 24 105 85 104 88 22 103 24 87 84 104 105 71 107 76 70 28 110 113 67 60 59 23 25
346 342 340 334 313 330 328 313 310 309 285 287 327 317 327 317 290 315 313 325 290 286 333 332 282 283 284 297 282 281
24 26 27 109 108 68 108 59 58 57 72 71 58 59 108 58 56 71 58 45 57 73 70 26 25 24 104 87 14 16
302 304 309 286 284 288 286 328 334 197 198 337 200 374 377 402 376 395 392 391 384 385 383 384 389 382 392 393 392 354
146 151 135 151 153 155 157 152 149 144 145 150 148 153 157 151 155 152 154 149 150 139 142 146 147 145 144 139 147 142
140 137 139 137 135 140 134 142 143 146 144 143 142 138 134 130 126 133 125 124 119 118 124 126 125 121 119 122 120 122
303 226 301 304 224 225 274 232 228 224 222 305 302 295 303 307 303 307 296 298 295 291 324 322 323 326 329 289 326 327
204 402 377 350 353 364 361 356 353 371 378 394 396 371 375 202 213 218 223 221 218 213 341 200 203 212 214 212 399 400
195 193 187 188 190 186 189 190 186 180 174 170 167 171 173 170 172 177 172 170 175 170 176 172 177 179 175 179 181 178
201 200 201 213 345 398 209 214 210 215 224 216 221 220 217 215 212 207 212 341 279 275 341 275 278 273 268 265 271 345
1 3 94 5 6 3 5 94 2 1 3 2 3 6 8 91 96 91 93 4 6 4 96 94 92 97 7 97 5 2
215 345 350 346 262 237 260 242 245 251 252 358 356 355 353 397 376 375 202 213 212 209 397 348 345 350 340 350 398 209
226 222 224 304 308 305 311 312 311 308 303 308 310 316 326 325 311 312 335 283 338 343 275 345 275 341 279 275 270 228
318 326 310 327 335 329 335 309 311 307 301 226 274 228 232 228 224 278 342 279 281 285 283 288 284 280 281 280 279 276
17 19 102 87 103 88 24 87 90 100 103 89 11 8 96 91 93 95 5 6 7 96 8 92 9 7 8 5 3 2
12 102 19 20 103 20 16 101 99 98 10 13 16 22 24 107 78 107 25 24 104 24 21 19 17 14 101 88 23 88
291 295 298 297 306 305 227 219 225 220 215 342 213 200 341 338 213 398 209 214 213 338 343 339 278 305 226 224 220 223
390 393 384 390 386 384 388 387 388 387 388 390 391 385 383 391 389 385 389 383 393 353 371 353 368 367 361 360 355 354
228 270 276 273 237 273 274 227 274 279 335 332 338 213 212 209 207 211 203 402 204 400 204 209 206 400 397 395 394 354
94 3 5 96 4 95 93 2 1 0 3 6 4 94 93 2 1 0 2 5 7 8 10 89 98 96 8 10 8 99
192 196 373 404 402 206 213 218 220 217 221 215 216 213 344 351 343 350 378 353 378 371 373 375 396 344 343 276 270 271
160 163 161 164 167 166 171 174 183 184 182 181 184 186 189 192 195 196 197 198 197 198 199 335 330 334 313 310 307 302
21 22 88 98 93 90 10 89 87 12 13 101 14 11 100 99 13 11 90 92 95 5 93 8 6 4 6 96 94 2
321 323 324 327 317 325 324 314 327 290 317 327 317 290 325 316 315 327 315 325 323 316 328 327 331 328 326 292 325 310
331 312 311 308 305 310 326 323 318 326 324 325 314 329 333 362 359 362 365 366 362 356 367 371 367 364 367 336 362 368
367 353 364 362 357 352 378 376 373 406 405 374 376 397 350 340 396 349 341 349 210 399 210 213 374 369 365 370 340 344
77 78 70 57 42 61 58 45 53 44 43 44 53 73 77 108 68 40 43 58 45 53 57 42 59 43 42 70 109 66
403 406 405 406 410 414 415 410 412 414 412 416 418 415 417 413 415 416 415 411 413 417 416 418 416 415 414 415 414 416
355 252 246 248 247 251 248 250 247 241 242 238 233 237 240 243 247 243 248 244 238 259 273 267 271 265 267 268 265 263
366 369 368 378 379 376 371 395 394 354 362 361 358 354 396 353 393 380 396 371 369 371 396 394 382 392 381 384 388 391
283 338 198 312 310 296 297 302 297 285 289 325 290 315 325 311 307 309 297 299 301 226 230 233 231 229 274 228 233 228
22 16 21 101 103 22 14 101 87 85 82 83 86 102 14 99 13 98 96 7 10 9 98 101 86 24 103 87 21 23
131 132 131 133 135 139 150 156 154 158 162 163 160 157 159 156 151 139 148 151 152 151 148 150 151 148 152 148 142 139
347 352 344 397 394 397 395 397 351 254 256 261 255 343 346 261 259 273 235 272 235 276 281 305 306 301 226 304 302 305
255 259 239 260 261 260 261 255 234 270 267 270 231 228 277 234 269 259 258 276 231 274 226 302 307 296 292 323 326 315
350 344 339 218 223 303 301 278 277 232 235 274 275 279 343 347 349 397 376 340 346 345 346 349 347 352 396 394 378 350
293 294 297 293 298 294 295 297 288 286 331 335 282 336 366 357 366 368 362 361 362 367 366 370 367 365 362 357 336 330
93 94 92 89 10 98 10 98 13 102 16 14 88 86 83 84 104 84 83 86 80 84 79 72 71 72 56 52 50 55
40 38 62 111 66 64 63 66 62 40 61 69 108 61 60 109 110 111 110 28 109 107 105 70 76 73 81 103 86 84
58 44 45 50 46 47 44 53 55 45 55 53 50 53 57 71 105 108 71 108 25 70 108 71 57 106 72 57 72 75
136 131 130 126 122 123 128 134 138 137 140 135 129 130 128 124 122 121 118 121 119 121 120 124 125 133 128 127 124 125
196 197 192 189 186 185 188 187 188 191 186 182 178 177 175 183 187 193 197 198 338 332 285 332 286 360 339 279 277 227
363 369 333 198 333 366 363 364 361 362 366 364 363 365 369 371 340 370 199 370 373 199 213 210 211 207 212 215 213 200
381 393 392 354 367 365 357 354 394 364 394 368 378 380 382 390 381 352 344 397 394 353 352 355 393 384 381 391 390 393
96 97 99 13 102 15 101 11 9 10 13 89 103 86 83 80 79 105 79 77 105 107 78 73 53 48 44 59 106 57
338 199 196 194 191 189 185 181 178 173 179 184 180 175 173 170 176 172 170 166 168 171 174 175 179 182 175 176 179 173
81 105 85 105 21 103 86 104 22 21 17 18 20 14 16 15 18 14 21 103 24 86 105 72 56 47 50 52 55 73
387 384 386 387 390 387 388 384 393 396 393 392 384 393 396 351 394 351 344 352 343 345 271 269 273 346 261 255 273 259
345 215 219 220 215 211 205 401 208 212 207 203 212 341 351 346 262 272 261 272 342 336 330 194 189 187 190 189 188 192
216 217 200 196 202 203 202 203 205 400 402 405 403 374 403 401 209 214 345 350 396 393 380 391 394 393 380 352 356 336
292 288 326 313 312 334 336 340 334 331 326 328 329 331 314 312 335 313 309 304 227 225 219 214 201 202 199 202 206 205
79 83 84 81 104 72 56 44 42 44 46 50 51 53 57 59 44 58 70 110 112 66 113 115 116 117 120 122 120 118
98 8 93 95 96 10 90 101 86 81 82 83 85 105 70 42 43 42 57 54 57 71 107 105 81 80 79 78 105 25
263 259 237 239 243 249 253 249 253 359 353 340 345 342 337 338 218 215 220 219 305 309 305 309 312 335 339 341 210 213
30 33 37 35 39 62 67 61 63 64 66 62 39 60 108 109 27 31 29 26 28 27 28 30 28 26 31 32 37 40
127 129 130 135 138 146 148 146 142 140 136 134 133 134 138 136 142 140 142 135 147 150 153 158 164 165 167 171 173 179
246 256 253 251 247 249 245 239 243 242 234 262 264 266 271 231 278 338 343 276 256 234 238 234 255 258 253 246 243 238
92 89 103 105 21 24 103 100 15 13 100 86 100 89 99 91 9 99 89 11 90 87 21 22 16 102 101 86 103 105
275 342 215 210 349 341 343 279 280 283 287 284 287 327 314 316 327 315 331 335 329 314 329 330 335 339 283 282 276 279
266 271 346 276 280 279 273 237 260 259 258 262 258 255 234 272 235 230 227 304 306 305 227 222 221 217 218 223 220 222
344 213 206 400 401 209 398 371 378 394 392 389 384 392 391 392 394 397 348 350 340 339 279 285 282 285 291 285 281 282
375 372 373 370 334 200 338 334 335 327 326 331 333 370 199 200 198 336 340 345 272 267 268 266 264 265 266 270 236 231
252 253 359 253 252 284 286 360 356 354 392 393 384 389 385 389 390 382 384 390 383 380 382 392 390 389 384 391 388 390
83 78 77 72 55 51 50 47 46 45 56 48 56 51 55 44 53 73 81 83 79 77 79 78 73 70 72 77 78 83
72 76 72 107 109 29 109 61 41 62 110 66 112 110 27 31 30 26 70 73 58 73 76 108 71 57 104 25 59 69
251 254 256 252 284 282 278 224 215 214 219 223 218 217 214 215 220 217 218 220 216 218 214 201 202 200 217 213 342 345
9 8 98 11 100 12 9 98 99 92 98 88 89 102 89 11 8 6 5 6 7 10 96 95 98 92 96 95 8 91
78 77 105 77 108 70 60 41 43 40 69 111 68 66 109 107 59 71 76 75 72 73 72 73 77 73 57 53 51 52
144 145 147 148 153 157 156 154 158 155 153 149 153 149 152 149 153 152 156 152 155 150 138 149 143 145 143 149 154 155
84 81 72 57 45 48 55 19 17 18 15 14 11 10 99 98 92 90 10 90 87 24 26 70 26 32 26 27 31 35
122 118 120 118 114 118 117 120 122 125 126 122 121 119 115 117 122 120 123 118 125 128 136 150 142 146 148 146 145 149
187 185 184 181 184 189 191 194 195 192 189 183 180 172 166 171 175 180 182 183 179 178 180 176 175 181 183 187 184 186
404 403 372 377 350 353 355 253 255 356 343 344 348 209 397 349 351 395 376 349 376 399 208 401 399 208 207 209 401 207
397 399 209 348 343 339 278 339 356 343 255 261 347 352 378 375 204 202 374 202 196 200 217 219 216 215 342 278 231 232
76 70 57 55 73 82 78 74 71 56 58 45 43 46 48 49 52 50 52 53 47 53 56 58 45 54 49 52 49 54
326 328 332 360 354 359 353 357 361 356 351 345 275 270 269 273 255 259 236 237 260 261 346 341 344 351 348 345 344 346
243 242 241 242 243 242 237 242 238 244 239 243 256 259 257 252 283 279 276 342 344 347 349 347 258 275 278 231 275 339
95 94 95 97 5 95 8 99 12 99 12 102 14 13 11 99 101 20 21 24 22 88 22 16 18 15 12 11 89 87
310 314 286 313 285 284 280 251 250 256 276 275 345 215 217 216 213 212 201 199 201 218 342 272 345 347 346 345 343 346
329 330 334 370 337 340 350 347 342 337 339 281 280 279 255 343 337 334 338 341 218 214 218 224 225 222 227 305 304 227
351 343 347 272 271 274 275 272 345 275 270 275 342 279 282 297 309 304 224 225 227 222 223 308 223 225 274 275 273 227
208 207 206 202 212 215 221 215 212 399 396 399 375 372 370 333 328 290 314 313 308 311 310 296 301 305 310 316 317 315
73 71 74 79 76 73 77 107 68 40 39 38 35 39 41 43 45 43 71 109 110 68 67 110 70 25 104 86 100 98
379 376 374 406 403 372 378 403 398 396 380 393 381 391 383 389 387 385 382 393 353 397 352 351 343 341 338 341 200 199
181 182 175 181 175 169 165 171 176 170 172 177 179 181 187 186 184 187 188 183 175 170 174 168 166 167 168 165 166 171
124 126 133 126 127 123 118 115 116 120 122 117 115 116 114 116 117 119 122 121 120 115 117 118 120 118 114 117 122 120
164 159 162 160 159 157 153 150 156 153 149 150 149 150 135 134 136 133 136 150 136 138 141 144 149 146 135 138 140 139
237 241 240 238 233 229 227 223 219 275 346 349 344 209 210 214 211 208 209 208 210 206 210 207 211 202 213 214 200 214
259 276 259 263 261 259 260 255 359 358 363 364 368 371 353 397 209 208 206 211 206 213 204 404 401 398 399 377 372 366
143 149 146 139 143 148 145 148 138 135 141 135 146 143 139 143 142 135 133 134 136 141 146 151 153 149 155 149 148 150
7 5 3 1 4 95 8 6 7 96 5 7 6 5 8 10 11 89 100 14 99 13 14 11 90 98 9 98 12 87
8 10 89 103 89 97 93 96 9 12 9 97 10 12 9 11 90 92 94 2 5 6 8 98 93 98 88 101 12 15
174 172 167 165 166 160 161 163 169 171 170 164 160 165 162 164 167 168 174 170 168 170 171 174 175 183 186 182 178 182
389 386 387 389 391 384 392 383 393 384 393 392 384 382 391 389 382 392 384 383 381 392 383 385 390 382 380 392 354 353
372 367 340 338 342 213 202 203 210 213 344 341 351 355 351 355 353 359 283 339 343 340 279 342 346 349 348 209 349 209
34 37 39 63 61 108 67 66 64 63 64 63 39 60 62 69 58 41 69 62 65 66 67 110 109 28 70 110 29 32
267 271 262 234 269 259 273 262 272 262 235 271 266 269 261 256 249 253 257 254 280 279 274 225 229 300 301 305 224 221
4 5 6 3 6 7 9 96 91 94 97 98 91 89 90 91 10 11 99 91 100 11 97 11 10 90 98 95 5 2
327 286 313 330 198 201 212 206 208 207 206 400 208 400 399 401 404 402 403 375 403 404 401 205 206 208 206 213 203 200
150 138 140 134 139 146 148 147 138 149 154 150 154 149 154 151 146 152 146 151 139 151 148 147 135 150 135 137 140 142
193 194 196 197 190 185 187 184 189 191 190 185 180 175 183 184 181 175 172 173 169 172 168 169 175 172 171 174 179 173
265 267 270 267 272 276 270 274 228 231 236 237 262 346 268 271 269 275 273 228 232 235 272 278 227 304 227 302 306 294
417 418 417 414 416 414 415 416 414 413 412 410 412 415 418 417 416 417 413 415 414 417 418 415 413 417 413 416 418 415
359 283 288 285 296 298 301 304 305 306 281 284 281 283 339 335 198 200 218 201 202 214 219 308 311 312 314 324 322 321
111 67 64 65 66 62 61 62 40 41 58 72 81 82 80 77 70 68 66 63 61 110 113 66 112 66 61 40 41 42
152 157 152 153 147 144 138 132 125 128 130 126 129 132 137 132 131 130 133 128 132 136 132 128 131 132 135 129 126 123
368 367 340 337 338 334 339 334 336 286 285 306 304 227 304 303 223 220 216 217 200 199 202 214 218 220 222 304 302 297
415 414 411 408 405 408 410 408 406 373 403 378 395 354 356 353 352 378 368 365 367 370 373 196 190 193 196 190 197 193
236 273 255 253 249 256 243 241 245 250 253 250 248 243 246 249 243 244 246 252 251 280 284 251 254 279 280 282 285 332
74 78 105 86 88 86 85 104 25 24 25 26 108 71 75 71 78 82 78 106 23 103 87 100 14 102 13 99 92 98
316 317 290 326 291 297 306 305 224 223 308 310 294 297 284 278 342 338 283 281 280 274 226 222 304 309 297 285 287 289
89 92 98 89 11 90 93 94 93 96 7 96 97 11 100 99 98 88 101 12 14 20 15 101 15 22 14 88 89 102
402 376 371 395 350 378 379 378 353 357 368 366 333 334 198 370 366 369 366 368 378 398 344 345 209 206 213 210 212 211
279 280 254 255 258 343 353 396 377 401 209 349 396 374 372 375 396 397 379 380 393 391 390 387 386 384 381 379 396 398
241 243 249 247 245 241 233 237 241 247 249 244 239 242 247 244 247 246 251 252 355 354 394 392 383 389 384 381 393 396
406 374 403 372 376 375 374 369 333 367 354 396 395 378 380 391 394 382 380 391 392 390 382 393 379 397 352 356 353 371
400 207 400 402 374 402 399 375 378 379 352 340 344 350 351 341 279 282 297 296 309 304 302 299 302 223 216 219 218 200
256 245 256 255 256 257 242 257 262 258 346 258 347 348 351 354 395 353 368 396 352 397 376 371 374 405 374 340 339 356
103 89 10 97 10 91 88 24 88 104 102 21 15 16 17 16 21 18 21 17 14 100 86 22 20 101 15 14 103 24
269 235 276 275 271 227 228 273 230 234 233 228 226 225 224 275 342 275 342 340 352 380 396 399 375 212 211 204 211 202
334 340 351 396 351 354 360 284 251 284 285 282 276 270 263 272 267 263 271 262 265 267 268 265 268 266 263 273 262 272
99 87 102 15 22 101 88 86 101 100 13 102 86 21 23 24 104 88 98 101 20 103 23 88 89 88 90 11 99 9
162 166 172 177 180 176 179 181 187 188 190 192 188 184 181 175 179 183 186 181 179 175 171 174 177 172 174 176 178 180
224 222 226 305 307 310 305 227 228 274 226 231 274 225 274 270 268 272 271 276 231 275 341 398 209 203 205 203 211 204
277 259 254 256 234 269 274 278 276 343 346 340 342 275 277 273 227 225 274 225 222 227 271 270 264 263 273 276 234 256
120 118 123 118 115 117 115 119 118 124 126 128 130 127 122 121 116 119 122 125 122 124 128 129 134 128 129 132 135 132
53 52 48 45 57 54 46 49 51 52 54 57 45 53 49 46 49 53 49 46 50 51 54 47 54 48 47 53 54 48
333 336 334 338 198 338 333 339 344 397 378 379 380 396 395 354 360 282 278 219 308 309 311 312 310 291 294 297 301 278
166 162 159 158 156 159 164 163 160 159 160 161 167 164 167 164 168 171 174 172 177 175 181 182 177 180 179 174 178 181
46 47 49 47 53 57 53 57 43 41 42 61 41 59 43 44 54 50 48 44 57 60 42 59 43 60 40 60 70 61
343 340 376 399 209 400 403 373 195 192 187 191 186 189 183 174 173 177 175 180 178 175 176 173 172 171 170 165 159 164
393 391 384 387 385 389 383 384 381 380 352 378 376 350 398 397 375 377 371 337 371 336 341 215 210 348 347 352 355 358
172 176 170 169 173 175 173 169 171 175 182 177 174 177 179 180 179 178 180 185 182 187 191 187 184 183 181 187 186 189
33 34 36 38 39 35 39 41 43 71 78 82 83 84 79 72 75 71 106 23 105 87 21 88 91 94 97 91 97 8
23 42 23 106 78 74 75 76 71 60 68 70 72 55 45 58 106 105 70 69 110 111 67 108 59 25 61 59 71 105
190 191 188 186 181 178 180 183 188 189 185 183 187 189 190 192 197 199 201 212 375 396 398 376 396 380 382 384 385 382
284 280 359 355 354 395 380 379 377 399 210 206 400 212 205 206 212 398 397 399 401 402 401 205 207 212 215 219 275 339
304 301 230 277 273 262 237 273 272 274 228 223 221 215 341 346 343 255 251 284 288 290 326 328 330 333 337 343 338 341
69 108 68 63 66 110 111 112 113 116 118 122 126 130 127 128 134 136 132 125 121 122 121 124 128 132 135 141 138 135
3 6 5 6 96 92 95 96 91 92 94 3 93 4 96 10 11 99 89 92 93 96 97 96 10 97 90 88 89 87
135 138 147 148 145 144 141 137 131 132 135 151 146 149 145 149 148 146 138 133 128 129 125 124 128 131 133 127 130 132
378 398 208 401 377 371 395 378 403 399 210 215 342 346 347 351 352 344 209 401 377 399 400 376 350 396 395 397 394 381
114 113 114 116 114 119 122 118 121 116 114 112 115 116 119 120 115 112 111 70 69 111 69 58 45 43 71 43 46 48
123 121 125 118 123 119 124 127 129 131 136 142 135 138 146 147 148 138 144 146 141 144 148 138 136 141 138 139 148 147
91 88 98 11 101 16 19 16 102 87 89 98 8 96 92 90 93 92 91 89 10 7 9 7 97 10 97 9 10 89
306 309 305 303 300 298 294 295 292 326 327 324 325 324 321 323 318 324 314 286 287 332 285 309 314 313 285 284 279 281
176 171 174 169 174 180 178 176 173 175 181 178 182 175 173 175 179 176 178 175 171 177 176 179 184 179 181 179 172 180
282 287 284 281 284 278 279 276 346 348 343 272 259 242 234 237 233 234 272 346 350 352 344 342 345 343 254 343 345 398
26 27 25 27 25 106 70 60 39 41 61 63 65 63 37 40 63 62 39 61 70 76 106 23 59 43 42 41 69 70
197 199 374 341 350 398 401 398 345 347 262 261 346 261 255 234 269 267 263 273 258 255 343 356 362 336 362 368 396 354
239 243 256 245 248 249 253 254 259 254 343 279 255 343 258 259 254 358 360 367 361 360 363 364 353 394 357 354 393 355
177 173 170 173 174 170 166 171 177 172 180 178 175 174 178 174 178 175 169 168 174 177 180 184 180 177 172 168 167 161
312 310 294 292 323 324 321 323 318 319 323 325 311 308 310 313 309 297 309 335 200 213 214 206 210 345 344 397 398 397
119 122 127 125 127 133 138 149 151 156 159 164 159 157 154 152 147 151 156 151 156 151 153 155 154 153 151 154 156 150
189 185 189 187 185 182 178 182 183 189 184 183 187 192 190 191 190 188 182 177 173 175 176 171 173 179 184 189 192 193
52 50 53 48 52 47 48 44 53 51 52 49 52 56 46 45 44 46 54 49 54 52 49 50 47 55 45 53 49 47
271 235 269 235 274 270 275 346 276 346 344 351 352 351 345 350 395 380 352 343 340 336 286 283 288 284 278 272 262 272
298 306 295 303 302 306 294 293 292 323 317 290 292 295 300 302 226 230 301 230 300 229 230 235 266 264 267 268 269 274
16 14 17 18 19 18 16 13 12 11 90 101 98 90 98 96 94 97 94 91 89 98 91 90 91 100 102 15 22 86
156 159 164 170 167 170 171 169 163 165 167 172 177 173 167 164 169 171 166 171 174 168 171 176 179 184 181 182 187 184
158 164 167 173 172 173 179 178 172 175 176 170 176 178 180 172 178 180 174 176 174 178 182 186 182 185 186 189 192 197
360 354 360 354 358 359 252 251 359 253 249 252 355 252 359 357 352 381 391 389 388 385 382 390 383 394 378 368 364 368
54 47 48 51 48 52 51 49 53 52 51 47 46 48 56 53 55 19 21 86 87 100 88 87 86 102 18 15 101 22
121 117 114 112 115 113 116 121 118 116 117 121 119 121 125 133 125 129 133 130 134 138 137 141 135 136 141 139 137 142
286 285 291 285 297 299 295 310 314 290 317 327 287 360 284 282 279 280 251 246 241 239 244 240 245 256 250 252 251 280
376 378 375 398 402 205 208 211 204 212 202 200 196 202 199 197 334 370 337 200 202 199 370 368 365 357 361 283 332 329
294 310 325 311 305 307 312 311 316 310 294 291 326 289 292 291 292 326 310 326 317 322 317 314 326 290 296 325 324 326
64 62 68 61 40 62 37 63 62 69 111 66 65 62 67 65 64 65 62 63 62 64 66 68 111 70 71 72 79 73
188 190 193 196 200 218 221 222 219 216 217 214 215 220 224 220 224 228 270 262 276 256 260 257 253 359 362 360 361 367
51 53 44 42 70 78 73 70 106 59 71 106 108 68 112 109 68 59 43 42 61 111 69 42 58 73 78 77 106 71
219 222 225 226 228 274 271 227 230 273 272 234 275 271 228 274 225 226 223 218 341 214 213 341 343 356 352 254 357 254
285 332 313 285 282 297 300 301 306 297 291 296 295 292 293 325 323 326 323 326 291 288 286 281 278 339 333 370 367 333
132 135 137 131 136 130 127 126 125 118 117 115 117 121 120 117 122 118 122 124 122 123 122 127 132 129 135 151 135 146
305 304 226 302 297 300 299 301 307 295 292 295 291 290 325 314 326 288 287 360 355 394 378 371 396 378 372 375 377 397
362 333 335 339 341 214 211 212 398 376 396 380 395 376 373 371 337 199 198 338 339 360 367 372 396 378 352 354 392 395
385 390 392 383 392 380 381 379 381 392 394 381 394 357 361 363 357 363 369 374 370 376 371 366 372 377 399 401 402 376
290 324 325 323 321 318 317 327 331 328 334 333 366 372 369 375 377 378 397 353 367 370 334 340 345 348 347 345 398 351
173 167 168 163 166 168 162 159 165 171 167 161 165 170 165 164 168 173 175 181 179 182 188 191 194 198 200 217 220 221
70 71 78 105 107 77 105 79 105 81 104 87 88 104 103 88 91 93 98 12 11 90 100 87 86 22 87 14 13 14
273 258 276 282 287 285 296 325 311 307 309 281 339 275 339 279 275 339 338 278 275 345 275 341 344 350 353 343 352 396
364 366 365 366 368 366 363 364 354 360 339 337 332 287 327 324 323 317 325 318 316 326 316 324 314 286 283 285 286 285
380 378 372 371 378 394 355 358 367 372 403 401 402 206 211 213 218 219 275 278 281 277 232 230 300 302 305 301 306 296
43 71 106 23 25 24 26 32 33 30 31 34 38 39 60 71 69 107 109 67 110 70 106 26 32 27 29 31 26 28
10 7 8 5 94 2 5 96 4 6 4 93 95 93 96 8 96 91 9 12 102 103 88 87 104 25 22 14 11 99
159 156 158 154 152 151 135 131 135 129 132 127 128 132 130 135 129 132 130 125 132 129 130 128 131 132 128 126 124 119
301 230 277 283 359 353 359 255 260 263 271 270 228 273 227 277 231 235 234 242 239 243 249 243 244 242 241 247 243 256
280 275 339 337 339 283 279 341 338 200 213 203 205 204 403 204 209 348 346 271 345 346 340 376 402 375 204 211 215 345
232 273 235 274 235 277 255 359 354 391 393 382 393 380 391 389 383 386 387 388 389 384 389 386 385 382 385 387 389 385
116 121 118 119 116 120 119 118 115 114 111 70 68 66 112 67 69 40 37 34 35 39 35 34 35 36 37 64 66 112
240 241 239 242 246 250 246 248 242 243 246 245 243 242 237 235 272 271 276 231 228 232 234 230 226 231 229 228 273 270
117 114 117 118 114 119 122 117 119 121 116 114 117 119 115 117 120 118 124 120 123 120 115 113 111 66 63 64 67 68
260 261 263 259 263 266 270 234 273 262 273 263 266 235 238 243 245 242 237 232 227 230 226 225 222 219 220 224 278 273
27 25 22 103 20 103 85 84 79 80 86 81 80 79 76 107 106 76 73 70 61 60 69 106 70 42 43 59 70 69
0 2 5 95 91 96 92 9 8 5 94 96 5 97 96 92 9 8 99 11 12 99 13 15 102 89 97 10 8 10
42 44 57 44 54 56 71 75 71 107 76 78 75 77 73 58 106 104 86 105 104 20 14 101 22 23 42 59 107 76
102 100 101 15 20 18 17 19 16 101 16 18 14 101 22 25 28 68 59 69 67 111 62 37 33 34 38 62 111 68
258 253 251 249 251 252 358 364 358 357 356 352 397 349 346 261 264 262 273 230 300 298 297 306 310 311 315 326 317 326
245 242 248 250 252 358 252 251 255 252 253 252 280 256 254 353 394 395 381 390 383 385 384 393 379 352 357 394 395 381
314 317 318 316 324 291 296 294 295 306 311 313 327 286 314 310 305 309 297 309 304 302 303 300 297 288 286 280 255 259
249 256 251 283 339 343 339 333 338 198 201 196 200 199 374 368 362 364 368 353 340 370 368 367 337 200 197 198 334 286
295 302 297 281 277 278 276 270 269 265 270 228 274 270 269 261 256 260 242 241 240 245 252 280 255 259 260 258 272 276
257 242 237 231 236 270 235 231 228 227 225 220 215 213 344 350 353 357 367 369 364 357 354 394 368 394 353 359 356 354
335 332 336 357 360 356 357 368 373 199 330 332 336 356 358 359 354 359 360 358 356 355 393 380 393 355 352 379 397 398
163 166 162 168 174 183 184 186 182 188 190 187 181 183 175 173 178 172 179 174 175 173 168 172 170 171 172 177 174 180
361 287 289 325 314 291 292 291 294 306 310 305 303 295 299 303 309 308 312 310 296 298 293 296 295 300 295 294 298 293
357 355 354 364 353 354 360 367 372 367 371 353 367 333 334 198 330 197 190 189 188 191 188 192 195 197 190 185 180 172
209 204 209 210 206 203 212 201 217 216 215 341 340 342 337 343 279 255 234 275 227 219 216 223 220 215 220 219 275 345
356 352 393 383 381 390 386 385 386 387 390 383 380 395 379 393 383 392 381 383 382 380 383 384 388 386 390 387 385 390
348 209 214 201 197 192 191 195 373 374 213 344 343 346 340 337 200 341 213 341 338 283 359 283 335 360 356 339 218 339
129 135 131 132 128 131 135 151 155 152 151 149 147 138 150 156 152 147 144 150 153 148 144 141 142 147 141 137 136 139
19 21 16 19 102 89 103 24 105 79 77 82 84 82 80 77 108 77 105 103 104 80 78 77 81 78 77 72 104 57
39 41 40 63 39 36 38 41 39 63 67 113 111 112 111 68 112 109 68 59 107 70 68 108 67 113 111 69 67 112
234 255 254 253 257 256 255 359 362 368 372 371 366 371 376 372 369 406 407 405 406 404 375 204 400 205 207 401 404 204
297 288 297 282 281 276 343 341 275 339 280 251 242 240 237 233 236 232 273 255 261 272 267 271 274 230 273 234 231 236
71 109 26 29 108 69 70 28 108 107 59 43 56 55 57 53 73 75 72 56 57 55 45 57 55 44 47 48 51 55
340 342 218 213 202 201 200 212 213 344 210 214 209 210 341 214 210 349 376 368 363 368 371 340 342 337 339 278 277 234
130 127 133 125 124 119 125 130 125 128 132 129 135 137 132 130 125 121 118 122 118 123 125 122 119 116 118 123 128 136
66 109 60 41 59 25 106 72 78 79 82 84 79 81 78 105 80 79 105 107 26 28 25 104 78 104 80 105 104 21
138 134 137 142 150 135 131 136 132 134 139 147 141 135 136 128 136 133 138 148 138 137 141 139 150 155 152 153 156 154
171 174 180 175 180 176 180 177 172 168 174 169 165 166 163 169 172 173 177 172 170 165 162 158 157 155 158 160 159 161
170 173 176 175 179 184 179 182 188 185 189 193 192 191 189 192 196 373 407 373 405 406 405 373 370 334 333 328 325 292
311 305 306 309 304 303 306 294 291 324 290 296 325 326 288 289 286 360 361 357 355 254 358 254 253 245 241 240 239 238
235 276 281 339 218 221 224 215 221 226 304 307 311 305 226 274 271 228 233 277 274 277 233 241 239 260 238 237 231 237
399 210 212 209 212 215 224 305 311 325 290 296 306 295 301 306 298 296 292 291 314 327 335 330 336 331 336 338 282 277
37 33 31 34 36 32 27 31 26 25 106 81 79 77 79 78 83 85 102 20 17 16 102 16 14 88 24 103 85 80
185 183 184 186 187 190 192 195 196 192 194 197 201 218 341 398 209 397 353 350 351 352 378 352 394 381 379 396 374 368
212 205 204 209 212 398 209 397 398 396 379 396 340 376 374 405 406 408 411 409 410 409 408 405 374 212 213 345 275 339
247 246 241 243 241 237 260 261 269 271 265 263 269 263 262 264 266 270 231 273 231 229 274 232 274 279 255 261 259 272
63 64 67 65 67 66 63 66 111 112 67 108 76 77 106 81 73 58 71 76 107 109 61 67 110 66 111 60 39 60
288 285 310 312 335 283 288 289 332 338 341 200 203 213 345 344 340 335 199 202 212 201 197 194 192 194 191 190 191 188
38 41 40 69 59 70 28 68 59 58 57 60 109 69 61 63 65 67 62 68 109 66 63 39 37 34 35 33 37 36
203 201 197 196 194 197 334 337 373 407 373 370 199 335 333 367 361 359 361 360 332 360 357 352 355 254 276 282 360 361
309 313 198 370 337 339 345 346 347 346 271 268 270 263 265 269 266 235 276 256 255 279 276 255 257 255 252 254 352 354
211 204 201 202 374 372 371 376 375 406 405 406 407 406 375 406 403 204 209 348 345 271 275 258 275 224 216 214 213 374
299 297 285 284 359 251 281 285 332 283 361 358 355 353 340 351 355 356 367 337 199 335 330 315 327 315 327 329 332 328
100 102 20 104 106 58 42 57 104 80 84 104 103 86 84 85 84 81 105 71 69 59 107 70 110 28 110 29 30 32
330 313 198 336 331 327 326 289 314 330 331 199 201 214 215 341 349 376 399 376 403 406 373 370 198 336 286 284 279 340
217 216 213 202 201 374 212 398 374 402 400 207 211 203 402 405 204 213 211 207 212 375 397 350 399 400 209 401 399 208
332 285 281 306 296 307 295 294 291 325 293 292 295 310 291 327 335 339 283 287 289 285 310 314 334 328 316 325 292 294
112 110 27 68 112 68 108 61 109 26 108 110 29 26 31 30 32 37 64 67 111 112 110 67 69 111 114 117 114 118
139 144 139 141 147 143 138 147 149 143 144 138 146 142 134 139 140 137 134 139 134 128 126 125 130 125 127 123 124 121
184 185 182 180 172 178 176 171 176 178 180 182 179 183 186 182 181 182 177 172 171 175 183 174 175 169 167 168 166 165
300 298 297 299 295 294 297 309 304 222 226 301 297 293 298 297 296 309 307 294 295 299 300 298 293 291 297 281 275 272
59 23 102 87 104 85 104 81 86 104 22 104 78 79 75 72 76 106 105 103 21 24 105 72 58 70 42 60 39 37
194 195 192 189 192 196 190 197 195 197 331 332 337 339 276 345 344 342 276 282 297 284 282 277 233 277 283 277 255 273
411 407 408 411 414 417 416 414 416 418 415 410 407 373 368 370 369 370 365 366 372 369 370 369 370 374 371 378 351 398
113 67 111 70 28 70 111 60 42 70 76 106 78 105 23 22 87 14 18 15 13 11 89 87 22 20 17 18 17 21
126 124 126 129 132 135 132 128 130 131 136 133 125 128 132 131 137 133 137 134 133 125 118 122 119 124 121 126 122 125
118 123 127 129 125 120 118 119 121 126 129 135 132 129 134 131 130 126 128 127 129 132 125 127 122 119 118 122 126 133
186 190 188 189 184 190 187 188 190 197 330 328 314 335 336 340 376 373 195 191 187 193 197 192 190 196 373 367 361 363
165 163 164 168 171 176 175 176 170 166 168 172 179 184 189 186 190 192 187 192 196 373 368 366 369 373 337 199 374 369
198 201 217 221 217 219 218 213 199 370 333 369 406 409 411 412 414 417 414 417 418 416 418 417 413 409 406 409 410 413
31 35 38 37 40 39 36 38 63 66 112 68 40 42 40 60 111 112 109 70 108 27 68 70 58 70 71 58 70 25
168 165 169 164 162 158 164 169 171 172 177 176 179 173 176 171 170 165 162 167 172 179 180 174 173 174 173 174 175 176
388 386 384 387 385 383 390 388 386 383 393 353 397 379 394 364 367 336 341 374 376 372 367 366 369 368 363 367 354 396
254 280 285 289 291 327 290 293 295 299 303 302 227 277 235 272 342 336 338 335 327 291 324 293 325 311 306 305 310 315
296 290 324 326 288 291 297 284 251 284 297 288 296 301 303 294 297 298 296 298 301 305 227 223 218 215 212 402 374 200
137 141 136 133 131 128 125 133 130 126 123 125 127 122 127 124 122 121 117 116 121 124 128 132 130 131 130 136 141 147
413 417 415 418 415 417 413 416 417 418 415 413 412 416 413 410 409 413 412 408 411 412 414 411 408 412 416 414 413 409
229 302 300 299 303 295 293 297 281 339 278 273 228 230 301 300 301 303 309 310 315 311 315 324 327 285 288 291 292 289
82 72 56 46 43 58 73 56 72 70 78 73 77 81 103 22 20 101 89 99 92 94 2 0 2 5 6 96 7 97
231 270 232 277 276 274 231 227 278 277 281 306 297 301 229 231 226 229 228 227 223 302 307 309 297 306 307 305 311 309
28 108 110 112 109 111 69 106 59 70 78 74 77 73 75 78 74 56 53 49 52 49 48 55 45 48 53 44 46 50
29 110 62 65 66 67 110 69 60 58 61 41 40 60 59 44 45 46 45 44 42 59 71 108 61 42 60 71 70 108
222 227 222 305 222 305 224 228 233 236 235 270 264 262 346 271 275 280 251 254 351 395 352 393 394 396 352 393 380 396
191 188 185 183 175 180 177 180 184 180 174 168 163 159 162 163 166 172 179 180 177 175 179 180 181 183 180 179 183 184
161 167 172 166 167 169 167 172 178 183 180 172 167 161 160 158 163 166 167 168 166 171 168 162 166 169 164 163 161 167
354 356 361 364 365 363 361 359 354 367 337 367 370 376 402 374 402 204 206 213 374 372 367 368 396 349 342 215 211 208
57 55 48 52 47 45 47 53 51 52 47 48 47 44 48 52 49 54 46 44 48 54 52 49 48 53 54 52 48 49
110 66 64 63 40 68 107 108 70 106 70 109 61 40 43 40 39 41 39 37 36 37 62 40 37 36 35 37 34 37
149 144 145 146 147 150 145 144 148 154 150 151 146 141 140 147 152 150 144 138 144 149 143 141 143 149 151 157 151 155
214 345 398 371 398 396 394 357 360 356 336 357 360 358 354 368 363 360 367 370 336 283 288 287 285 280 279 274 270 276
336 356 343 341 279 273 267 269 265 268 264 262 235 277 227 271 345 398 210 207 209 213 398 344 342 346 351 356 367 333
106 107 68 40 37 40 60 43 71 60 61 25 27 110 70 42 41 42 40 68 62 69 61 38 61 41 59 43 44 48
313 315 314 311 313 309 303 301 227 225 220 215 212 200 217 221 216 221 225 221 220 221 226 222 305 222 221 222 223 305
414 410 413 417 418 417 415 410 412 416 415 410 406 372 377 372 378 350 351 356 362 367 363 354 395 379 394 392 383 385
322 324 323 319 320 323 324 322 320 319 317 322 317 319 323 292 289 332 198 195 330 332 313 335 360 339 283 332 336 366
248 245 244 250 256 249 247 248 247 248 246 243 256 280 279 342 275 281 276 346 261 255 260 255 279 341 336 279 255 356
49 52 73 82 72 58 72 56 45 43 56 44 53 51 55 45 54 51 50 48 50 46 53 44 57 42 23 105 22 16
218 339 336 356 253 250 246 243 240 244 238 242 246 247 249 253 251 281 284 283 285 310 291 314 329 286 336 357 364 357
274 230 228 273 268 266 235 263 267 271 262 276 259 237 234 277 278 339 281 309 312 311 305 304 222 219 278 279 275 277
109 68 107 108 77 79 72 71 43 44 42 57 54 56 43 60 59 69 42 61 111 69 111 68 110 112 110 62 60 39
178 173 167 161 159 157 151 148 146 144 139 141 136 140 137 132 137 133 127 123 122 123 122 124 122 117 116 121 125 119
167 166 170 175 169 174 183 185 183 182 177 174 178 177 179 177 176 177 173 171 168 167 170 171 177 180 181 178 179 173
115 116 117 122 123 120 115 119 125 133 136 134 133 138 133 134 138 139 138 134 139 138 144 138 139 143 147 144 142 145
56 52 56 57 54 46 47 49 53 55 47 50 51 47 53 52 47 55 57 72 57 55 44 55 56 48 44 57 56 74
337 334 333 336 279 281 306 281 280 276 281 309 303 299 298 301 230 274 234 270 227 223 225 226 224 278 219 275 231 274
15 22 15 103 101 16 21 23 103 102 89 99 87 24 26 70 68 112 109 107 28 29 110 29 26 31 35 31 30 32
401 375 397 371 376 399 212 215 216 221 219 215 218 341 349 350 397 377 350 351 352 353 355 394 392 395 397 344 339 275
182 177 172 169 165 164 165 166 170 172 179 178 173 179 183 186 182 183 180 174 173 168 162 164 163 165 162 168 170 167
394 391 394 381 380 382 380 395 396 352 380 352 396 376 350 349 348 350 344 341 338 340 336 366 368 369 371 376 402 204
32 29 30 29 30 33 36 38 64 67 108 61 42 41 60 62 67 108 58 44 55 52 51 47 53 49 53 46 50 45
371 365 367 353 397 378 368 366 362 361 358 367 364 368 369 375 403 372 406 372 376 379 380 382 381 379 376 374 396 375
227 275 277 232 235 276 231 237 259 256 257 255 245 255 257 255 258 262 258 346 343 349 376 397 350 349 209 399 350 344
317 325 313 328 326 292 294 306 309 305 310 325 292 296 301 300 299 301 302 307 294 291 289 329 333 331 332 314 324 315
206 402 209 344 396 393 355 252 360 359 361 367 354 353 364 357 353 351 350 345 341 338 342 338 218 201 204 405 375 398
382 383 390 393 381 391 384 383 393 355 253 256 245 252 356 253 358 252 359 254 357 365 371 376 340 335 286 327 325 324
141 143 146 150 144 141 140 138 147 143 145 147 150 148 142 135 134 129 132 135 150 153 152 150 138 132 130 126 130 127
221 224 215 217 218 200 213 211 205 402 400 208 209 211 205 401 209 399 208 212 375 369 373 407 411 413 409 413 417 418
223 224 305 223 227 229 300 301 297 291 289 287 327 324 314 331 333 329 289 290 326 324 322 318 320 318 323 322 319 321
44 58 43 71 105 77 71 43 57 72 105 23 106 24 25 61 25 105 21 23 25 106 81 86 87 84 79 84 83 78
88 23 103 22 104 25 28 29 32 35 33 35 36 38 35 31 28 27 106 69 108 70 59 107 72 58 72 59 68 60
244 238 242 248 251 284 282 283 284 252 358 353 355 352 254 352 357 361 359 356 362 354 357 364 394 393 354 356 359 254
151 152 156 154 148 146 142 138 147 138 144 147 148 142 145 149 144 146 144 139 140 147 143 147 141 139 141 142 150 148
101 99 101 90 100 101 86 105 108 60 62 41 69 61 59 71 56 73 79 80 77 106 25 106 108 109 68 28 109 61
153 150 147 153 147 141 135 134 131 130 128 126 121 123 126 128 132 129 135 130 129 126 124 122 119 121 125 121 118 119
412 411 412 416 418 416 417 413 410 411 414 413 414 417 413 417 413 410 414 417 414 410 413 410 411 413 410 409 411 408
134 128 125 132 135 130 136 142 134 136 142 144 150 147 143 149 145 146 149 154 152 153 149 144 138 149 155 150 152 156
319 321 324 314 312 313 328 331 334 330 328 316 311 305 304 226 303 300 230 227 231 277 232 233 235 266 269 265 266 267
289 288 326 329 289 287 282 280 277 232 273 227 229 302 301 278 227 231 276 339 333 286 289 327 290 327 328 329 326 290
80 83 84 79 84 87 102 15 12 99 98 93 92 90 11 100 15 21 101 13 99 90 89 98 89 101 21 104 103 14
353 393 396 378 396 380 391 390 383 394 393 394 395 380 391 388 384 391 354 358 362 356 255 252 283 279 278 305 304 224
105 24 105 79 76 70 25 23 102 15 101 12 9 92 90 92 90 99 91 89 12 89 90 97 91 88 86 88 91 89
125 123 120 119 123 120 118 116 115 113 116 113 116 118 119 115 114 115 112 67 64 38 63 68 40 60 62 68 107 69
65 67 62 37 62 111 67 113 114 112 114 116 114 119 114 111 60 110 28 110 27 107 108 107 72 107 105 71 58 106
157 155 153 157 153 147 139 135 129 133 131 133 127 125 119 117 122 117 115 117 122 119 118 119 120 125 123 127 124 121
35 37 63 39 36 35 31 28 31 29 27 26 106 57 53 56 43 56 45 48 47 51 50 52 50 53 56 44 54 50
104 103 20 21 18 102 15 12 14 100 103 101 14 101 89 11 10 97 92 99 91 89 101 99 97 96 7 6 4 5
352 397 344 396 372 370 336 342 338 333 313 334 313 326 290 314 310 306 310 306 304 308 310 313 335 333 370 376 349 347
383 380 381 390 393 355 395 381 394 364 353 396 353 355 356 367 358 254 279 280 282 336 338 198 331 314 289 329 332 282
175 169 168 163 161 165 170 168 172 167 173 169 173 178 175 181 178 172 180 178 173 171 167 163 169 173 178 173 178 183
272 277 272 261 256 245 250 252 355 395 353 367 362 332 330 336 331 312 314 315 312 309 296 285 313 325 327 291 297 299
396 397 353 397 349 351 378 398 350 352 397 396 371 375 401 205 402 205 207 212 202 206 202 206 207 205 400 205 207 211
270 232 233 235 230 273 263 272 277 276 273 228 229 226 301 226 302 295 303 306 305 309 307 308 223 219 215 345 346 350
202 199 213 215 220 217 220 222 227 270 263 268 266 270 232 270 236 237 235 228 231 273 268 346 275 280 282 285 291 293
278 339 340 356 340 349 399 396 344 350 353 343 340 334 314 332 328 316 326 289 327 286 280 277 228 271 227 271 276 271
418 416 412 409 412 408 410 407 410 413 415 418 417 416 418 416 415 416 415 414 415 413 412 411 414 412 413 410 409 406
90 100 91 92 9 10 100 86 80 84 85 82 83 84 85 105 70 105 81 83 81 103 21 14 13 15 103 89 11 97
238 244 240 244 243 248 247 242 246 251 280 255 280 282 339 342 218 216 219 225 274 235 270 236 235 270 235 259 234 232
341 214 201 198 195 192 197 331 335 333 370 198 313 330 336 337 340 341 336 360 358 252 355 393 392 381 390 383 390 389
18 21 103 101 100 88 86 84 82 77 70 61 69 68 66 112 113 66 109 26 106 25 24 86 85 102 85 84 104 87
20 16 20 16 15 18 16 102 23 22 23 20 14 20 18 19 55 72 105 87 24 103 24 107 70 27 106 58 70 68
342 336 332 329 331 334 335 199 336 366 369 365 369 373 337 340 374 202 204 211 209 397 394 391 381 395 379 396 353 378
268 272 267 265 263 272 270 235 266 235 270 231 276 339 278 276 282 280 276 279 336 283 284 279 285 309 285 282 313 331
339 278 272 278 272 273 232 237 259 262 261 272 345 215 218 219 224 223 224 228 232 235 230 228 226 230 232 228 273 236
199 370 340 279 341 212 203 214 206 208 400 376 371 337 338 342 339 345 344 397 400 401 375 403 374 370 369 373 403 406
145 144 143 145 142 139 141 140 141 144 146 145 150 149 138 143 145 143 138 144 142 141 143 149 151 153 156 152 155 149
41 69 58 61 41 39 41 59 70 59 57 45 53 56 48 50 51 55 48 54 44 46 47 49 53 56 54 50 53 54
409 412 416 412 411 408 407 406 407 195 198 331 198 331 335 330 314 291 290 288 289 286 327 287 284 278 301 306 281 284
253 356 358 362 356 361 359 251 281 251 280 281 251 280 254 276 342 336 331 334 370 365 362 356 283 361 359 254 351 350
169 171 168 172 170 171 166 160 159 164 163 160 162 163 164 159 157 156 153 156 158 161 160 166 169 175 174 178 177 180
261 256 253 358 353 254 280 282 277 259 256 249 244 239 238 233 229 228 270 264 269 262 261 255 259 234 233 238 241 237
395 352 394 381 352 344 213 338 282 276 273 274 272 343 351 355 394 357 361 359 353 367 371 341 337 371 398 345 398 378
25 108 26 107 72 78 107 70 78 77 76 109 108 59 43 46 48 51 50 49 47 49 54 48 49 47 44 48 52 54
200 196 198 370 366 370 366 368 376 402 206 400 204 213 211 215 342 349 346 343 258 273 278 281 305 304 306 311 314 335
370 375 202 201 213 398 212 398 213 342 337 370 334 337 343 346 349 209 208 400 397 344 346 351 349 376 404 375 403 404
142 143 147 153 156 159 160 162 160 164 168 167 168 167 172 167 172 166 164 163 168 162 159 163 165 166 172 178 182 181
213 210 213 215 212 210 206 209 401 209 211 209 208 210 211 203 207 400 207 205 402 376 398 396 372 368 367 370 374 200
220 219 220 225 226 228 229 302 298 295 300 295 297 306 295 299 297 284 288 292 325 292 296 306 297 306 307 295 297 281
62 68 63 40 69 67 113 115 120 116 121 124 127 125 120 119 120 122 123 121 124 119 118 117 121 118 123 127 122 124
250 249 245 253 245 249 248 243 245 247 244 247 248 244 243 239 238 243 248 244 249 250 246 256 259 273 272 271 224 274
264 268 266 264 263 270 273 258 261 262 263 267 264 265 267 269 236 269 271 274 275 342 218 200 202 200 197 198 337 338
6 96 97 96 98 100 99 9 98 10 12 87 104 88 99 13 100 87 90 98 9 99 97 91 93 8 96 10 100 103
67 110 29 110 60 59 40 37 34 31 35 34 35 38 34 35 39 61 70 27 69 68 62 68 70 57 104 25 24 105
85 86 104 85 104 72 58 60 68 59 68 40 41 58 106 107 108 25 27 68 110 109 27 108 111 113 111 110 62 41
60 111 114 118 117 119 122 124 121 119 123 122 117 120 117 115 120 118 124 121 117 118 123 125 118 121 119 116 121 117
86 87 24 22 21 104 25 27 110 27 32 36 38 37 35 39 63 38 63 64 67 112 113 66 112 68 69 62 41 62
308 307 294 303 300 299 300 295 292 291 324 293 297 300 303 300 295 303 308 304 307 304 307 309 282 277 227 271 262 261
328 334 313 309 282 280 256 280 283 288 327 287 360 356 353 396 395 392 382 392 390 393 353 368 357 359 251 256 258 260
391 388 384 383 394 353 394 382 391 389 386 385 391 383 381 392 354 395 352 380 383 391 389 384 391 384 383 393 384 392
87 105 78 79 73 76 107 106 104 23 42 43 42 57 60 39 37 33 30 33 31 30 32 34 38 34 36 34 36 39
287 327 314 317 327 324 326 317 315 326 290 288 327 332 331 334 335 313 315 324 315 317 314 324 314 308 306 296 294 307
5 3 6 8 91 90 87 102 18 15 102 16 20 23 24 103 86 88 87 22 20 21 20 101 12 11 13 89 88 24
2 1 0 2 94 4 94 97 7 5 8 95 8 7 97 9 95 96 4 94 92 96 8 93 8 96 6 96 91 99
225 219 215 216 221 225 223 216 215 219 305 307 310 315 310 326 310 305 219 224 304 303 300 297 309 297 306 294 307 294
13 100 14 13 99 11 10 97 9 98 12 11 98 89 91 92 96 8 91 94 95 4 7 97 93 5 2 1 0 3
230 232 274 224 222 227 224 274 270 268 272 263 261 260 237 239 241 244 250 253 254 253 358 354 391 381 392 381 379 394
398 402 204 403 377 378 397 371 365 371 398 399 349 344 341 337 338 283 277 282 309 303 226 220 223 219 222 305 307 296
325 310 291 325 293 291 294 325 311 315 316 319 323 326 288 296 285 286 281 283 336 335 338 342 349 209 348 349 348 397
323 292 324 291 295 299 300 229 231 277 278 230 232 230 302 307 302 230 234 238 236 232 273 237 260 239 237 231 276 281
407 195 407 411 414 415 418 415 417 416 415 412 413 416 415 410 412 410 414 412 415 417 414 415 412 410 412 414 416 414
55 19 18 102 22 103 105 107 69 42 69 59 25 27 70 78 77 106 24 23 106 78 74 76 107 76 109 107 28 26
405 406 369 366 336 199 330 194 197 330 328 331 328 331 313 282 281 305 223 227 275 227 229 233 241 242 250 251 247 246
107 77 70 60 57 71 69 109 70 110 27 25 105 21 15 101 15 17 18 21 14 11 90 91 8 93 94 3 4 3
349 343 345 347 343 346 341 344 209 344 396 394 368 372 396 351 348 398 376 397 377 401 398 350 347 343 342 213 211 215
50 53 50 49 48 47 44 59 106 72 77 80 84 82 73 55 45 55 72 76 72 106 26 25 27 32 37 39 40 43
262 270 267 266 235 263 235 270 272 231 270 232 237 259 256 242 239 242 243 249 248 250 249 256 252 251 256 280 281 309
36 39 62 64 67 113 112 66 67 63 67 110 29 30 33 36 32 36 35 34 33 32 30 29 26 31 33 37 36 35
179 183 182 177 171 174 183 186 188 190 196 200 198 313 326 291 292 323 325 317 322 318 320 324 314 289 285 310 307 303
75 71 78 70 107 59 61 111 108 61 63 61 41 38 34 33 31 27 28 26 108 76 108 106 23 106 57 53 55 72
133 139 142 141 146 149 143 138 139 137 141 139 150 155 153 152 148 142 137 131 135 150 156 151 139 146 143 147 152 150
205 401 375 405 408 409 406 410 411 408 412 409 407 404 402 375 403 404 406 404 375 402 403 373 407 195 193 189 193 196
154 158 154 155 158 161 166 162 161 166 167 168 170 172 177 180 182 177 173 172 179 173 167 166 171 175 177 176 175 181
45 47 46 45 47 55 51 49 50 55 44 46 43 45 57 55 73 57 42 57 54 44 55 72 71 72 57 54 45 48
358 364 366 367 337 341 349 210 212 214 201 374 372 374 396 394 383 394 382 391 388 386 387 385 382 380 382 391 389 382
242 250 248 251 280 251 254 280 251 252 256 259 237 232 227 273 228 225 220 219 217 338 340 396 376 371 375 402 209 401
416 412 408 412 409 413 415 417 413 412 408 410 408 407 409 408 407 410 415 417 413 414 410 413 414 411 409 406 372 368
183 178 173 171 166 170 172 176 175 176 175 181 175 172 180 181 184 186 180 172 176 170 173 168 163 166 160 159 157 156
108 69 41 39 40 62 63 39 63 68 110 62 67 63 38 64 62 67 113 114 116 118 124 125 126 128 125 126 129 130
148 149 138 137 138 137 138 134 131 129 133 137 134 135 134 137 141 147 140 141 146 138 135 146 143 141 136 130 127 123
61 108 105 104 87 103 105 78 81 105 72 82 79 73 57 45 44 46 45 43 59 71 106 23 21 17 21 88 104 106
47 44 57 58 60 109 106 23 24 107 76 74 56 57 104 22 104 88 100 97 10 13 11 10 91 92 89 101 88 14
410 412 416 414 417 415 418 415 417 414 411 408 411 412 408 407 411 414 416 413 411 409 407 404 204 213 218 224 274 228
276 339 341 213 212 207 204 206 207 400 204 207 211 214 345 342 341 339 356 343 344 343 337 332 330 195 198 336 341 345
97 99 12 102 88 87 24 26 30 33 36 32 33 34 32 37 64 67 61 108 106 70 109 70 76 72 71 43 46 53
374 340 344 342 275 345 276 342 218 214 202 213 201 204 211 206 211 208 211 213 338 334 339 342 275 273 274 272 277 259
281 275 227 270 271 269 264 269 265 264 269 265 267 266 263 260 263 265 270 262 234 256 243 241 238 240 237 234 232 230
48 51 48 46 45 53 51 52 54 48 44 57 56 72 56 51 47 46 54 56 51 50 45 56 43 44 57 106 59 108
128 123 122 119 114 116 119 123 124 128 132 129 131 129 126 129 125 122 125 133 139 147 153 149 153 151 149 146 139 135
207 209 210 215 220 219 225 226 301 296 293 290 328 331 334 313 326 313 309 303 300 303 301 300 302 223 303 300 295 294
233 228 270 269 268 262 235 262 264 269 263 258 259 256 257 256 280 339 275 341 213 199 334 333 339 335 314 312 309 281
210 398 399 212 202 213 214 341 350 348 345 347 351 344 396 399 400 205 204 202 211 209 399 402 401 377 371 368 366 333
392 389 390 383 393 390 393 381 382 393 390 388 386 385 382 390 392 384 386 389 385 384 382 384 383 392 354 355 354 359
377 399 209 214 209 203 213 202 201 200 337 198 200 199 201 214 212 203 211 205 402 376 378 375 397 348 344 352 355 394
68 110 28 27 110 108 61 25 104 21 87 101 89 103 81 79 75 73 56 55 19 21 104 105 104 21 14 19 18 15
155 149 151 139 137 131 137 140 134 129 135 141 143 138 150 145 150 152 157 151 155 152 147 143 148 138 135 150 147 148
147 150 144 147 146 149 143 142 140 143 144 146 145 149 138 148 144 141 146 152 148 149 144 147 146 152 149 152 150 154
