451 493 455 459 455 457 459 461 462 463 456 464 450 464 462 464 459 547 551 550 459 455 519 524 521 453 545 517 541 542
454 459 549 467 469 466 464 459 462 459 458 454 451 449 502 537 532 503 504 508 510 511 446 484 486 445 483 447 513 514
147 146 208 147 142 149 741 149 143 741 146 208 43 210 141 46 48 46 210 398 400 378 373 714 407 746 712 39 213 200
155 160 201 198 196 222 349 194 189 188 195 198 197 216 377 373 371 374 372 215 216 376 372 711 41 736 207 742 741 151
772 29 734 407 38 403 402 214 379 198 180 183 196 186 196 187 197 219 197 199 171 181 221 181 185 186 185 182 184 183
752 758 760 747 758 795 430 752 429 729 759 747 750 785 796 783 590 662 660 589 588 617 614 649 654 652 656 617 584 583
586 657 655 587 616 651 649 615 589 613 614 649 645 647 691 692 695 688 690 686 683 682 640 638 641 643 625 844 849 623
667 708 707 758 708 669 707 759 747 780 762 759 747 706 758 755 756 367 363 357 360 362 357 363 359 362 359 353 220 348
428 426 415 577 580 578 577 414 579 577 579 415 785 575 417 438 417 425 427 431 785 795 794 785 793 750 729 409 33 35
464 546 551 553 549 544 542 563 856 853 569 564 561 471 469 467 464 489 516 517 451 491 455 518 515 448 505 448 515 488
11 12 14 678 20 765 23 770 767 662 591 590 663 612 664 801 799 787 801 806 807 625 611 610 608 630 629 630 628 636
14 18 20 678 683 685 684 644 684 689 685 695 696 660 589 659 656 616 620 787 799 802 624 593 595 665 663 664 700 765
466 469 464 452 519 523 494 492 454 452 456 454 520 518 547 544 520 519 547 544 452 546 521 544 542 516 543 544 452 518
302 301 304 303 291 334 305 285 281 257 252 246 322 338 230 255 247 245 243 242 241 237 232 227 340 309 340 339 342 267
140 150 140 205 740 738 737 206 209 210 206 208 205 210 43 397 394 46 396 398 396 47 141 205 153 151 143 151 139 140
204 211 210 43 213 202 215 379 380 385 397 43 212 214 376 377 400 398 385 382 380 399 380 199 200 176 175 178 169 166
195 186 184 181 195 223 191 188 191 194 190 194 222 189 190 360 354 360 359 189 186 189 223 224 227 325 227 231 228 232
215 373 378 375 215 201 212 160 159 160 161 165 161 160 164 176 201 163 158 157 160 92 98 97 95 54 53 56 57 58
1 261 259 264 262 263 327 262 349 194 223 225 227 343 277 265 345 225 222 194 190 233 230 224 343 342 226 231 232 237
226 264 325 279 262 344 277 265 264 265 272 120 117 71 126 115 74 72 70 65 168 172 175 177 171 199 379 375 374 377
291 308 302 289 335 328 280 282 322 325 286 307 289 324 320 287 289 320 339 318 306 317 340 264 343 262 344 225 226 338
318 322 339 226 339 338 281 284 321 317 318 339 317 340 342 227 229 339 338 228 225 228 232 228 226 229 228 337 320 316
443 568 540 852 853 806 611 625 642 646 611 627 642 639 611 646 652 653 651 648 646 622 646 652 646 625 641 625 807 593
755 757 758 750 731 759 749 792 785 797 664 780 782 776 770 698 770 26 742 25 772 25 744 746 735 29 732 410 732 32
228 229 231 226 344 225 222 195 349 353 357 359 356 353 361 353 360 189 358 356 362 358 356 190 357 195 221 179 200 216
94 57 130 106 104 107 129 103 105 106 110 105 109 110 130 132 129 55 96 91 164 202 161 165 164 169 165 167 162 98
192 191 189 361 220 187 197 217 196 183 186 196 194 191 255 252 250 253 250 252 281 282 252 247 250 247 245 285 324 280
450 468 464 459 460 455 518 516 518 491 489 461 456 455 456 461 456 452 464 467 552 547 546 459 546 550 460 454 451 518
160 156 204 739 205 211 737 405 41 712 756 373 711 41 405 736 737 744 25 23 26 773 25 740 210 206 737 213 199 200
492 491 461 456 492 494 496 493 454 546 543 541 544 545 522 545 519 544 547 550 552 466 472 561 471 465 486 449 515 543
21 19 21 18 16 20 23 744 765 676 673 763 738 737 208 739 737 213 737 405 38 405 408 33 411 430 429 432 429 427
321 284 321 318 315 318 315 340 268 272 120 272 120 273 268 313 311 316 315 314 317 307 315 318 315 313 268 269 271 272
577 578 576 577 415 425 437 419 441 419 442 480 477 558 433 558 561 560 563 572 443 568 567 514 517 542 856 854 852 855
715 35 715 719 36 716 36 406 736 206 740 25 772 777 775 582 578 577 579 782 777 733 732 32 732 31 34 31 30 774
403 43 401 404 712 711 213 402 403 402 376 381 385 389 388 392 88 76 80 86 101 87 103 100 395 394 389 385 390 165
355 357 194 360 188 189 222 345 172 174 348 196 188 221 194 197 187 220 187 361 220 188 222 195 188 220 223 348 349 346
801 795 751 793 790 559 562 564 789 572 789 564 566 562 790 789 558 478 417 424 418 572 418 417 418 441 574 577 618 614
460 458 454 453 525 520 453 454 455 492 498 496 497 453 520 454 494 454 455 460 463 551 546 459 463 465 466 551 549 463
131 102 134 133 51 138 140 209 45 398 380 375 378 400 383 379 378 381 378 382 379 373 38 41 38 713 369 372 215 199
815 817 820 819 821 819 816 527 495 527 810 596 598 599 603 631 597 629 628 610 807 610 592 624 626 611 643 645 643 611
347 172 181 171 173 198 171 180 178 180 197 198 197 199 709 213 215 177 215 177 168 177 201 204 160 155 141 138 51 134
799 798 612 591 622 646 641 690 640 638 609 804 801 593 626 639 640 680 665 593 639 593 704 667 704 593 626 625 850 854
548 556 555 433 436 433 790 572 573 418 421 418 573 787 790 433 428 427 413 414 411 409 728 721 369 712 40 380 383 382
637 641 625 845 626 608 804 666 667 704 664 798 612 594 799 665 701 662 769 766 764 767 701 703 765 20 19 20 16 675
646 591 624 612 614 799 796 747 733 759 730 778 732 29 734 745 742 207 737 210 398 380 385 389 393 100 50 136 50 102
293 333 328 329 330 327 333 290 306 311 310 307 286 285 287 305 306 287 306 288 321 324 340 341 268 265 343 347 348 221
93 70 67 69 168 172 348 223 344 276 262 344 265 273 272 265 266 268 270 272 265 263 276 329 279 325 282 252 323 283
489 516 543 452 453 521 525 496 494 454 519 453 526 521 547 548 547 459 546 544 516 519 548 551 549 557 562 557 560 562
758 747 761 760 708 758 707 668 667 634 668 667 593 639 642 612 623 854 849 567 856 852 566 568 566 568 567 621 572 569
528 527 525 498 494 523 522 520 519 545 519 524 523 524 522 545 520 518 453 451 501 502 501 498 492 518 519 547 544 560
696 692 691 648 649 614 592 798 783 780 778 413 785 575 618 580 778 581 782 793 792 430 730 728 713 404 403 40 711 760
558 553 467 553 552 557 553 556 558 435 432 792 790 793 750 759 707 667 804 799 800 613 622 569 443 442 572 562 790 562
453 517 519 549 550 464 465 471 557 553 548 549 464 469 484 472 466 465 486 516 564 568 541 532 534 528 533 532 499 498
58 59 60 63 67 68 66 169 165 167 164 159 137 156 155 138 143 138 46 140 150 152 144 147 741 744 742 743 734 746
599 352 599 597 629 632 606 604 832 835 834 839 837 836 834 833 604 834 835 832 604 606 629 636 680 676 668 676 672 635
855 806 856 562 789 561 472 470 549 466 551 556 548 550 548 551 547 518 450 487 448 482 471 556 557 467 462 464 549 464
196 183 181 179 178 167 179 196 194 197 198 172 175 174 200 176 164 390 385 397 400 386 396 44 399 401 38 713 402 39
338 319 245 244 319 244 241 239 237 239 242 239 240 229 343 222 347 345 223 226 265 274 341 338 228 231 230 190 187 196
784 783 778 31 410 729 410 729 430 785 781 778 730 407 35 405 404 36 37 719 718 719 714 404 713 726 714 38 714 712
848 845 537 535 841 840 835 833 830 832 829 830 828 831 832 835 833 836 629 606 632 596 597 602 597 807 595 665 701 22
387 385 389 388 390 386 390 389 390 165 160 159 156 155 153 135 153 135 49 48 46 210 203 214 213 203 164 177 201 709
292 333 327 336 286 336 334 325 264 224 221 189 354 355 352 357 193 189 358 360 194 191 223 226 224 222 191 190 192 222
79 78 84 104 106 103 84 75 76 81 76 75 127 125 115 114 116 73 114 73 70 68 63 67 62 67 70 75 70 65
375 367 365 361 356 360 194 223 195 187 186 182 197 365 361 353 193 353 352 349 223 195 181 185 182 196 348 219 350 601
835 839 842 841 627 639 684 680 638 609 608 626 608 629 634 594 801 796 793 427 426 427 431 425 416 573 788 571 417 441
30 28 26 773 744 742 745 761 747 407 33 730 750 727 752 795 749 792 794 787 619 584 619 615 654 587 588 658 586 659
127 111 114 73 91 68 65 173 174 200 709 707 667 706 746 747 750 730 412 427 413 425 414 416 425 415 575 618 615 649
754 755 368 726 370 713 711 712 373 714 725 722 752 724 725 714 35 728 748 730 728 720 727 749 430 791 785 413 416 414
603 600 599 598 606 628 841 836 841 842 536 503 499 497 502 451 493 455 456 491 453 517 542 563 564 570 564 789 790 786
275 344 224 343 262 259 254 252 283 324 321 323 287 305 303 302 305 336 286 309 308 310 309 337 282 289 320 324 284 283
266 264 267 272 119 275 344 273 270 273 120 274 276 329 330 0 2 64 2 5 3 1 4 1 3 1 4 8 11 9
344 224 192 343 224 344 262 260 281 255 258 261 264 276 327 263 344 227 224 346 179 196 188 194 182 185 187 188 361 358
541 544 526 812 528 495 525 497 495 527 815 816 819 821 820 818 821 824 827 826 825 823 820 818 820 823 820 817 816 812
834 840 839 844 839 605 814 841 813 529 525 527 812 815 814 838 835 836 839 627 608 806 626 642 610 628 637 641 625 626
741 149 143 150 143 140 153 151 740 144 208 738 205 143 152 157 156 151 152 142 139 48 142 147 149 148 149 140 142 151
664 800 610 596 597 605 599 602 606 604 603 600 601 604 601 604 834 837 835 839 842 838 834 840 627 610 805 596 610 804
252 231 256 261 256 253 247 321 286 246 285 288 322 339 340 339 340 338 286 325 264 325 264 227 230 226 231 235 191 188
827 830 833 836 606 839 836 606 631 629 836 628 844 534 532 529 535 813 842 813 814 813 535 850 844 841 814 811 628 609
83 84 76 73 169 167 162 91 161 165 89 165 161 165 168 161 160 156 153 154 140 138 46 159 203 44 159 51 133 135
251 254 256 234 230 193 233 193 220 361 357 189 186 194 224 225 228 337 341 336 281 280 335 282 326 260 281 284 324 340
9 10 13 16 15 12 9 12 14 678 675 674 670 669 666 705 670 705 759 708 706 796 781 782 777 779 584 583 588 614
688 696 659 697 588 587 659 660 662 590 660 769 661 696 660 658 655 651 646 687 641 643 641 686 696 692 695 659 660 583
651 649 622 591 662 698 699 661 664 763 23 24 766 763 743 28 29 26 28 734 27 24 25 741 22 741 744 764 24 147
735 739 743 26 23 766 699 701 664 803 625 803 808 595 808 805 610 611 595 665 668 594 801 593 667 704 664 764 664 590
423 434 558 790 794 793 428 429 729 781 785 780 798 780 774 780 777 762 746 749 780 784 795 706 703 665 803 625 843 535
506 537 503 506 537 502 449 447 488 509 488 447 509 508 511 447 484 446 445 486 447 487 486 484 487 448 488 509 448 447
467 551 550 467 471 549 547 519 516 517 450 468 465 549 468 471 466 461 464 467 462 465 469 485 448 482 485 482 484 448
592 614 589 588 583 769 766 767 702 744 740 742 26 25 773 776 772 777 730 412 413 412 730 727 729 409 728 35 407 36
397 45 398 385 380 376 378 374 375 215 377 373 376 380 377 375 374 380 376 374 373 367 364 197 181 182 184 185 183 197
836 835 837 834 604 630 629 635 677 765 681 640 685 699 589 616 619 798 796 802 796 781 410 34 32 34 408 728 713 711
470 554 558 557 554 555 557 559 554 470 553 549 556 562 434 433 427 412 749 729 726 714 720 722 721 714 728 750 730 429
326 324 320 288 286 308 310 315 310 307 312 314 313 308 286 320 316 319 318 306 318 315 340 264 345 346 348 350 221 194
631 596 632 597 598 608 598 596 632 607 597 807 855 804 800 703 666 800 611 594 666 702 780 782 580 582 581 580 782 415
831 834 835 840 834 837 842 812 810 814 527 533 537 845 851 569 565 442 569 443 513 541 538 849 852 849 567 514 486 446
95 56 129 112 125 112 79 80 87 393 87 99 100 52 102 84 89 73 75 77 85 76 89 72 76 77 80 83 81 85
379 199 171 198 180 178 175 178 176 202 214 380 375 372 367 755 757 748 781 748 729 759 761 708 711 727 719 716 36 727
740 206 210 212 41 712 403 39 715 727 722 752 754 366 362 359 358 354 360 355 360 365 195 218 198 215 380 400 380 376
208 205 140 136 139 155 156 158 53 134 133 135 157 153 158 51 133 135 139 140 209 45 211 206 736 407 410 748 729 752
436 435 558 433 426 416 572 573 416 423 419 437 418 574 617 619 589 590 619 622 591 623 645 649 643 638 609 634 635 639
501 497 494 493 498 529 534 528 532 500 498 525 528 499 500 504 505 507 509 511 448 445 484 469 470 557 475 565 561 480
804 596 633 606 605 598 632 629 605 814 811 842 531 530 533 498 532 539 568 445 564 570 439 561 564 569 568 513 515 449
259 256 278 275 278 262 279 325 278 262 263 342 230 343 276 262 264 273 342 228 340 266 270 267 340 265 272 273 342 230
759 730 430 748 706 747 407 732 729 428 792 427 785 413 412 730 733 734 761 760 705 706 795 784 750 757 729 750 753 752
7 5 8 11 12 15 17 18 20 674 673 676 681 685 643 591 663 592 802 593 609 636 595 666 704 703 704 800 805 809
174 198 182 196 179 171 174 178 200 176 174 173 175 178 216 200 213 211 41 206 43 211 205 141 144 143 138 51 100 98
675 678 682 680 684 639 610 626 611 663 590 612 591 614 612 804 806 855 807 595 804 807 627 841 845 626 595 593 807 855
499 496 525 524 528 533 528 533 854 541 544 542 529 528 499 532 537 534 538 533 542 533 538 506 511 448 511 506 503 532
695 691 687 641 638 680 678 673 678 21 22 767 24 740 744 24 742 207 741 739 745 737 745 737 735 405 36 714 719 36
536 534 529 527 810 530 533 531 842 811 606 839 842 836 606 596 595 667 666 797 664 800 613 619 588 614 798 780 747 731
734 207 740 209 210 140 142 147 142 48 51 100 53 130 56 53 50 48 45 209 46 209 211 214 42 40 372 371 724 755
34 32 33 410 407 409 732 731 729 793 784 796 787 621 853 849 539 513 445 472 476 480 438 436 423 436 434 555 556 554
267 266 339 268 269 313 307 288 323 305 302 294 295 298 293 296 300 303 300 295 293 292 300 295 300 291 290 287 308 313
491 455 519 454 518 526 527 526 544 519 546 463 466 463 469 463 552 471 558 561 562 475 480 572 789 558 563 790 558 564
4 8 5 7 8 4 6 9 10 13 16 17 16 19 674 22 21 18 14 18 17 20 674 673 765 703 765 681 682 684
327 276 344 346 171 167 178 169 173 180 198 174 200 215 177 200 178 197 182 184 183 185 187 195 194 189 220 195 188 186
150 144 148 741 743 767 23 743 766 703 702 780 664 593 806 804 592 800 805 807 811 598 605 597 605 598 597 630 603 597
417 573 618 616 653 614 650 646 611 591 624 593 807 803 595 804 595 628 626 807 607 604 632 605 607 604 607 627 608 628
359 361 363 360 190 233 227 340 336 327 263 277 0 2 5 4 3 5 7 6 9 11 10 11 9 10 7 9 7 8
672 634 594 609 595 636 627 642 612 594 612 806 809 534 531 842 838 843 839 605 608 630 607 597 633 634 608 610 608 632
685 687 639 682 684 640 643 686 689 684 642 639 679 677 679 680 684 639 609 807 809 806 856 567 566 620 783 590 700 681
682 687 689 697 769 662 583 659 657 654 650 649 614 624 803 800 783 413 425 416 440 423 421 423 416 439 561 557 471 558
152 205 206 211 202 215 709 214 177 167 168 169 165 160 162 165 163 201 203 44 205 737 41 711 708 711 758 710 707 760
368 723 755 753 751 721 751 722 725 718 716 715 36 34 31 732 730 751 793 429 729 728 429 412 415 417 420 417 575 786
683 684 682 677 681 683 680 678 680 684 643 646 642 640 683 689 690 641 683 680 640 681 639 679 637 630 635 678 676 765
415 576 575 574 621 799 663 661 660 700 660 661 647 589 619 787 798 787 801 802 799 619 575 416 577 581 775 778 410 30
796 760 711 746 748 761 704 664 796 784 787 789 572 439 438 479 438 477 558 433 437 418 571 568 444 443 565 481 444 482
791 432 428 431 412 431 433 437 434 791 431 750 758 750 795 760 711 712 713 404 402 713 727 724 756 373 370 374 369 757
236 190 233 229 339 342 341 343 345 225 343 345 347 345 172 181 346 179 216 177 215 379 384 379 381 376 375 376 214 212
74 73 69 70 74 116 113 79 76 73 68 57 96 157 96 129 128 126 124 60 126 113 126 61 125 114 116 124 113 116
316 306 304 288 287 319 228 233 190 233 190 236 191 230 235 231 227 232 230 232 227 340 267 340 226 343 264 267 340 338
406 36 715 37 406 732 407 32 412 784 783 575 782 777 746 738 734 737 710 214 199 177 214 380 199 179 167 177 168 65
400 380 400 403 40 38 37 716 713 39 405 737 207 144 209 736 733 748 409 411 427 424 423 419 439 434 417 574 441 572
612 592 800 799 802 856 805 806 812 816 817 815 814 838 814 606 631 597 633 634 676 635 680 640 680 677 683 682 684 687
103 102 131 129 58 63 94 92 94 57 59 61 60 125 113 127 114 122 123 120 273 120 118 120 272 271 270 269 270 268
588 590 800 613 625 610 595 596 666 703 702 663 666 592 590 662 700 699 685 640 638 640 690 641 646 591 661 768 661 659
764 22 767 743 734 773 734 29 28 25 764 762 743 741 26 27 24 21 678 18 16 13 14 11 14 18 19 15 19 21
269 313 312 307 288 284 281 259 262 343 346 221 345 222 225 229 232 236 190 192 349 346 223 188 221 192 189 233 235 231
334 333 332 330 0 328 263 279 280 282 280 259 260 327 332 333 331 326 327 280 261 256 253 247 245 322 252 249 254 251
162 166 390 385 380 42 213 201 164 202 163 203 206 203 161 160 156 154 155 50 99 100 53 55 94 64 68 73 70 65
483 480 482 474 481 473 469 482 479 419 418 422 421 437 419 442 417 439 573 620 783 785 574 619 786 791 425 791 789 566
224 264 266 336 323 319 317 316 306 303 306 315 307 312 314 311 313 307 290 302 289 282 280 261 264 274 273 342 343 341
120 117 118 272 118 122 120 121 123 117 115 112 109 107 129 132 96 161 202 215 380 401 376 382 376 214 42 737 710 39
166 91 89 99 88 80 75 112 114 72 78 80 74 114 71 123 114 122 117 121 117 122 117 74 115 112 109 54 89 72
46 43 402 37 407 410 781 732 760 795 749 794 430 748 747 760 746 705 669 707 668 707 668 672 671 675 677 665 703 665
343 262 261 1 261 327 326 332 329 327 278 256 252 257 260 281 255 257 281 280 283 288 321 286 283 248 253 254 259 234
601 604 833 605 598 606 811 805 810 842 844 813 841 535 810 815 817 819 818 816 814 605 597 595 611 594 635 634 597 594
393 395 396 397 44 42 209 212 201 203 44 211 399 398 391 385 397 386 391 396 392 389 394 397 399 403 41 202 203 164
572 791 790 563 572 418 420 417 415 423 418 424 414 580 579 580 782 410 412 793 750 760 710 711 757 725 368 374 369 754
33 30 34 408 33 34 32 407 35 732 749 760 745 763 738 207 209 737 211 40 372 368 372 755 362 359 353 349 348 222
23 765 701 663 612 613 646 641 683 679 640 641 645 640 683 689 694 688 647 653 647 641 646 649 654 650 588 585 582 579
304 307 313 269 273 120 122 123 125 114 116 115 71 70 116 124 125 68 71 114 127 111 112 58 94 64 94 96 132 56
3 2 1 2 1 0 278 264 343 344 264 336 276 263 343 262 258 256 254 259 343 227 230 190 223 196 219 195 348 222
496 492 496 525 520 521 522 525 495 526 495 527 814 812 806 594 610 642 611 639 682 679 639 687 645 649 624 612 615 613
498 533 542 540 530 813 815 813 815 816 812 813 842 810 844 845 813 532 528 524 494 525 528 530 533 498 502 497 528 524
662 663 592 665 595 597 631 603 630 608 594 808 804 802 622 615 621 799 796 705 704 800 803 802 807 594 636 635 676 668
114 112 115 75 71 70 73 76 71 65 92 91 92 97 54 96 97 131 54 99 101 104 85 103 130 131 106 104 107 108
123 125 126 114 74 78 80 76 79 83 103 52 100 395 100 53 55 56 72 73 90 97 72 127 71 125 126 127 114 72
306 285 304 290 306 290 304 303 300 303 302 292 300 297 295 293 290 333 331 279 260 325 278 280 327 329 333 327 333 330
282 337 323 252 247 253 249 254 256 251 252 249 254 231 240 244 322 287 322 284 282 325 327 262 259 278 330 280 328 275
271 269 271 268 270 266 341 275 343 262 260 327 278 256 253 257 252 251 250 252 251 252 250 252 251 247 285 322 287 284
197 195 180 179 219 220 222 350 221 194 348 194 349 195 179 216 179 173 178 196 346 344 273 264 342 230 192 193 223 342
177 176 177 215 376 40 42 737 734 207 740 742 23 765 742 24 26 24 765 23 742 22 674 677 673 678 681 663 702 592
312 315 268 314 315 310 317 306 307 316 311 316 310 308 316 320 289 286 307 289 303 294 293 300 291 335 337 325 277 278
360 361 363 366 368 754 723 722 725 756 367 369 375 380 214 711 760 757 758 748 752 725 722 728 713 405 733 748 732 731
52 100 101 84 102 134 132 133 131 109 112 129 131 129 105 102 104 82 103 101 89 98 103 100 50 99 51 137 158 156
298 299 295 293 308 313 269 272 119 122 125 61 59 125 71 73 76 89 394 46 210 44 210 159 98 100 53 132 53 90
557 473 482 474 471 472 466 471 470 466 472 485 482 473 477 558 434 478 472 471 469 466 463 465 462 461 467 549 459 458
156 155 157 162 90 164 160 162 99 97 93 165 92 157 159 391 166 168 171 198 177 178 173 346 172 180 178 180 182 186
158 52 102 100 49 47 44 398 399 403 43 211 40 737 209 44 42 209 44 41 400 382 385 382 379 378 400 44 399 41
750 793 430 431 428 429 427 414 412 429 728 757 760 795 798 802 803 665 592 589 622 854 564 559 790 563 558 790 786 797
121 124 60 58 126 124 126 125 123 118 121 119 272 270 269 340 269 265 273 341 227 233 192 222 221 179 171 167 172 198
456 492 501 505 487 488 489 516 540 853 622 803 626 803 806 802 805 808 812 524 522 519 548 518 492 490 452 454 493 453
702 761 762 760 747 733 29 773 776 777 732 749 793 748 712 39 401 381 399 380 40 373 371 374 378 374 370 367 366 372
686 683 642 626 625 807 806 596 805 855 803 805 800 594 805 800 796 666 595 668 666 704 706 760 708 667 665 803 593 704
727 759 730 782 786 783 782 784 412 431 426 428 412 415 785 784 780 782 413 783 778 774 410 34 33 32 411 430 785 787
64 2 1 261 277 276 278 275 263 260 326 280 260 257 259 277 328 335 327 277 343 192 191 234 232 229 230 224 343 259
720 370 367 372 755 753 722 429 721 723 726 714 407 408 29 775 776 745 777 776 581 778 730 748 757 725 717 370 755 752
51 138 137 155 51 102 50 47 48 139 145 209 204 203 205 204 159 210 156 157 135 134 135 49 51 54 107 131 56 97
770 768 23 20 18 14 12 14 15 17 21 17 15 17 16 18 16 14 11 14 678 675 672 668 634 594 804 667 707 709
219 365 217 177 175 172 198 182 197 220 358 364 187 220 358 361 187 190 189 223 225 264 262 258 252 251 248 249 252 283
567 443 513 446 447 449 488 450 449 448 487 485 468 470 473 475 438 440 480 473 471 473 475 560 565 563 564 480 441 419
285 284 289 335 290 333 290 335 281 324 283 286 284 289 303 304 307 310 306 307 287 288 286 289 305 334 333 330 280 329
362 363 365 368 724 753 750 748 729 430 792 750 729 410 407 733 406 732 761 746 732 407 731 729 727 429 428 433 791 788
305 302 289 307 311 309 305 308 290 301 290 305 307 313 309 310 304 306 287 337 309 303 290 289 320 323 246 244 245 321
421 422 416 577 617 621 786 619 787 856 789 564 566 853 566 563 572 563 856 787 782 797 666 800 797 749 757 712 407 405
290 302 304 288 322 338 339 266 226 227 225 230 224 347 343 223 188 189 186 187 360 365 364 361 218 198 177 175 174 176
173 174 176 201 198 171 178 167 162 393 101 86 81 79 113 127 128 57 130 54 129 96 98 100 52 100 90 89 100 87
569 570 620 572 786 573 424 576 415 427 430 728 727 730 733 738 761 758 709 200 175 201 215 711 214 201 212 209 736 207
432 426 413 778 31 775 773 777 779 776 762 665 591 614 650 646 614 618 786 789 856 788 798 799 801 787 791 562 557 473
508 503 500 497 494 453 518 515 516 486 468 464 489 488 485 446 443 567 854 567 539 513 539 515 502 498 526 530 526 524
640 638 642 641 639 641 625 845 847 844 839 606 603 630 629 634 630 628 630 636 610 593 592 614 590 619 613 616 614 621
629 836 840 838 843 628 839 844 843 810 531 842 810 628 836 841 814 809 808 809 804 809 530 538 537 531 846 849 534 540
689 644 687 695 658 586 585 582 771 768 660 696 661 659 695 687 643 612 799 797 794 785 792 749 795 797 783 793 412 415
671 673 675 676 765 676 669 672 673 678 680 684 681 686 689 683 639 625 803 808 595 626 806 801 804 611 663 800 805 856
843 842 812 526 530 527 524 815 842 839 833 839 841 844 846 539 530 542 530 810 628 814 816 815 527 817 818 819 822 823
821 823 825 828 825 826 824 826 825 826 829 831 832 834 837 835 840 810 805 808 608 804 610 609 803 799 613 646 611 799
818 815 810 805 806 594 807 843 839 605 814 531 538 541 539 846 844 846 851 854 538 539 502 503 507 505 512 506 505 506
714 728 731 732 410 782 415 576 415 414 579 414 427 431 794 787 796 762 746 407 736 738 739 144 209 141 142 150 146 147
555 556 552 554 556 548 551 550 467 465 464 489 464 460 462 461 464 462 467 473 470 553 471 467 470 469 471 482 448 449
159 90 162 92 93 97 89 88 392 393 389 388 389 395 393 394 46 47 45 399 44 212 210 41 38 401 39 403 737 746
663 684 681 699 702 765 764 700 768 699 767 661 684 663 704 797 794 430 784 796 794 784 792 751 721 369 711 759 745 776
694 693 696 658 695 692 687 682 639 642 643 613 589 646 644 691 647 652 653 647 691 644 648 691 688 685 695 692 693 690
280 259 234 235 247 255 258 231 232 240 241 240 241 238 243 241 239 237 235 231 236 238 240 238 241 243 246 252 250 247
587 660 658 590 783 786 792 794 784 750 760 710 737 404 712 726 720 719 717 720 727 730 409 749 728 714 726 756 366 724
116 113 112 109 128 110 130 109 56 129 130 107 104 85 83 103 99 84 82 103 106 130 128 59 68 70 72 76 84 85
117 116 114 116 125 116 119 271 267 274 276 263 341 226 230 228 227 233 229 238 239 243 319 321 246 284 282 337 339 324
829 828 827 826 827 830 829 828 831 830 828 830 833 830 828 826 825 827 825 822 823 820 821 823 824 823 822 820 817 814
27 28 31 411 32 774 778 782 797 781 777 31 30 408 731 408 733 29 776 771 26 29 776 782 414 782 749 752 429 750
0 328 278 259 255 254 251 255 259 227 224 223 349 350 220 188 190 193 221 197 180 170 167 169 69 68 127 126 112 115
446 514 512 487 489 451 452 491 453 545 550 467 471 466 471 467 473 557 548 467 469 485 468 549 464 452 546 459 547 548
42 41 404 715 37 716 37 711 215 40 214 202 709 758 756 372 216 377 380 379 373 39 214 42 214 217 179 180 198 216
102 106 110 105 82 78 72 56 132 53 133 98 101 86 83 86 83 84 79 80 86 89 99 102 51 49 100 98 91 93
245 285 324 326 328 326 260 281 280 279 276 273 275 343 345 221 345 347 346 223 225 341 338 319 228 227 230 193 187 188
559 788 571 569 565 570 620 621 853 563 790 433 432 785 620 572 418 438 418 422 439 562 573 785 787 792 784 785 791 434
249 254 234 193 192 234 229 239 242 241 318 306 304 286 284 285 288 287 305 309 336 327 275 342 227 340 269 268 272 274
257 260 278 328 279 256 258 231 227 264 345 264 274 276 262 258 257 253 249 246 321 323 319 240 244 242 241 319 245 244
542 560 559 560 474 472 445 443 441 442 481 478 472 481 443 441 418 437 573 439 561 566 567 568 571 618 614 647 691 690
163 160 203 202 164 165 90 87 83 80 86 84 103 101 52 54 134 51 138 143 146 144 208 739 735 206 205 204 739 151
488 509 487 448 514 450 515 512 508 510 506 504 501 496 492 455 519 548 551 546 544 520 519 526 498 533 531 809 812 815
751 727 751 724 369 712 403 402 377 214 213 200 218 200 174 175 201 213 40 38 39 714 37 406 37 38 714 718 717 713
573 416 415 432 785 573 571 568 445 442 439 573 442 444 570 567 514 449 517 515 517 516 542 543 542 514 447 483 446 481
487 486 485 487 450 490 453 455 457 454 456 457 456 452 451 453 455 452 518 542 517 542 540 853 621 571 568 443 440 570
733 35 733 744 23 741 23 26 25 743 742 25 27 741 206 205 153 150 741 24 764 664 703 667 804 612 853 612 614 623
209 212 398 43 399 385 381 384 388 396 162 165 69 94 92 94 64 61 58 113 115 126 60 61 126 112 110 130 128 58
517 453 490 450 489 515 447 445 446 486 515 488 450 541 564 443 570 567 855 852 849 846 535 533 515 543 515 486 487 488
656 651 615 617 618 786 793 787 796 666 596 806 810 840 843 628 840 838 837 842 810 807 809 814 841 843 608 634 595 807
348 351 353 360 362 366 724 369 754 757 756 727 722 724 754 367 370 755 752 721 429 432 791 559 562 563 560 562 565 570
129 103 84 89 54 129 107 110 128 113 126 128 95 68 127 58 61 94 65 93 168 164 160 202 212 214 711 758 726 752
39 37 404 712 757 369 367 364 358 356 360 363 358 355 358 362 367 363 357 191 222 349 220 218 219 179 180 197 216 179
574 416 576 580 585 586 660 697 769 583 769 661 698 695 698 769 697 689 695 693 696 659 698 662 664 796 799 619 616 587
692 687 645 640 684 682 681 679 682 679 635 636 627 642 626 809 810 844 625 610 628 596 811 608 626 807 607 608 807 810
534 855 805 596 666 704 760 708 669 708 707 668 707 760 759 712 759 711 748 781 793 781 749 781 780 762 747 758 752 727
769 770 769 698 769 772 775 29 745 737 746 761 763 23 767 22 677 21 677 20 18 20 16 14 13 10 12 13 675 13
71 117 116 124 127 57 56 132 134 133 107 105 108 130 54 91 168 163 168 164 166 169 165 163 160 165 164 201 215 373
744 702 767 769 661 613 615 619 798 797 795 758 760 710 708 758 711 214 217 197 199 171 169 172 348 221 218 361 362 755
66 71 69 90 93 68 58 68 69 91 56 54 133 98 134 133 136 50 52 53 90 89 100 89 97 162 390 164 90 93
635 594 593 592 622 616 655 616 621 622 569 570 480 476 444 568 539 568 442 445 482 448 487 505 510 506 501 506 503 539
138 142 141 136 48 45 210 156 151 140 136 48 51 133 52 134 154 155 152 137 136 48 139 140 139 140 141 47 141 145
171 178 171 199 217 200 176 178 200 198 171 199 214 710 709 41 213 737 403 712 38 712 38 714 37 402 212 204 209 145
729 794 729 728 714 726 752 722 429 427 426 415 413 576 424 574 576 579 576 414 411 31 29 27 734 405 712 404 36 714
311 308 305 308 293 290 289 320 339 267 340 315 340 315 311 309 336 324 322 320 286 282 285 319 287 337 321 243 247 285
480 438 419 423 573 618 620 798 787 802 788 573 572 440 417 424 425 413 778 732 760 710 39 42 401 42 737 210 42 380
399 386 387 386 400 401 404 38 713 715 718 721 719 727 719 716 717 715 717 718 719 716 35 33 30 34 408 409 733 731
530 528 527 814 531 814 842 813 816 814 527 528 531 814 606 607 636 635 678 681 766 770 775 771 769 768 701 703 704 701
212 202 177 171 198 197 220 196 222 192 224 225 223 347 262 348 223 346 181 198 181 184 186 181 195 365 361 219 220 189
679 635 595 807 607 633 606 608 809 855 807 596 667 704 796 797 785 783 784 779 413 430 412 430 752 751 792 428 729 781
543 452 451 449 489 491 456 463 464 549 471 556 471 557 467 470 473 470 469 475 472 466 551 549 545 547 548 544 452 544
288 320 324 283 253 248 283 324 338 341 336 341 268 267 273 266 342 265 277 276 343 277 264 261 257 256 325 280 326 330
211 40 377 371 724 367 375 377 383 381 384 385 391 159 90 391 392 390 162 157 153 154 155 158 97 94 56 97 99 97
299 301 300 292 333 332 335 332 334 336 334 324 337 323 283 285 304 309 311 312 311 313 269 340 266 274 120 273 275 342
100 99 88 101 51 136 141 142 139 138 139 50 101 88 101 49 137 49 47 141 151 139 48 51 159 203 202 161 96 157
482 448 515 543 546 550 463 466 549 550 548 550 553 555 434 425 435 432 435 425 431 791 427 425 432 433 437 421 420 419
330 328 325 338 341 324 334 333 327 332 331 330 0 328 275 265 341 276 262 344 224 181 184 186 183 182 194 222 347 224
217 365 363 359 360 189 361 220 218 361 365 364 188 194 193 222 193 353 351 353 220 358 354 191 229 233 235 252 250 253
539 502 497 494 496 500 505 508 502 537 499 501 498 517 546 550 549 463 456 455 460 456 492 454 518 543 546 550 467 468
332 334 326 278 277 327 334 276 344 345 265 341 339 320 305 308 305 334 329 331 333 328 330 279 327 277 328 326 327 260
139 152 143 145 209 737 739 208 205 152 149 144 152 157 135 133 131 56 57 129 97 52 103 83 102 103 105 102 134 53
509 504 503 504 499 496 525 497 500 503 539 502 507 502 503 539 541 538 534 843 810 806 853 852 540 538 535 842 838 834
721 751 431 430 784 796 780 782 779 775 781 798 784 780 781 779 774 778 784 780 782 797 779 784 782 415 425 423 416 572
676 636 609 637 633 637 638 683 643 640 688 694 689 690 685 690 689 694 691 647 653 651 653 648 645 613 799 622 798 781
300 297 296 294 292 294 292 294 303 294 301 294 303 287 290 287 323 247 253 254 231 237 243 244 322 323 336 326 328 330
533 530 539 537 849 851 848 847 850 851 847 535 810 812 529 530 529 542 560 562 558 475 474 554 560 789 572 561 565 479
742 765 767 770 772 743 744 762 760 750 729 793 792 790 787 572 442 571 788 790 562 789 562 565 442 441 571 572 565 481
59 58 71 117 121 120 118 122 119 123 71 127 114 76 82 84 83 104 103 130 53 99 87 100 103 82 103 52 54 102
850 854 541 544 547 546 519 493 492 452 453 459 491 451 492 491 493 453 451 517 529 498 530 536 537 847 538 537 538 540
194 181 185 181 223 344 265 340 265 264 345 265 266 268 313 307 289 285 305 323 288 307 305 323 326 330 334 276 278 277
411 428 432 429 750 731 728 752 722 754 722 727 748 794 729 732 35 34 732 31 34 732 759 732 760 749 727 713 715 713
812 527 810 805 801 784 783 620 799 624 614 623 799 621 852 847 850 649 650 647 642 611 623 849 533 499 498 503 500 501
677 682 640 686 682 678 676 678 680 635 634 595 610 608 606 607 595 626 843 811 598 606 633 634 637 683 689 685 682 683
532 534 813 532 529 536 845 854 849 567 571 568 853 623 621 620 570 563 855 807 597 607 597 807 843 844 840 810 596 595
118 272 270 266 226 225 342 227 232 233 231 237 230 233 228 227 259 254 231 232 234 251 250 256 231 235 236 232 230 258
846 848 845 625 642 611 663 800 592 797 801 806 596 610 624 853 856 853 567 564 789 572 569 568 565 444 568 564 443 441
165 92 157 152 156 154 137 134 135 153 154 159 394 159 155 152 143 740 25 734 408 30 29 776 771 768 771 582 586 582
809 856 855 802 856 853 854 533 530 540 568 567 851 845 847 849 535 538 537 847 845 844 846 533 498 495 498 494 528 494
658 698 659 583 776 775 29 777 31 34 408 34 37 34 407 735 406 404 736 740 741 23 741 207 742 21 17 18 19 21
738 205 152 139 49 48 139 149 140 209 46 47 394 159 391 396 393 99 101 394 90 96 93 63 68 67 63 67 65 68
31 411 427 412 428 729 752 756 724 757 728 713 727 757 712 714 715 713 39 403 41 39 213 199 709 707 710 760 708 760
841 844 845 850 851 623 646 624 622 614 589 663 590 663 612 589 588 617 588 662 583 779 774 778 29 772 25 742 21 20
722 723 724 720 728 409 31 773 771 26 24 766 24 21 18 21 17 16 15 16 17 21 18 20 23 21 17 14 678 766
630 628 631 629 836 840 629 626 844 813 812 530 542 544 519 526 524 525 520 459 546 545 549 553 554 553 549 552 556 557
661 696 661 591 614 619 590 613 650 614 624 613 625 807 595 667 669 671 675 678 766 677 702 776 780 798 592 800 591 664
556 557 556 553 549 459 458 460 458 456 455 452 451 501 498 451 515 513 539 854 563 790 559 561 555 553 471 549 463 458
476 481 446 482 476 473 477 480 438 417 418 416 576 413 782 581 776 581 582 775 583 586 584 617 621 574 575 783 787 799
28 26 770 699 696 697 658 660 588 589 613 593 625 639 625 613 592 594 805 808 610 800 592 802 799 590 614 617 619 799
29 776 764 23 764 25 745 762 796 780 798 590 798 804 855 854 805 800 663 800 612 624 806 624 623 851 646 589 646 643
647 688 647 645 650 652 657 588 698 662 664 798 795 801 799 591 701 662 588 650 655 648 650 655 649 655 653 616 614 613
633 595 626 810 814 606 833 836 628 606 814 527 526 543 546 548 545 518 453 491 452 459 491 450 451 519 521 526 528 497
354 189 358 361 220 349 194 188 195 349 223 222 195 357 193 234 259 264 343 224 264 278 336 335 286 321 317 314 268 274
161 164 173 168 161 157 92 56 91 92 164 173 179 217 199 201 212 42 402 42 403 404 713 711 41 710 39 37 36 38
591 646 622 852 848 850 625 623 851 847 852 621 787 620 783 619 613 590 660 768 769 697 695 694 692 693 692 687 684 679
110 109 111 129 58 127 68 65 70 74 76 82 83 103 99 84 87 100 393 86 84 79 82 76 81 84 99 134 52 102
106 105 109 131 106 109 105 108 111 109 107 110 130 129 132 133 107 110 56 93 97 131 132 130 109 105 104 106 105 110
313 316 318 321 243 245 319 317 309 313 311 315 311 313 315 308 307 309 337 317 338 319 337 287 290 288 285 306 287 323
322 252 281 324 337 340 268 269 274 276 263 347 220 358 361 189 356 190 223 348 172 198 173 174 179 171 167 166 385 382
218 177 164 203 213 215 373 215 372 215 708 758 711 372 376 374 377 372 374 372 366 369 726 722 721 718 717 721 722 754
274 272 118 121 117 71 117 122 115 75 69 75 69 165 93 67 62 2 1 261 328 279 262 263 327 262 259 230 192 188
435 477 473 477 471 465 486 445 484 482 480 444 565 444 443 479 572 563 854 856 565 480 445 514 450 489 461 456 461 463
824 827 826 827 824 825 822 824 822 823 820 819 817 814 839 810 806 623 853 570 853 856 566 856 853 567 854 809 527 495
760 705 669 668 677 683 637 638 640 685 680 677 683 644 687 682 686 643 647 651 654 615 619 588 615 654 658 656 653 655
519 526 518 515 543 516 448 509 449 450 515 447 482 469 464 450 488 450 464 470 468 462 466 552 471 469 465 469 485 469
56 132 108 130 103 131 107 104 106 130 107 108 106 131 129 57 94 63 62 58 57 96 158 92 98 99 134 154 160 159
337 335 327 261 280 260 327 332 329 331 279 277 262 349 192 232 227 340 269 272 274 265 345 343 223 344 263 264 341 276
566 571 621 572 573 570 853 563 564 514 541 544 545 453 525 498 495 523 453 525 498 497 501 504 501 502 501 498 494 453
441 479 439 422 421 436 435 425 435 555 558 560 559 555 557 559 554 471 475 561 542 560 544 519 516 449 450 485 469 482
699 662 661 769 700 663 665 677 668 703 702 677 675 16 15 13 16 13 11 14 17 19 674 675 16 674 19 15 16 19
401 376 401 403 737 40 213 204 737 208 43 401 381 380 402 376 40 737 42 40 41 214 376 375 376 380 199 201 178 164
708 706 710 213 199 176 174 219 198 171 170 173 176 178 218 364 359 354 358 361 220 194 193 221 195 189 356 358 364 363
779 780 778 776 700 702 705 706 747 777 776 778 31 411 430 793 749 410 732 35 36 406 408 407 406 731 747 759 707 705
182 185 188 187 364 361 363 364 195 186 196 218 198 177 172 66 67 68 61 63 64 61 126 61 63 58 127 125 75 115
585 617 616 613 612 626 807 608 632 635 630 633 595 608 606 632 603 631 633 597 607 811 608 843 838 814 531 814 817 820
371 724 754 723 725 728 727 409 35 33 410 730 430 748 749 732 760 705 703 677 679 635 629 631 633 637 680 701 591 802
479 420 422 420 419 422 416 422 439 416 573 417 421 420 437 420 418 422 416 437 478 565 443 572 786 784 750 751 795 706
768 701 766 681 663 703 673 670 763 701 22 767 23 744 746 748 794 796 705 702 662 767 771 26 773 775 781 410 412 429
461 456 464 466 470 553 549 551 466 465 463 459 518 452 517 544 516 543 560 789 787 801 802 624 855 624 611 625 843 840
44 397 399 211 737 739 206 204 44 204 211 203 214 211 43 399 212 40 213 212 204 41 403 37 39 41 401 398 45 398
88 80 79 85 80 82 81 78 75 84 82 105 102 53 52 51 52 99 393 396 45 396 390 99 90 73 69 73 89 87
575 425 435 437 418 572 561 471 554 560 554 553 467 464 459 519 521 544 519 524 522 523 526 525 530 854 540 568 565 444
618 621 851 569 852 848 540 567 621 799 798 789 788 856 854 564 559 788 572 788 786 619 617 619 799 802 805 807 802 808
805 856 852 624 593 624 853 563 559 791 427 411 410 34 408 33 411 781 778 747 407 409 748 760 750 784 781 795 748 746
457 454 517 545 519 455 457 461 463 551 552 551 548 547 550 551 467 462 550 464 469 470 472 467 469 485 482 473 472 482
615 649 655 658 659 698 767 662 665 662 664 703 669 634 631 598 602 597 609 634 636 595 609 636 611 623 621 787 789 561
670 672 670 674 676 678 681 20 22 673 669 634 596 631 597 607 807 607 598 602 632 595 632 605 628 608 626 807 843 839
817 818 816 818 819 821 818 819 818 820 822 823 820 823 825 826 824 823 820 817 495 529 533 845 538 852 567 513 509 507
151 741 150 146 145 143 145 148 142 144 152 142 144 146 141 209 43 210 144 141 152 142 48 395 397 386 389 385 386 390
440 572 574 618 614 624 851 646 644 645 646 651 616 620 788 563 567 856 565 571 573 434 417 421 438 439 437 419 438 418
526 531 498 526 544 452 520 545 548 549 546 547 521 520 546 519 517 519 518 521 544 518 544 560 554 559 556 471 476 482
502 505 508 511 448 482 471 561 558 433 558 556 562 566 561 567 570 571 443 567 621 569 442 479 441 574 788 620 571 572
767 771 583 581 580 778 783 413 575 416 576 414 579 581 577 580 585 583 771 777 29 778 773 774 772 769 583 779 781 778
319 339 266 275 343 228 225 228 229 191 233 230 227 338 228 230 232 237 232 228 340 339 319 286 337 324 339 226 227 232
856 788 573 574 620 621 570 439 565 567 542 515 516 515 516 515 450 517 519 518 547 550 545 549 546 543 560 557 555 558
622 803 800 612 613 611 627 595 808 804 800 611 665 705 763 743 745 735 29 772 774 779 584 580 775 31 34 37 716 36
80 87 84 79 112 75 78 80 84 102 87 89 98 135 136 52 102 50 47 46 159 51 53 103 106 103 105 108 130 55
353 355 354 191 194 360 365 360 195 223 349 221 348 222 193 348 262 343 230 229 237 243 245 285 304 301 292 301 302 291
65 93 96 94 91 166 170 172 66 64 93 72 77 72 76 77 79 81 83 81 86 393 388 166 171 174 177 217 219 350
639 643 625 843 531 538 539 530 854 567 542 856 806 803 612 611 646 652 656 647 657 658 660 663 612 614 613 642 627 636
35 405 37 39 402 399 211 206 203 210 141 139 136 135 140 210 211 213 711 758 750 784 779 582 583 584 578 582 579 578
352 350 353 193 233 191 232 237 231 226 229 240 242 237 230 222 224 193 220 197 218 361 359 360 356 354 359 360 190 191
175 177 172 173 175 173 168 163 398 163 388 390 90 73 114 71 63 59 113 79 84 102 54 128 109 131 55 129 112 109
396 398 44 398 212 402 214 711 373 756 755 370 724 726 752 756 755 365 217 179 221 194 181 346 343 263 347 349 351 349
270 269 266 339 228 234 259 277 263 261 0 328 330 279 278 330 328 276 262 278 259 234 233 237 242 240 239 241 244 243
743 763 742 744 761 746 730 747 745 732 761 763 766 698 767 743 24 147 742 765 767 662 665 662 592 593 665 800 805 610
497 494 453 525 527 530 525 495 817 495 524 522 545 520 454 460 462 550 552 470 464 456 461 463 549 557 467 550 548 550
418 423 419 441 417 423 415 416 438 422 416 572 790 793 787 620 619 621 787 798 780 779 583 779 580 583 776 583 582 771
90 166 165 160 159 163 157 203 163 161 96 54 56 95 54 51 53 90 158 52 51 137 138 141 155 158 162 161 203 206
238 243 321 317 319 306 289 290 286 290 292 302 300 297 298 295 298 294 291 288 287 324 321 246 286 325 264 274 266 269
18 17 14 11 10 11 8 6 7 9 11 10 13 11 12 11 14 11 14 17 19 16 19 22 764 22 24 743 745 761
20 16 675 13 10 9 11 8 4 7 5 2 3 5 3 4 7 4 6 7 8 9 8 6 9 10 6 8 10 11
342 339 319 228 229 225 226 341 265 268 272 274 271 267 266 273 266 276 325 256 252 250 252 249 255 257 261 257 280 278
552 556 552 547 545 518 450 542 529 499 501 451 515 505 507 512 449 517 525 494 525 531 845 532 533 846 843 845 534 538
268 341 227 226 341 339 336 334 327 280 282 325 335 338 337 320 288 289 282 284 282 336 334 335 326 327 281 278 277 261
339 228 230 191 353 191 231 228 231 227 225 344 265 272 273 120 121 119 120 119 121 122 124 59 125 123 121 119 272 265
199 180 172 198 217 177 167 388 385 383 386 389 395 100 50 52 158 137 142 148 149 148 144 150 144 145 148 142 151 152
145 149 143 146 142 137 141 139 144 146 142 48 136 51 49 47 49 138 49 138 139 142 140 46 396 45 396 159 158 135
583 586 582 771 774 780 785 432 415 417 434 790 434 559 561 439 440 439 437 424 414 785 750 758 752 753 723 368 757 729
673 676 671 669 673 763 701 768 701 768 23 26 28 745 743 739 745 773 734 737 207 147 149 140 155 137 136 135 156 210
253 249 255 259 254 253 254 258 261 327 333 332 330 331 334 332 327 328 276 278 280 324 336 264 278 264 226 344 345 264
504 507 512 446 486 445 447 444 442 565 853 852 856 789 561 559 788 565 561 789 566 788 565 475 476 480 562 558 556 559
614 646 644 650 615 622 566 572 791 794 786 621 787 793 790 789 787 788 856 788 620 783 797 780 782 414 580 581 582 586
709 40 377 40 214 39 737 204 738 740 144 143 147 149 741 22 673 678 766 764 701 662 664 762 705 760 759 706 762 705
169 178 198 200 214 709 710 760 749 729 721 717 721 728 713 714 712 732 730 732 408 31 410 30 773 745 28 773 774 780
424 415 412 414 576 417 572 788 562 564 569 567 853 806 805 801 799 783 793 749 797 798 782 777 31 777 730 784 413 412
25 26 28 743 742 738 205 740 206 738 733 746 745 743 26 772 775 773 772 774 776 782 581 774 771 583 586 584 578 581
200 214 216 709 217 178 201 202 211 403 404 401 402 373 38 40 712 38 716 714 720 721 719 726 751 430 412 415 785 790
370 369 371 375 370 726 756 371 368 757 795 801 806 805 808 813 839 606 631 628 814 843 840 810 527 817 819 822 823 825
545 520 518 544 560 542 540 848 852 624 645 613 661 659 656 653 651 657 648 643 644 690 692 690 695 698 697 699 684 689
142 137 142 148 144 139 155 140 137 136 48 140 154 155 153 151 140 138 142 139 49 139 141 147 208 209 211 399 403 211
538 541 538 535 531 530 535 539 568 565 561 560 475 561 564 567 542 560 555 434 435 478 562 564 854 533 503 532 527 809
220 357 188 357 188 189 193 348 196 221 194 182 184 183 185 184 185 182 195 186 183 184 186 196 178 217 215 202 160 201
471 553 554 471 481 446 487 509 448 489 486 446 482 469 473 474 473 467 549 545 543 450 448 540 567 514 447 445 568 564
62 4 2 62 4 1 4 1 2 4 7 9 7 9 6 9 10 13 12 11 9 12 14 15 19 679 678 682 685 683
627 608 596 804 593 594 592 589 614 647 657 695 687 682 683 677 766 677 675 676 677 703 766 681 682 687 646 623 614 623
250 252 251 254 234 228 229 238 243 322 286 338 231 237 229 343 227 343 265 274 276 279 329 277 344 227 225 345 224 222
833 830 828 825 828 827 829 831 833 606 631 628 607 598 596 632 596 666 797 801 803 623 624 614 624 626 845 849 540 541
825 824 821 822 824 826 828 825 827 829 832 834 840 838 834 837 838 840 844 841 842 843 531 537 846 851 615 653 648 645
444 483 482 480 474 558 471 560 559 789 786 413 782 778 780 774 26 772 25 742 741 744 761 733 744 740 146 150 143 140
710 706 667 594 806 808 608 598 600 597 603 601 603 599 598 606 608 597 609 808 609 635 675 672 677 21 20 22 19 20
6 5 2 64 69 63 67 65 173 164 162 159 154 53 135 50 53 90 87 88 389 395 397 395 389 387 392 88 389 394
690 688 685 689 692 694 697 699 662 663 703 677 701 677 673 676 675 14 675 677 674 765 703 669 672 677 703 762 747 745
620 614 649 655 616 619 616 654 655 651 652 654 658 586 660 663 611 595 594 611 804 805 803 806 807 627 628 631 603 604
780 785 798 592 594 668 670 674 16 15 13 11 9 11 14 675 635 676 677 19 21 742 738 740 207 737 740 148 143 141
86 81 80 82 81 78 80 75 115 118 124 115 75 125 127 110 107 54 133 134 102 104 84 78 80 84 101 50 136 52
60 62 59 68 64 68 91 90 72 56 55 56 94 91 168 93 67 72 75 127 75 80 87 102 54 51 135 52 101 49
431 792 790 786 791 573 434 437 419 421 438 476 480 564 566 620 574 424 417 421 423 424 573 620 615 623 645 691 644 647
308 316 310 306 319 286 246 283 324 283 324 286 336 286 336 276 327 276 334 336 306 304 292 304 309 314 316 309 317 337
391 386 400 383 381 400 399 44 43 737 745 28 30 773 734 744 746 738 739 735 744 735 407 409 35 33 730 782 778 780
87 80 79 83 105 129 54 132 54 102 131 103 87 83 84 80 74 78 115 118 124 59 68 70 67 73 91 168 69 64
287 290 289 287 288 285 282 325 279 280 279 277 262 348 219 198 182 185 184 182 180 196 221 195 221 350 219 179 218 362
5 7 4 2 62 63 93 64 61 127 71 74 114 78 75 78 74 117 118 123 118 120 122 125 112 109 129 96 158 97
2 5 8 5 6 7 4 1 0 279 262 277 326 333 327 264 265 263 343 264 227 224 221 222 195 219 196 195 198 379
398 45 43 210 141 145 207 145 139 150 140 46 49 101 52 134 135 159 51 158 156 161 156 140 144 140 143 149 142 147
13 14 678 19 675 635 675 672 677 682 679 674 678 681 682 688 647 613 621 618 621 569 621 623 851 624 643 640 638 637
455 457 458 463 466 463 456 492 496 492 498 531 810 627 841 845 625 610 810 807 624 625 613 616 590 613 803 666 707 704
554 558 564 442 440 417 418 440 442 445 482 485 450 449 490 453 520 545 519 543 542 530 540 849 855 567 564 856 563 570
475 443 566 568 567 541 517 516 448 449 450 485 486 446 484 447 446 511 506 501 502 507 502 498 495 453 519 518 450 543
638 629 595 668 665 667 670 672 669 634 672 677 635 677 703 705 761 706 761 745 743 24 766 769 768 700 765 763 673 668
691 645 623 611 594 808 855 854 851 622 623 852 847 538 850 851 623 615 618 584 588 662 664 796 760 757 368 757 756 758
349 195 223 189 354 352 601 352 220 353 351 354 356 355 354 356 355 357 360 364 365 366 365 364 197 182 197 183 185 186
426 428 429 432 426 414 579 580 577 575 580 585 584 583 769 583 775 31 775 771 764 745 776 780 796 801 795 794 748 757
262 279 280 330 326 260 255 191 230 224 343 276 265 269 265 345 342 265 264 263 261 257 281 255 233 232 230 229 223 230
36 727 711 758 706 760 757 750 731 746 733 735 732 747 748 732 34 33 34 409 728 428 432 428 729 794 783 794 751 729
549 470 464 470 473 477 435 477 435 436 434 477 435 432 426 430 729 732 777 747 778 779 784 785 797 801 804 595 611 639
75 114 78 72 70 73 78 115 71 123 118 119 117 124 115 114 112 114 116 73 74 75 78 79 83 104 107 105 107 130
607 598 811 807 594 668 677 678 766 769 583 582 581 579 582 580 577 618 620 785 431 433 791 794 791 573 574 417 571 788
748 712 369 757 712 713 40 380 382 380 377 401 403 43 41 712 713 372 40 711 39 401 403 737 209 43 203 214 216 177
358 363 357 355 352 351 350 221 196 194 222 347 344 263 265 274 272 118 116 125 114 124 117 71 69 94 92 56 55 95
445 486 516 450 468 470 466 469 471 482 445 446 482 445 480 477 476 471 557 560 543 542 515 448 487 484 487 509 508 506
45 395 393 88 91 56 54 99 84 102 103 105 130 131 132 133 132 96 95 94 63 66 67 69 168 177 201 160 204 201
746 730 33 410 408 32 33 407 410 407 35 33 35 719 727 729 793 794 789 792 785 414 578 576 416 423 415 432 785 784
242 237 239 243 242 237 230 258 351 349 194 197 221 181 180 179 171 198 219 198 215 177 199 178 217 214 201 160 156 158
716 717 715 38 373 367 369 714 404 40 376 372 378 379 377 214 211 214 42 45 398 210 209 736 403 404 40 216 217 709
108 111 114 116 122 118 117 116 113 116 119 118 115 116 74 115 114 76 74 116 119 121 123 124 71 93 65 69 75 74
148 144 210 211 206 740 148 145 740 743 28 774 581 580 581 782 778 774 28 774 778 411 33 34 410 778 31 29 745 763
540 567 566 855 807 812 529 497 499 501 498 503 500 501 506 501 490 453 490 488 515 541 533 503 508 506 508 507 506 505
853 855 854 534 846 848 846 533 538 854 563 560 475 443 441 569 851 569 622 623 855 623 622 614 647 652 647 614 591 662
61 125 114 127 59 57 94 92 157 204 211 399 212 201 203 43 208 207 209 204 201 177 217 376 382 380 376 373 714 369
486 489 486 484 483 448 509 504 499 532 541 538 854 569 568 514 446 513 568 541 517 451 515 448 512 515 541 532 538 532
747 796 801 805 809 806 626 608 633 630 606 834 835 840 608 806 809 810 627 608 807 595 634 633 637 629 605 631 633 609
410 729 431 432 428 433 426 413 784 801 802 853 849 848 849 848 846 848 845 537 847 852 540 515 513 509 507 509 504 508
97 93 91 96 158 91 96 56 128 57 94 58 94 92 97 161 159 157 154 136 139 141 155 160 164 176 200 214 212 203
281 338 323 252 246 248 283 322 246 252 257 254 235 232 239 241 237 229 339 324 289 306 317 309 306 324 305 290 287 285
753 725 370 368 753 368 367 375 370 375 372 711 758 759 707 709 708 669 671 674 676 681 699 663 589 613 592 704 592 614
48 46 141 152 154 160 156 140 48 50 102 106 130 109 108 132 133 52 134 102 99 89 394 389 390 389 391 165 92 94
128 112 125 59 60 62 68 127 71 93 70 67 93 72 70 73 67 71 115 124 127 129 103 99 394 390 385 387 385 392
803 609 638 641 684 697 768 660 590 612 798 592 610 628 836 840 814 841 813 809 856 806 594 610 594 595 627 608 634 630
560 475 473 474 478 561 474 482 444 476 438 476 442 417 440 417 419 423 415 574 415 424 573 438 480 442 573 441 417 415
210 737 207 737 710 760 757 750 753 754 366 361 187 185 186 187 197 180 199 217 376 374 376 375 378 373 374 380 375 377
700 661 701 680 701 663 591 613 800 802 610 627 639 643 648 643 645 639 680 679 676 672 674 676 765 762 780 796 705 763
777 733 29 772 775 581 584 588 698 770 773 31 408 29 408 32 412 426 416 422 417 421 436 437 479 442 440 479 438 437
642 637 680 636 633 635 609 594 593 804 801 798 800 784 749 760 745 761 747 762 760 795 749 750 796 799 614 622 623 806
468 469 484 472 484 483 447 485 487 448 485 468 486 487 484 447 484 483 484 487 489 450 464 518 549 468 549 463 469 468
448 447 511 508 504 503 500 504 505 539 505 488 485 488 487 505 507 503 537 539 535 534 533 845 850 624 807 855 804 802
392 395 389 393 395 46 48 136 139 140 135 138 139 144 206 737 207 147 143 208 210 42 403 211 45 397 385 390 166 163
493 492 518 545 453 493 455 453 494 495 493 453 492 495 453 518 545 454 492 491 456 459 491 493 455 453 451 519 521 520
478 558 433 432 428 431 729 428 729 794 793 781 797 798 795 792 795 798 795 752 721 724 370 373 713 715 714 715 717 715
776 770 769 771 777 772 773 26 741 739 736 403 37 731 35 714 718 721 369 757 753 755 726 720 721 725 713 719 714 712
580 413 785 782 412 778 31 411 782 749 760 704 796 666 594 593 594 609 642 626 638 636 634 595 626 806 856 542 544 548
365 218 219 194 196 188 222 347 349 220 189 233 190 356 359 356 353 359 356 362 365 364 359 362 360 188 221 179 167 383
68 95 128 125 115 118 120 271 273 264 267 273 271 267 264 344 275 273 120 119 116 122 115 75 74 116 74 116 125 58
778 411 729 781 410 732 728 714 727 724 368 366 755 367 364 358 357 359 361 360 362 358 359 354 191 258 260 263 328 276
386 398 386 383 380 375 367 755 726 723 720 722 753 723 752 756 755 756 757 726 369 711 759 745 773 777 772 26 25 23
324 306 310 316 318 316 314 313 307 308 303 301 300 297 298 294 292 295 296 294 293 299 295 292 291 293 302 289 285 319
180 183 186 188 361 195 179 196 188 357 189 192 223 224 181 224 181 198 215 202 213 199 215 375 216 179 218 179 178 176
320 323 305 310 316 311 315 268 313 310 311 308 290 333 293 299 294 301 290 289 307 317 316 310 316 320 285 247 283 322
373 714 728 730 410 33 31 732 31 777 776 581 577 584 618 575 576 579 577 618 619 614 592 590 797 793 413 783 786 794
369 714 373 38 407 35 733 28 745 759 730 749 727 751 750 430 784 785 788 856 853 854 534 537 533 538 506 507 503 507
408 406 38 402 41 214 379 373 370 720 724 752 728 35 719 727 730 732 712 373 712 38 407 731 35 33 410 407 33 409
795 757 713 369 373 377 378 379 382 400 42 210 204 160 204 737 205 153 151 148 741 740 206 735 206 740 737 205 44 47
307 286 288 320 319 240 239 243 240 237 239 242 241 242 244 243 240 229 230 259 256 281 278 327 277 326 328 331 279 328
346 196 219 349 222 194 196 222 224 225 229 339 268 266 271 268 340 338 342 345 343 266 342 344 343 223 230 190 189 186
24 25 740 744 739 735 208 736 41 404 715 712 757 750 757 711 215 201 215 379 400 377 379 199 217 178 200 178 200 709
520 452 493 496 528 533 532 503 533 531 498 500 498 451 489 451 452 544 546 543 542 518 548 550 548 546 518 521 523 524
303 292 304 310 312 308 291 335 328 280 283 252 256 255 231 254 234 255 232 239 236 191 194 188 187 197 182 179 181 197
146 144 205 207 208 735 746 732 746 705 669 666 762 734 732 749 759 709 708 705 706 703 706 710 746 730 728 409 748 711
514 516 515 529 531 810 842 814 811 805 854 540 854 567 564 541 564 853 569 564 475 439 418 422 418 572 416 440 480 562
201 203 201 177 200 709 202 215 199 709 759 732 729 748 761 733 731 37 403 39 713 711 373 377 215 376 217 214 212 160
390 389 391 88 76 73 76 70 169 70 75 69 168 92 97 93 169 70 71 68 70 93 56 130 103 85 77 88 98 90
703 761 796 666 702 700 769 772 770 698 768 698 767 22 23 741 738 207 211 212 203 204 157 152 137 158 160 92 157 154
623 852 568 540 853 565 571 443 572 442 438 439 562 561 556 552 546 463 464 466 551 466 463 465 471 556 557 475 438 423
17 16 18 20 674 19 679 675 679 678 673 674 675 14 13 12 15 17 14 15 18 14 19 14 12 15 19 677 703 763
535 841 838 839 833 606 609 639 609 803 808 811 527 812 530 539 541 540 530 535 530 539 530 536 499 497 495 527 811 606
659 660 589 699 663 662 698 700 766 699 661 658 660 586 657 586 585 587 658 654 655 587 583 580 775 779 784 800 594 804
12 11 14 19 22 19 17 20 674 16 13 675 635 676 636 629 630 603 632 595 803 595 607 811 596 808 811 843 809 806
605 602 606 603 631 634 595 807 596 628 843 812 807 627 639 611 639 626 843 806 801 804 800 804 611 642 626 629 840 628
576 573 425 431 426 411 408 747 746 759 729 726 727 721 714 720 370 375 369 757 751 754 722 754 753 752 727 726 721 369
447 488 505 501 500 532 813 841 845 532 813 841 837 839 605 608 634 609 804 809 812 530 531 536 847 538 535 533 499 501
810 815 818 816 812 813 531 530 533 542 541 449 486 450 486 484 483 481 471 468 484 487 446 447 483 485 447 487 485 487
628 843 535 532 527 532 846 845 537 502 539 854 624 613 612 614 621 786 783 794 792 794 785 780 785 790 433 436 423 416
712 711 40 214 215 177 174 199 214 402 214 709 41 43 397 395 391 166 90 72 56 130 103 104 101 49 138 50 135 154
452 461 452 493 496 525 531 530 536 530 536 845 846 849 847 850 851 646 624 805 803 622 646 614 590 663 800 611 636 635
512 539 534 541 534 541 513 539 530 810 843 534 809 608 806 596 609 606 629 634 629 627 629 633 606 607 807 595 667 703
781 410 413 782 779 781 777 734 25 742 740 210 41 203 42 737 736 207 205 207 147 24 147 146 148 145 147 208 43 42
367 724 367 756 367 370 367 369 726 753 726 729 794 431 428 426 432 415 412 782 415 413 425 435 432 428 792 430 729 793
331 330 280 328 275 272 275 277 344 273 275 328 331 279 280 277 325 278 327 328 279 263 265 268 271 272 269 340 336 323
77 78 83 82 80 76 71 116 71 74 117 71 126 59 63 93 65 64 61 63 61 127 114 76 73 74 115 112 111 114
719 727 752 754 722 726 717 726 368 366 368 365 755 726 723 368 752 756 725 728 731 32 29 745 742 24 147 741 22 741
420 437 438 480 472 484 447 488 486 515 517 449 512 448 540 853 623 806 854 852 851 853 854 853 854 849 623 851 622 646
366 361 218 362 365 360 361 356 362 363 357 355 361 189 221 345 343 223 348 350 348 179 348 222 348 220 358 360 359 355
283 252 282 337 309 315 310 315 306 316 310 312 313 312 313 269 268 270 268 309 316 311 312 308 304 287 320 244 247 235
22 677 665 663 799 664 796 781 750 729 409 748 793 798 614 592 611 593 610 810 627 642 610 593 636 593 609 636 634 669
429 750 751 753 750 759 729 427 785 788 787 619 618 619 584 589 659 661 684 639 640 641 645 691 686 640 645 647 642 684
775 777 762 706 746 712 373 379 400 380 376 371 755 752 729 728 729 409 732 730 429 749 760 758 726 751 794 798 803 800
255 230 223 346 345 221 346 348 195 181 171 179 221 220 189 192 227 228 234 190 193 224 344 223 225 226 338 320 244 245
350 352 599 603 630 633 629 636 680 636 628 810 806 805 596 667 595 593 801 806 609 639 683 687 686 687 647 648 644 649
808 810 596 628 837 840 835 837 839 629 638 640 682 688 691 644 686 683 678 681 687 690 641 686 681 640 688 684 641 644
621 619 621 786 787 782 749 794 748 758 710 711 727 715 720 725 370 725 753 368 372 40 216 709 214 200 174 178 196 348
842 815 842 814 838 843 806 808 812 816 814 810 809 856 542 563 566 565 572 570 565 853 851 845 532 528 531 810 845 532
851 853 563 566 854 564 562 558 471 470 473 480 565 567 563 570 621 613 803 802 798 612 621 622 589 661 589 659 656 650
515 540 515 448 483 484 469 470 471 482 473 468 471 465 469 485 483 482 480 438 440 479 474 480 439 416 413 785 781 776
626 628 605 631 607 633 629 630 606 609 808 813 534 810 843 810 609 633 636 680 682 677 702 704 763 739 206 736 41 399
40 39 713 757 724 366 363 361 219 348 179 197 178 180 196 220 358 362 359 363 365 361 366 364 218 196 183 186 195 179
731 409 730 778 413 430 751 757 755 754 723 755 726 717 721 725 752 727 757 368 724 757 758 759 712 748 749 794 798 620
434 573 440 437 438 419 423 422 424 574 424 573 425 433 427 431 429 750 793 786 575 576 416 414 578 577 617 620 788 620
590 799 784 781 748 409 35 731 37 733 405 713 726 721 751 724 725 724 370 720 714 36 35 32 730 733 759 746 777 775
136 141 48 45 42 403 41 404 737 733 735 405 734 736 39 402 401 398 401 38 403 401 43 211 43 737 206 208 144 142
787 621 571 441 438 478 440 439 442 476 483 485 487 446 514 445 568 565 562 565 441 417 422 421 418 441 438 573 439 572
547 552 467 471 552 556 551 547 458 550 463 551 556 551 467 473 480 562 556 562 564 516 449 489 461 465 467 472 481 473
701 664 799 787 572 480 441 571 619 787 796 801 799 594 665 701 663 611 665 592 704 665 663 684 682 688 682 640 644 691
363 366 364 365 360 194 196 186 185 184 183 180 181 194 360 364 197 198 219 198 215 177 173 169 168 166 385 386 396 45
636 640 683 687 641 684 640 638 636 594 800 663 700 764 766 24 742 23 765 21 19 22 742 765 767 700 765 676 673 677
381 377 376 379 376 215 372 215 375 376 381 385 381 380 40 42 43 42 45 399 211 210 156 159 160 162 159 160 92 69
96 93 95 58 60 58 60 57 94 97 130 54 131 130 132 52 135 155 156 154 151 156 203 213 40 712 710 757 368 754
645 650 658 697 694 697 695 657 588 585 588 615 618 786 785 784 799 800 802 803 799 786 782 411 31 777 773 30 773 777
81 83 80 84 77 78 80 77 74 116 114 71 115 122 119 121 124 118 124 59 113 125 61 64 67 65 68 71 127 129
524 812 813 844 845 850 538 846 845 536 503 532 498 517 453 545 522 520 525 529 497 498 502 539 533 845 810 842 839 840
698 661 660 589 614 799 664 798 783 799 801 794 791 788 571 618 615 651 656 650 589 658 647 614 615 651 653 651 652 650
419 422 440 571 440 416 574 577 574 621 612 626 843 625 843 531 498 533 515 539 533 854 540 516 540 541 516 540 564 561
345 342 223 345 343 259 325 322 319 320 316 306 320 286 305 306 336 264 259 260 263 341 337 317 315 316 306 336 341 325
216 215 177 167 171 179 219 195 181 198 171 170 180 179 346 224 227 229 191 194 357 358 357 220 196 221 224 342 229 228
649 850 846 851 852 569 622 616 621 851 615 618 573 787 796 800 796 704 762 745 737 736 740 736 404 714 373 216 373 376
711 213 39 40 216 375 367 371 375 376 215 708 760 748 759 746 763 705 796 794 789 562 567 566 562 789 788 785 790 560
427 428 793 413 786 572 443 446 443 442 572 562 442 562 557 471 549 552 467 549 463 460 463 458 454 455 493 452 450 542
98 51 54 53 103 102 98 135 132 108 131 133 136 139 149 147 148 142 48 51 54 91 92 97 158 51 158 157 160 161
263 341 343 224 226 223 349 348 221 194 190 191 229 238 229 338 337 321 243 322 338 320 317 307 317 315 317 314 308 315
246 283 284 283 252 251 256 261 257 253 283 246 319 337 319 323 281 282 325 337 305 324 322 321 246 243 239 236 234 236
814 841 839 844 813 528 499 537 847 851 849 846 849 536 845 851 848 852 540 513 567 565 568 565 444 443 564 854 805 810
92 69 90 390 88 90 73 75 115 126 115 71 70 65 71 116 72 68 71 70 65 66 65 66 172 171 172 173 66 168
505 512 507 510 512 508 504 505 448 513 449 450 541 529 527 524 521 524 815 528 525 519 523 526 812 528 816 815 814 816
581 583 588 589 592 591 646 615 616 588 586 582 578 579 577 414 579 581 584 779 582 585 582 775 772 769 700 664 796 799
771 770 772 26 25 26 23 22 20 675 676 669 676 671 674 16 13 16 14 13 10 11 9 12 10 11 9 7 4 3
72 91 164 163 167 385 166 167 179 217 196 178 177 216 199 380 384 379 376 40 216 198 174 173 178 167 169 69 169 170
736 403 39 213 43 211 206 735 733 759 707 705 759 731 408 411 31 777 746 711 214 376 40 404 41 210 207 208 737 40
78 114 127 125 115 123 117 124 71 73 76 83 105 129 132 131 133 52 101 87 90 92 162 167 172 345 342 343 344 276
144 740 207 211 45 210 44 205 156 135 157 154 155 159 396 45 48 50 101 50 138 143 137 47 395 392 389 388 165 92
652 646 687 692 689 694 695 690 688 696 660 587 660 584 578 581 583 586 585 617 620 783 782 787 783 784 792 793 784 781
494 498 526 529 499 503 537 502 503 501 506 509 487 448 511 448 485 487 450 542 856 564 516 542 533 499 529 499 496 500
854 849 855 530 539 846 848 845 850 846 537 532 528 534 850 846 535 539 541 568 513 568 514 564 789 561 481 444 443 569
849 537 538 848 539 536 845 810 811 843 810 811 809 812 806 855 624 850 534 847 852 624 645 624 622 566 569 851 569 564
84 78 114 58 126 58 112 111 110 127 61 58 129 111 114 72 58 56 95 54 57 94 57 68 92 95 68 66 168 166
122 125 116 115 118 124 127 60 63 67 64 62 59 125 68 60 126 60 63 68 92 98 102 105 109 111 57 130 97 96
187 195 365 372 366 369 712 732 745 732 35 719 727 722 751 728 752 726 748 746 738 734 739 736 735 745 732 778 580 778
404 401 381 382 376 401 376 374 376 401 399 397 391 398 384 385 381 400 384 380 214 177 175 177 179 180 183 185 182 196
553 548 547 552 549 545 547 459 520 547 520 454 492 518 451 491 489 461 489 491 492 494 495 453 523 519 545 548 518 547
782 798 619 618 614 613 645 642 626 639 610 803 595 593 704 702 703 764 663 799 665 701 764 767 23 766 743 766 698 769
76 77 78 75 72 67 72 71 93 96 56 96 57 128 129 54 55 98 89 97 89 87 393 389 391 166 390 163 158 53
243 319 306 310 304 303 290 286 319 339 340 265 226 225 227 341 273 274 272 271 269 265 276 263 345 344 227 233 230 236
310 306 318 319 338 325 328 330 329 331 328 275 265 345 264 336 326 329 278 328 275 341 340 264 224 344 264 336 340 268
329 327 332 327 264 261 328 335 280 278 262 349 220 350 219 198 173 164 159 396 397 395 396 391 396 386 399 42 209 740
430 428 425 437 439 438 419 423 573 572 416 413 412 414 785 798 787 791 562 439 574 439 442 476 474 482 446 484 487 449
351 352 358 189 364 188 192 188 185 183 182 197 364 358 361 220 353 193 194 190 223 220 219 221 188 193 348 220 219 348
589 622 619 615 617 585 582 580 584 660 769 661 700 769 698 588 697 659 658 656 616 613 647 641 687 646 611 610 807 803
774 28 733 735 405 734 736 207 735 736 407 747 760 749 795 793 791 787 796 759 750 757 712 748 410 732 734 405 735 405
847 536 532 529 515 539 515 489 451 492 455 452 464 462 465 471 468 465 463 459 453 455 460 463 467 471 469 484 468 466
73 75 70 73 91 158 90 394 392 393 101 50 101 393 86 101 52 98 161 93 165 391 88 394 47 395 48 140 150 148
469 484 468 470 472 471 474 473 471 472 469 471 466 472 473 482 471 558 474 481 482 475 470 475 479 480 445 443 439 480
665 800 797 802 788 787 797 799 592 804 806 811 812 530 854 539 533 534 847 534 531 843 840 836 839 629 839 836 838 814
507 506 509 506 508 511 446 445 484 486 465 471 477 435 477 435 558 554 560 475 470 476 479 482 479 418 424 575 619 590
181 179 172 167 388 392 391 392 386 400 42 399 380 215 709 759 756 724 725 717 725 752 748 728 430 791 794 791 433 558
571 788 798 796 704 664 661 698 661 663 611 804 667 634 669 705 702 664 797 801 592 797 795 793 413 410 728 719 726 757
124 122 114 74 115 122 125 68 69 165 388 167 170 168 173 172 346 221 192 232 230 233 229 226 341 268 267 266 343 224
164 202 164 92 96 56 72 75 80 78 84 86 87 101 100 395 394 392 385 163 396 47 50 47 48 46 45 43 402 405
237 241 319 286 285 304 301 290 305 286 338 324 289 306 324 287 308 290 292 291 300 294 295 297 295 300 292 294 293 294
438 437 440 417 574 785 575 580 618 621 617 654 616 588 656 617 584 578 575 576 573 418 422 421 418 478 439 573 437 418
794 781 786 797 787 799 804 807 607 609 610 639 684 640 690 693 695 698 767 662 661 658 660 658 656 654 658 698 697 696
143 140 46 45 44 209 42 401 43 208 739 745 733 759 733 35 727 36 34 406 38 373 215 711 757 712 748 733 736 406
595 627 842 839 842 810 608 597 595 596 667 669 672 675 672 670 703 593 594 665 591 665 667 804 808 811 606 632 599 603
579 580 578 580 576 618 576 574 785 575 576 579 576 580 577 578 414 579 575 577 617 616 620 786 413 426 411 778 580 775
8 11 14 678 19 15 14 12 14 19 674 16 674 676 674 677 683 637 641 643 649 653 649 645 647 687 645 643 624 593
389 166 391 390 166 167 388 384 387 390 162 167 168 172 169 173 168 177 171 168 69 67 73 169 170 172 66 173 168 164
372 365 360 354 352 353 360 365 360 358 362 360 357 353 220 348 195 222 196 186 189 360 190 233 236 191 236 230 229 240
819 818 821 820 817 814 841 844 841 837 842 813 527 810 808 811 807 808 806 610 608 607 628 638 636 628 595 808 594 802
820 817 524 523 527 528 525 517 516 449 450 452 492 490 489 490 492 496 525 498 533 527 530 528 813 532 502 507 510 507
439 443 446 444 446 512 445 443 480 479 565 481 565 441 444 479 474 479 442 566 621 574 571 572 788 571 573 434 433 432
786 783 796 799 624 850 624 611 623 614 646 625 850 851 849 540 564 565 566 856 562 573 788 798 781 750 431 750 793 750
602 631 633 597 595 808 804 809 854 530 540 513 539 512 446 445 480 479 444 442 417 434 558 434 559 564 559 553 550 462
474 479 441 444 475 444 565 479 561 559 556 560 544 518 517 541 854 533 535 539 512 487 486 487 489 516 450 541 568 513
193 195 186 181 179 180 173 167 383 381 378 383 388 392 385 166 170 178 168 178 200 215 372 713 720 718 715 716 720 726
600 601 350 220 223 224 230 255 231 237 236 231 258 351 349 352 351 354 352 357 355 359 353 361 357 361 218 361 194 360
265 274 271 119 121 116 114 58 126 57 130 129 131 134 102 101 49 136 140 205 156 153 135 136 140 141 139 143 147 208
513 509 513 447 510 506 508 510 507 510 506 513 514 446 444 480 562 566 572 791 427 729 730 728 730 429 792 749 429 730
650 654 656 653 654 651 655 616 620 573 788 573 571 573 416 440 478 479 444 565 475 444 513 512 540 512 513 510 509 511
437 434 559 555 559 434 790 572 562 573 791 562 556 471 549 557 470 467 557 474 470 473 482 444 482 446 445 568 563 788
707 708 707 709 711 727 715 720 716 37 727 726 717 726 712 36 406 734 408 732 712 402 401 376 215 213 737 39 711 41
111 126 111 129 57 129 109 128 59 57 55 98 135 153 152 139 142 140 153 154 157 92 56 93 161 96 158 52 135 159
527 495 527 526 812 808 595 803 801 796 787 782 579 575 413 782 798 788 621 787 856 853 540 515 449 514 564 516 489 452
798 620 783 800 666 667 707 710 39 713 36 715 406 38 405 406 36 712 713 373 712 369 757 713 38 403 39 737 744 740
449 502 536 533 536 849 623 611 609 626 593 594 802 856 789 572 480 445 446 484 486 465 468 471 482 447 487 448 450 517
279 0 3 5 2 4 7 5 7 8 5 2 0 2 5 8 7 8 7 4 7 10 11 8 6 9 8 5 4 6
730 759 712 369 727 714 728 719 37 402 38 716 718 716 717 713 36 712 403 211 43 45 395 396 44 42 210 44 42 44
89 87 390 163 396 46 397 45 43 210 43 211 203 43 209 211 207 209 145 143 139 144 149 150 149 151 142 147 146 141
402 38 41 213 709 706 710 707 758 761 702 677 681 684 642 625 643 687 642 683 682 688 696 686 688 693 694 695 686 639
241 238 242 243 240 243 245 248 252 283 285 286 325 337 281 323 289 286 289 283 284 321 306 288 285 283 253 256 231 192
597 606 632 634 629 630 632 630 604 632 605 629 636 680 678 676 678 766 765 21 765 744 703 677 675 19 675 14 19 18
256 258 191 194 196 194 221 179 200 199 380 382 379 380 375 374 379 198 199 709 758 726 722 726 712 402 401 38 37 34
462 463 551 463 469 485 488 486 483 485 487 509 513 448 487 488 508 511 512 540 514 513 446 514 450 486 465 462 463 467
481 478 477 476 442 440 573 618 580 775 772 29 774 32 407 33 30 774 772 769 772 25 745 734 207 211 736 407 747 760
773 28 745 761 733 407 714 717 370 367 363 366 368 724 367 369 726 751 729 428 792 430 749 730 782 580 782 779 777 779
99 100 50 51 159 156 161 159 46 395 391 165 90 96 90 92 68 72 58 94 68 91 162 164 91 168 171 346 221 345
726 719 722 723 755 753 757 748 793 432 433 432 429 432 792 428 429 727 409 730 429 431 428 751 729 410 747 796 787 619
277 259 230 234 228 226 339 266 265 276 344 225 343 266 336 309 308 313 312 307 316 310 308 313 312 311 313 269 266 272
643 624 853 569 571 619 621 623 613 622 615 590 619 622 591 802 805 802 799 612 623 591 614 591 664 592 798 787 782 798
53 132 134 52 50 139 142 152 154 135 138 136 152 135 157 155 151 154 53 133 98 91 165 92 69 73 114 113 116 113
737 734 737 42 40 211 42 400 378 376 374 378 400 385 397 45 209 44 204 203 157 153 159 98 90 99 134 54 95 58
616 619 614 613 642 612 589 657 695 687 646 649 652 649 623 851 624 649 648 657 658 650 616 588 662 664 593 591 624 849
333 293 308 286 338 226 229 237 242 245 322 317 287 289 320 286 290 286 306 289 320 306 317 340 265 266 268 271 267 271
613 624 807 625 624 610 608 804 612 594 592 624 610 612 594 803 595 634 672 634 595 666 705 759 761 708 215 202 163 388
608 632 633 597 596 811 805 624 593 611 609 637 679 640 681 766 699 661 697 769 767 766 700 662 665 662 698 697 660 589
606 608 596 808 802 591 588 616 653 656 616 622 614 589 619 584 583 581 582 584 585 580 578 575 620 615 588 650 613 591
845 848 535 534 813 839 628 610 807 627 608 631 634 635 638 609 636 627 840 627 608 596 810 626 628 842 839 844 534 848
172 170 171 166 170 173 66 172 173 200 199 216 215 212 211 736 206 144 146 147 143 144 740 146 740 151 139 136 154 160
678 682 680 686 691 648 650 657 655 648 647 649 615 589 650 655 651 657 695 693 690 691 687 642 627 807 610 809 808 609
561 480 478 438 420 423 436 434 437 478 437 434 437 478 481 444 443 439 442 417 478 480 439 572 434 558 789 562 442 475
190 194 221 348 193 224 342 230 255 250 251 246 252 249 253 247 252 246 284 282 337 285 306 311 309 314 307 310 316 311
284 246 285 337 282 322 320 288 290 302 293 290 306 319 337 321 324 285 288 323 325 341 342 344 223 190 187 189 222 224
705 707 760 707 706 746 744 25 734 777 778 31 30 774 410 411 730 777 781 732 35 405 735 29 407 735 208 143 144 139
763 664 700 698 685 643 649 645 649 614 622 619 574 576 574 620 614 588 614 616 621 620 788 787 791 793 730 782 784 749
69 165 391 387 389 390 394 163 394 393 389 388 166 390 88 98 88 86 80 79 82 80 76 81 84 81 84 79 78 115
674 675 677 680 637 636 637 629 606 597 595 628 807 625 612 800 799 592 800 665 803 611 623 591 624 591 588 584 581 577
135 156 159 135 139 50 134 155 137 143 146 149 147 740 741 25 24 742 22 21 674 672 674 673 670 667 595 611 802 806
378 373 376 40 372 711 214 200 176 174 172 348 196 221 347 344 266 275 341 275 278 336 276 334 330 331 329 279 328 327
797 796 802 805 810 839 833 832 829 828 825 823 825 822 824 821 818 817 816 814 812 843 531 532 537 506 513 509 512 539
91 93 169 70 69 168 66 69 63 69 74 71 74 69 74 115 113 58 126 58 63 66 67 68 69 91 98 99 90 393
516 541 543 518 464 518 526 521 518 459 463 459 457 459 458 547 458 463 550 467 473 477 436 435 432 790 563 565 571 442
176 199 180 178 218 221 194 360 358 356 360 194 361 353 357 352 599 600 598 597 608 605 834 604 607 627 611 626 639 640
785 783 784 794 785 749 759 756 757 754 755 726 368 373 369 724 755 366 372 368 752 728 757 751 428 430 749 794 789 787
26 24 147 150 146 208 739 740 744 765 703 706 747 748 706 748 711 712 759 731 406 408 407 409 410 748 747 749 781 786
840 834 838 835 837 835 840 626 594 807 610 592 612 594 612 615 622 615 613 591 800 799 612 621 572 416 574 618 575 573
239 237 231 251 247 246 251 235 229 228 340 228 340 269 313 310 312 313 307 308 291 335 325 259 255 249 250 252 255 253
830 829 832 835 833 839 629 597 807 611 804 808 609 607 608 628 841 838 814 815 842 839 835 837 842 536 845 624 802 797
119 117 122 123 117 120 117 116 124 115 78 72 77 72 116 121 120 121 122 120 123 115 125 112 128 112 129 130 111 56
189 354 359 358 360 195 186 188 187 193 187 360 357 363 357 358 362 359 355 357 354 353 351 352 350 348 179 178 164 92
511 514 517 541 568 539 846 531 814 813 811 596 634 608 808 855 534 846 848 849 536 502 500 504 499 497 496 492 493 452
16 19 679 680 638 641 687 681 765 767 764 22 764 776 780 779 774 29 26 742 765 21 22 767 768 699 661 663 684 699
477 434 423 418 573 618 575 576 573 570 853 802 796 748 746 710 759 705 666 668 594 609 634 609 803 801 666 702 665 677
757 729 793 429 751 754 753 726 370 715 405 735 407 404 712 714 725 718 720 718 719 716 37 407 736 208 143 151 156 135
54 131 53 132 107 106 103 100 102 51 155 161 91 96 53 98 102 106 131 108 130 129 127 61 68 62 61 58 61 58
286 306 337 339 229 238 232 236 235 234 229 238 243 319 245 244 242 240 238 237 241 244 247 321 324 334 327 279 256 325
376 373 39 214 177 176 201 175 172 180 182 197 195 365 361 359 356 354 357 353 350 351 349 192 349 219 197 179 346 349
653 654 650 657 656 651 653 651 654 658 587 657 651 657 659 661 658 655 657 697 699 696 687 691 686 685 697 699 660 699
294 296 298 299 300 299 301 292 294 298 296 299 296 299 298 293 302 301 295 292 300 291 302 291 333 329 277 325 282 283
531 537 849 533 539 513 447 482 480 572 566 853 806 593 800 665 800 799 797 801 795 784 782 580 581 584 581 776 762 759
188 191 192 194 222 193 357 358 354 356 190 193 349 351 600 598 632 631 628 609 639 637 679 675 673 669 670 671 672 676
563 567 571 566 856 855 807 810 596 608 594 626 844 845 844 625 609 597 807 607 630 628 606 605 606 607 609 593 801 806
380 382 378 376 214 199 379 373 375 374 370 374 369 367 756 372 755 370 368 365 362 755 754 756 712 37 35 728 752 430
132 133 98 135 98 159 90 162 160 157 154 140 153 157 163 202 161 159 204 202 159 210 42 402 404 40 737 733 748 793
385 384 380 385 380 40 214 379 378 374 377 40 710 708 669 672 668 705 760 711 708 759 762 759 756 725 723 369 375 373
634 597 602 606 632 597 807 802 594 636 642 639 681 676 636 594 597 629 636 608 843 810 530 527 533 499 497 496 498 526
70 73 116 122 117 116 121 122 121 122 120 119 272 265 267 268 265 276 273 120 273 276 325 327 260 256 258 230 227 342
273 266 270 267 266 339 324 287 285 287 337 339 336 276 325 336 324 327 277 261 263 277 261 280 279 259 263 278 277 276
364 367 754 757 751 794 785 798 622 623 621 618 615 616 651 615 621 614 619 590 664 798 664 594 803 807 843 807 626 608
523 526 518 464 466 463 546 518 546 549 548 546 454 545 518 451 490 488 451 450 451 492 454 457 460 491 460 457 456 490
500 497 495 524 812 524 523 494 497 495 526 518 454 455 453 452 544 549 467 472 466 549 459 520 519 547 552 466 552 471
660 698 766 663 661 698 695 658 587 661 696 658 654 657 648 649 652 649 624 592 797 802 612 853 622 853 570 571 569 572
43 403 42 402 43 397 391 88 390 166 385 400 378 376 377 401 38 407 34 30 33 30 27 734 27 25 773 26 23 742
10 8 5 6 8 633 607 606 597 633 635 678 765 677 702 699 767 701 664 611 800 798 620 574 439 443 479 442 444 482
562 558 435 555 553 548 551 549 518 454 451 490 452 449 509 447 511 513 443 439 561 567 540 849 846 847 537 538 540 513
301 294 299 298 299 296 294 291 308 309 310 304 308 287 286 304 303 287 306 305 309 310 304 292 293 333 330 280 282 323
839 841 813 534 849 854 534 852 856 788 559 789 564 565 439 571 574 577 618 574 576 574 572 434 417 423 421 423 421 419
232 228 234 191 353 220 219 349 347 220 194 190 194 361 362 366 362 361 353 361 363 361 187 196 194 193 353 350 351 258
240 242 240 242 237 242 239 237 233 235 229 230 191 354 360 355 358 220 348 193 223 189 186 185 183 182 180 196 346 173
260 327 262 276 279 263 342 229 338 264 275 119 273 266 276 278 261 278 275 328 327 334 329 278 328 327 261 257 280 324
490 488 449 485 482 476 472 474 475 557 475 480 441 574 576 579 577 415 426 432 793 428 412 428 431 751 722 751 794 785
844 843 813 814 811 628 631 598 607 606 836 837 841 839 814 815 811 815 817 495 817 818 821 819 821 818 820 817 524 494
258 230 235 234 235 237 230 192 222 350 601 600 598 596 803 591 664 780 783 787 572 441 443 572 565 441 444 446 513 509
314 312 308 316 307 288 303 302 304 308 306 307 312 307 289 282 284 289 290 307 315 316 313 316 318 306 286 284 246 247
295 296 297 299 293 294 299 296 294 293 294 291 301 299 292 299 293 303 302 289 303 306 324 340 227 264 262 222 230 225
335 334 328 263 344 225 344 277 280 326 325 280 328 329 330 280 329 0 278 259 262 347 262 261 263 341 225 344 266 344
361 194 219 361 220 193 191 234 251 249 252 254 231 230 342 275 342 224 345 347 224 193 192 225 228 234 193 349 348 194
598 606 834 835 838 837 835 836 840 842 844 536 531 845 847 537 531 536 533 538 854 569 443 568 564 558 556 562 442 570
749 757 758 706 795 801 805 854 564 566 854 853 567 569 442 479 572 478 437 419 422 438 573 415 785 792 789 790 785 412
357 195 218 177 178 200 201 198 177 202 160 165 170 179 217 376 373 40 404 401 404 714 715 404 42 214 212 41 215 709
484 481 472 477 479 419 478 572 418 437 573 438 440 417 434 790 560 789 566 443 481 476 438 416 437 423 416 418 416 574
550 467 470 472 468 469 467 465 461 491 454 457 456 464 468 469 463 460 463 465 470 474 482 484 483 485 486 482 481 444
234 257 258 351 599 597 594 595 594 808 855 624 649 650 647 641 647 656 654 616 654 615 652 650 588 650 646 651 650 644
356 353 358 354 353 193 224 230 191 255 257 281 253 248 245 322 325 283 281 337 305 291 305 317 305 317 305 336 309 316
433 431 426 416 424 421 424 573 785 575 413 580 583 585 588 591 624 623 806 608 605 604 630 836 606 602 600 603 602 597
826 829 832 833 605 606 836 834 604 605 814 839 814 816 528 523 527 533 531 525 453 455 459 520 454 545 549 553 548 519
19 16 675 672 671 670 705 760 796 749 796 780 779 776 770 768 23 741 26 23 26 27 29 407 409 34 36 719 722 720
609 593 666 669 707 709 711 39 401 377 216 178 198 219 221 223 342 229 234 192 229 191 258 257 253 251 234 259 254 255
762 704 666 799 805 802 787 784 792 793 428 431 429 411 410 732 32 731 410 748 760 796 762 761 734 29 732 748 409 731
297 300 291 290 306 319 338 226 341 274 276 265 264 345 346 344 276 334 291 302 294 300 296 299 298 295 300 301 302 303
723 754 755 726 713 405 404 40 42 380 398 43 203 202 160 164 390 166 90 164 169 69 65 64 65 67 69 73 75 71
340 338 342 225 344 347 346 345 224 264 225 222 230 226 223 194 348 179 200 201 204 209 207 741 22 743 763 703 670 673
130 111 112 113 58 113 126 57 96 132 130 103 98 96 95 129 109 128 54 89 73 89 162 156 203 204 157 160 204 160
641 646 647 653 654 615 649 652 655 654 615 654 616 655 654 655 651 647 691 688 692 696 659 660 663 590 660 583 779 582
529 534 849 623 649 647 613 592 704 663 764 664 799 804 595 666 803 595 597 634 669 705 758 710 758 795 758 710 40 212
582 581 774 28 26 28 772 777 746 711 756 757 754 752 429 752 729 727 721 720 722 723 754 751 726 717 716 720 370 714
170 165 166 167 169 167 171 172 168 176 202 204 44 398 386 390 395 45 48 49 50 102 101 100 394 89 73 75 116 117
473 476 475 557 558 561 476 477 479 477 558 474 470 474 479 572 440 442 481 443 446 445 568 571 440 571 618 574 619 620
235 252 253 283 252 249 251 247 255 259 256 254 251 255 254 256 260 257 261 258 231 191 235 191 234 228 230 224 223 191
518 543 530 498 453 519 452 519 452 546 452 544 521 525 530 538 849 852 540 516 564 567 854 540 852 624 613 642 637 636
732 781 410 747 748 746 745 747 760 745 28 774 27 29 773 29 733 734 773 770 771 775 780 747 730 759 757 760 757 758
828 829 826 828 829 830 831 829 832 831 834 839 836 837 834 837 838 836 837 842 535 847 844 810 535 531 537 538 535 537
37 727 37 407 712 756 726 368 371 366 371 756 726 729 795 792 430 795 730 412 413 575 579 415 577 575 417 573 417 415
185 183 180 198 179 174 348 351 258 254 249 255 259 230 227 230 236 231 233 232 235 237 232 236 237 230 236 191 192 189
624 849 850 538 852 622 621 570 564 516 543 451 518 547 546 464 549 470 553 556 554 559 434 433 791 790 787 784 794 787
247 321 318 317 314 308 291 332 331 333 336 338 281 282 285 283 325 341 228 230 223 346 173 199 380 199 218 177 174 168
63 65 168 65 92 96 93 72 127 114 113 116 73 90 158 51 158 91 166 388 390 392 394 90 394 397 391 166 165 160
38 714 373 378 383 388 166 90 91 97 129 97 72 91 165 161 98 92 91 98 159 161 157 160 201 164 165 166 161 91
203 204 44 46 209 42 404 402 400 44 205 204 205 140 145 141 46 141 205 156 162 91 54 130 132 107 110 130 108 130
309 340 268 341 228 337 317 306 287 322 325 256 281 260 255 247 323 287 305 303 288 323 289 284 322 288 320 246 244 241
728 748 758 709 202 214 402 405 36 404 36 714 728 721 714 373 39 405 714 37 711 214 212 214 402 401 398 210 45 396
644 684 686 683 686 684 640 645 691 686 641 647 614 621 612 664 594 595 608 810 627 636 679 681 686 687 686 691 689 686
112 58 114 116 122 117 122 123 124 116 119 123 71 123 119 271 269 313 312 308 304 286 317 337 320 306 320 318 339 319
184 183 180 196 223 196 219 197 365 372 377 371 370 371 377 371 366 724 756 727 725 755 369 757 729 752 722 727 759 752
681 679 680 665 702 663 764 745 25 28 26 743 27 734 733 761 760 732 29 31 778 32 774 780 775 772 743 739 204 209
632 599 602 600 599 598 811 813 841 838 814 838 839 841 838 814 531 499 498 533 539 536 529 498 499 528 498 503 505 515
697 661 767 765 742 744 743 23 22 19 679 637 634 631 607 605 606 839 810 806 812 816 818 819 818 815 524 522 523 527
544 545 518 545 517 498 533 528 526 519 524 529 517 544 548 544 541 564 540 568 852 853 856 802 801 784 778 32 30 27
113 59 124 123 117 115 75 115 74 116 124 71 117 116 114 111 58 68 67 116 114 58 111 114 125 72 125 75 69 90
126 58 95 68 66 94 58 95 92 90 96 95 93 165 89 390 99 393 395 100 394 49 394 395 48 51 135 138 50 139
565 566 571 572 787 799 798 592 613 800 591 646 625 845 854 569 570 480 476 472 467 461 466 462 468 470 465 464 470 466
186 189 364 189 190 191 354 358 353 220 196 198 219 198 177 168 66 168 161 160 162 99 100 393 90 91 96 92 165 169
832 830 831 829 828 826 828 830 827 825 826 825 827 825 826 827 830 827 825 826 825 828 829 826 829 826 828 826 824 827
198 182 184 185 183 181 196 183 182 198 177 215 377 401 43 403 211 45 209 206 207 741 744 765 743 24 765 20 22 743
525 494 497 493 492 493 452 450 491 454 547 549 547 552 553 467 557 471 477 473 554 553 552 551 547 550 462 463 469 467
168 176 173 167 163 159 154 158 154 152 150 151 144 148 150 142 147 151 149 146 149 144 147 24 742 743 702 780 777 733
388 392 391 395 47 394 47 50 138 140 154 157 154 157 158 157 159 204 41 210 41 736 208 147 149 145 144 141 144 149
254 235 231 192 224 222 220 353 361 194 189 193 221 218 178 200 199 173 164 167 178 167 169 170 178 171 167 385 382 378
296 294 296 299 300 293 296 294 295 294 302 301 299 294 292 291 304 290 292 303 309 313 316 314 309 268 273 265 340 324
137 152 154 159 163 162 391 162 164 391 88 89 101 103 100 99 84 81 82 76 78 77 73 78 76 78 84 102 51 134
413 410 774 27 773 27 25 743 762 765 681 683 640 690 693 695 689 683 688 640 679 639 611 627 639 626 594 592 798 803
229 234 251 250 252 282 326 278 276 279 262 349 220 358 356 358 360 357 358 352 357 362 366 756 371 373 215 710 213 211
783 797 787 794 787 796 705 706 707 667 704 594 664 803 610 636 608 631 605 833 832 833 606 633 632 602 605 632 606 834
822 819 817 528 533 527 533 531 844 813 811 808 594 635 630 633 606 628 811 597 595 627 839 813 844 536 530 810 807 803
82 104 82 80 76 83 79 83 85 81 79 76 80 76 71 58 112 128 129 97 52 51 54 133 130 103 82 85 77 72
231 259 277 259 260 261 277 325 326 331 329 331 329 332 291 292 302 304 303 287 290 285 306 320 305 289 285 288 289 302
766 681 685 683 643 641 637 638 626 806 612 642 647 644 642 637 630 636 635 634 635 638 641 643 613 619 575 578 584 577
222 344 346 179 216 40 403 401 402 380 381 399 211 41 42 40 38 714 407 409 733 745 762 760 750 727 757 753 721 720
551 546 547 548 547 521 523 494 525 497 495 493 454 546 520 454 458 547 550 466 468 549 556 549 465 469 465 486 447 512
191 192 234 190 354 189 233 237 230 224 181 195 361 356 189 359 364 197 199 215 377 371 375 367 363 367 375 371 372 374
793 729 721 369 752 753 725 713 716 35 716 718 725 718 721 429 792 786 784 793 798 784 750 753 757 713 727 721 722 728
761 707 760 707 667 634 669 634 667 800 610 800 663 591 803 806 805 856 565 563 558 790 431 750 792 749 430 795 784 794
57 61 57 129 131 108 105 104 107 105 130 132 52 99 134 50 139 144 145 139 137 138 50 49 138 139 137 134 132 55
336 334 333 332 334 332 334 291 333 329 327 324 306 303 308 312 307 288 290 308 309 310 316 307 306 308 304 307 314 310
149 150 153 156 160 158 90 98 131 55 109 105 82 83 105 106 130 97 98 54 57 128 95 94 57 61 63 71 70 71
214 203 213 215 201 202 213 40 211 40 214 39 711 756 370 371 756 759 757 368 366 361 187 186 181 172 177 173 172 171
655 651 649 653 647 645 640 688 684 639 644 640 637 683 678 674 19 22 701 768 771 767 24 26 772 773 776 779 780 775
472 468 463 460 465 469 467 557 556 562 789 558 471 553 549 546 453 452 464 489 465 462 466 468 470 549 468 466 551 547
654 658 590 588 590 664 592 800 593 704 703 701 681 20 677 676 636 611 613 803 625 612 613 615 618 574 441 443 444 479
463 465 462 463 460 463 552 470 552 557 560 559 558 433 790 559 560 544 520 521 546 544 546 549 548 557 558 790 787 794
414 425 414 576 413 411 409 727 721 752 795 747 748 796 759 731 727 715 713 373 402 712 36 713 727 409 34 30 33 408
546 551 550 460 458 456 491 450 518 450 453 459 491 452 453 451 493 491 489 461 459 461 491 490 488 486 516 544 517 519
248 252 256 257 260 263 278 263 344 226 228 229 339 317 315 340 337 323 286 335 332 328 280 282 324 321 285 324 284 246
852 854 622 803 593 626 628 610 805 803 594 664 663 661 701 703 800 796 760 748 730 777 745 742 740 25 27 774 27 25
49 50 100 102 131 132 131 134 53 131 107 129 112 58 57 130 131 105 82 85 81 82 83 79 76 87 101 51 135 155
693 690 691 690 640 690 691 647 650 655 652 653 615 652 646 625 803 665 662 700 590 589 617 590 799 786 794 798 796 787
109 106 130 128 130 97 93 65 71 126 113 128 127 128 59 128 112 129 55 131 98 394 396 398 163 160 163 202 177 202
178 171 179 196 186 194 195 198 171 199 179 173 178 173 175 172 345 264 265 274 341 325 324 323 335 327 276 343 229 233
167 383 386 392 397 399 41 38 401 42 737 41 42 209 43 213 737 211 212 399 44 398 212 205 738 743 773 28 743 767
115 114 125 122 118 122 123 114 113 126 58 56 128 109 128 130 109 111 113 112 115 125 115 71 115 125 115 78 82 81
15 16 17 20 677 681 680 701 681 677 676 678 766 767 764 700 699 660 584 586 587 657 659 587 616 651 653 650 658 655
704 663 592 801 806 612 590 783 787 782 777 410 777 779 778 775 770 766 677 674 673 669 670 671 673 669 707 758 709 759
756 373 402 401 40 380 401 404 402 39 37 35 714 36 34 32 35 407 735 738 733 37 402 373 368 724 366 724 753 726
717 713 404 39 41 737 206 204 201 215 202 177 176 200 709 708 707 704 764 664 593 800 783 620 570 567 443 446 512 449
394 88 101 50 99 53 102 83 81 83 76 85 88 73 74 77 84 87 83 105 110 107 133 54 95 92 98 91 90 161
32 33 408 733 406 733 777 775 772 775 774 777 734 407 733 712 369 375 374 369 752 756 711 756 753 368 752 721 724 755
823 824 822 820 818 820 822 823 821 822 825 827 830 832 835 836 839 834 837 842 837 841 535 849 855 802 796 750 795 781
227 338 342 275 327 336 334 336 334 291 334 329 328 280 325 323 282 337 282 289 306 320 318 315 313 311 307 290 303 290
317 337 319 318 319 320 339 318 322 228 230 192 193 221 345 221 347 345 346 171 173 168 171 166 170 179 346 224 223 196
813 529 524 529 533 540 564 445 483 482 471 467 462 467 552 557 475 471 466 465 464 546 463 469 465 460 457 460 461 456
206 740 150 142 144 139 152 143 137 155 152 151 140 210 41 44 397 394 101 98 55 57 60 62 59 61 94 95 58 63
382 383 167 172 346 344 223 188 196 186 187 186 181 345 343 229 338 319 318 241 237 240 229 231 191 354 190 189 364 359
141 152 156 160 201 167 163 388 383 382 384 379 376 40 737 736 735 744 23 24 22 765 762 734 762 777 744 742 738 733
221 224 345 342 263 277 261 258 261 327 281 256 254 250 252 235 247 283 324 305 337 317 310 305 285 322 252 256 255 281
223 344 347 346 223 344 262 259 258 252 249 247 321 322 247 243 247 246 322 228 342 265 343 342 345 223 342 227 228 226
806 854 806 609 806 856 562 564 562 561 474 475 562 565 439 571 572 574 788 620 574 575 417 419 442 562 566 443 566 856
745 747 759 795 749 793 430 792 794 749 780 664 592 801 664 703 667 670 674 670 671 669 705 758 756 727 713 402 212 402
244 242 239 242 238 243 246 319 323 319 244 240 232 239 237 234 235 230 190 222 344 266 338 264 267 268 339 340 341 338
669 676 669 673 677 678 681 687 682 686 689 644 647 658 654 617 618 575 414 782 413 410 781 750 431 433 437 417 425 415
684 680 701 703 665 762 747 410 30 773 744 737 210 45 211 210 141 208 206 208 43 44 212 398 212 202 177 178 174 168
101 52 132 133 131 130 109 110 112 113 75 76 72 67 65 61 57 56 132 135 52 89 162 98 91 165 69 92 162 159
593 624 591 665 593 609 806 807 609 810 842 536 842 836 629 840 629 608 606 598 608 806 843 813 841 814 816 819 817 819
153 150 143 152 151 147 148 145 209 145 144 142 140 142 145 147 24 766 767 771 775 780 779 782 781 412 414 782 797 787
412 32 409 727 749 731 781 798 799 619 787 786 793 795 796 706 796 749 785 414 424 573 434 791 792 428 751 726 713 36
134 51 52 98 90 53 154 159 162 91 158 136 139 149 142 152 149 151 739 207 145 208 43 45 46 45 47 44 210 207
807 597 633 597 599 352 600 352 353 356 190 230 191 234 232 227 339 266 343 346 171 172 181 183 180 199 709 199 198 171
289 304 289 291 292 333 335 325 279 327 280 256 254 259 254 257 256 251 234 230 225 344 262 348 195 221 195 221 347 172
105 108 109 131 54 133 107 129 97 91 90 72 93 70 65 92 91 92 68 94 63 64 2 5 8 6 5 7 6 3
125 124 115 118 120 118 122 121 117 116 119 275 328 276 341 276 274 341 275 265 273 274 271 120 117 124 114 112 111 58
838 839 844 850 848 539 567 564 514 445 512 540 542 529 543 526 521 525 517 515 542 854 851 847 537 540 537 538 536 533
157 203 159 46 44 210 205 740 205 44 43 44 43 212 160 155 158 163 165 164 178 217 216 40 39 402 213 709 213 41
104 107 105 107 105 108 107 130 57 68 73 169 165 390 99 390 395 390 396 162 393 88 393 100 103 130 106 103 104 106
383 382 378 383 379 382 384 400 379 375 371 369 755 724 754 756 373 371 369 366 363 357 358 353 355 352 353 220 361 218
510 507 505 506 501 490 449 517 451 498 495 817 818 820 821 820 819 820 817 527 530 855 804 855 854 851 849 851 569 852
458 463 461 465 464 468 482 483 476 471 474 554 552 463 465 469 470 476 471 481 482 448 483 486 482 468 484 445 483 484
611 646 623 614 799 620 621 618 574 441 573 418 572 417 418 440 419 421 436 434 437 435 477 436 478 434 478 472 478 442
272 265 340 264 265 343 264 226 339 340 266 268 309 286 305 303 289 288 307 316 314 268 269 270 273 267 340 342 226 231
459 463 469 474 472 473 478 437 420 437 417 576 579 581 582 775 781 784 795 749 760 732 760 759 710 746 763 745 742 743
625 593 611 625 843 814 810 806 626 595 803 805 811 806 609 629 632 596 807 812 529 515 447 514 539 505 499 533 540 514
202 160 212 44 203 161 91 99 88 86 85 88 98 158 159 154 155 134 131 132 53 133 107 54 55 132 97 91 162 165
278 280 325 278 264 224 264 265 227 264 277 275 119 116 124 126 111 110 108 109 54 97 130 111 114 112 109 107 108 107
495 497 499 529 541 449 514 516 450 543 526 543 518 451 449 486 449 488 449 485 450 543 542 561 439 479 481 472 467 549
341 339 337 281 337 227 264 261 328 332 328 330 0 2 64 63 59 128 126 111 108 105 106 131 102 50 155 135 153 157
725 755 369 373 377 375 373 402 405 38 406 407 714 404 737 736 208 738 204 160 156 210 205 152 151 141 210 159 163 162
816 815 813 814 842 838 814 527 816 814 817 528 496 499 497 493 498 495 525 530 527 814 815 816 819 817 524 495 526 523
718 721 752 759 729 409 730 732 34 32 407 735 732 778 411 413 411 427 426 429 430 784 779 782 749 792 789 794 431 790
657 588 617 615 588 662 664 661 696 697 689 685 688 692 694 696 661 700 660 697 688 693 696 698 662 699 589 584 585 583
713 719 713 720 726 752 368 752 751 721 718 719 721 714 38 405 37 406 404 41 400 382 383 381 377 375 370 726 729 759
41 213 212 399 42 211 204 157 154 137 140 145 741 145 143 137 46 48 50 53 154 157 161 157 160 212 44 47 46 137
409 411 428 431 790 791 790 785 415 424 422 418 421 422 438 421 438 420 437 433 435 477 479 441 570 442 573 423 434 477
668 594 609 594 802 856 788 787 802 797 666 704 701 703 673 674 672 675 676 669 670 671 672 669 708 215 379 374 372 40
568 514 539 505 499 505 502 507 506 513 448 486 447 512 514 513 540 512 506 512 505 500 503 507 512 513 449 490 491 450
837 840 843 625 844 628 596 606 811 628 629 627 625 845 851 848 538 848 846 539 846 844 813 816 812 530 538 537 532 503
261 258 256 280 325 264 275 343 275 343 344 275 119 123 115 116 72 70 67 116 122 116 123 125 116 125 60 124 126 113
395 46 47 396 162 97 53 51 49 48 142 138 137 139 136 134 54 96 132 54 130 55 56 110 108 132 108 131 98 99
666 664 665 611 803 800 803 808 596 805 809 856 802 804 801 666 762 780 774 32 410 778 410 33 32 731 732 410 728 750
578 580 585 580 582 580 413 785 796 780 747 780 776 775 778 581 779 580 579 582 578 584 581 582 584 617 616 590 617 614
617 654 655 652 654 617 588 584 586 583 587 657 589 660 699 696 660 589 657 660 662 700 699 702 763 738 745 776 770 23
584 582 771 700 769 698 662 592 663 613 799 664 798 622 802 611 624 623 853 570 440 419 438 478 481 471 475 469 468 464
213 200 178 164 161 92 96 91 96 54 129 108 111 127 114 124 117 121 124 115 71 74 69 73 88 87 394 396 159 137
503 499 498 495 492 498 528 523 525 520 453 454 456 452 453 451 543 519 517 541 542 563 567 566 572 574 417 441 574 416
790 793 792 429 721 729 757 728 732 746 748 712 403 404 712 404 402 212 402 212 202 200 173 175 173 171 169 164 201 216
594 805 803 809 804 608 804 609 637 628 843 625 803 592 665 799 619 589 647 657 660 768 660 661 696 660 657 695 690 640
264 342 264 327 261 263 278 261 263 277 264 278 0 260 278 276 261 264 343 345 222 349 194 190 191 353 349 350 222 188
442 441 438 419 439 480 445 486 514 564 475 564 570 567 854 534 538 533 515 516 450 517 514 515 514 541 529 499 504 500
67 70 169 178 196 187 188 185 183 197 181 223 347 343 265 341 336 281 323 282 336 286 287 320 306 321 284 282 336 306
811 597 595 636 594 611 625 645 646 648 643 640 686 690 640 680 684 697 587 617 587 658 657 659 588 619 615 651 657 656
425 575 578 577 618 621 852 566 855 809 855 849 855 624 646 611 624 799 800 593 624 623 622 851 849 846 537 536 534 854
85 104 85 104 106 109 111 110 111 110 111 114 111 108 129 108 106 105 107 108 129 131 130 97 161 157 162 156 210 206
405 735 746 710 746 733 407 33 34 31 778 776 29 778 412 729 750 429 729 752 724 755 754 756 724 370 714 36 408 411
789 791 787 786 573 620 788 559 554 470 466 550 548 467 466 468 467 468 549 466 461 489 465 463 469 470 549 544 517 450
328 330 280 324 280 328 325 259 281 280 335 332 326 332 291 301 303 290 305 308 302 301 292 302 301 294 297 299 293 304
225 341 342 338 226 228 234 191 231 229 192 191 189 364 361 366 755 362 361 356 190 187 189 192 258 255 250 249 246 245
706 747 410 731 410 408 409 32 408 32 778 730 412 410 411 428 429 412 749 796 799 592 801 592 799 804 592 797 785 797
619 574 620 798 592 622 616 619 613 591 614 616 653 615 618 573 562 559 560 564 563 853 612 664 700 701 766 702 765 764
230 192 194 189 233 232 229 240 228 232 238 239 241 237 232 255 259 258 231 235 236 191 192 234 232 233 229 240 241 243
800 592 664 662 613 625 844 846 851 649 646 647 641 684 699 698 768 698 697 587 656 657 654 651 648 691 648 655 656 658
570 566 622 615 590 663 591 588 662 583 662 769 771 776 29 778 413 430 784 786 621 852 621 788 566 621 567 542 533 498
325 277 259 260 279 259 192 343 347 350 222 220 189 191 222 223 348 345 263 260 325 279 327 276 326 324 327 278 261 278
465 463 459 453 495 525 523 453 520 454 460 465 467 550 551 546 463 546 547 549 548 552 551 463 551 547 549 459 456 464
323 305 310 306 287 307 306 318 306 307 305 317 319 321 288 322 287 285 282 323 252 281 255 232 236 239 242 241 319 316
407 37 39 38 39 736 734 207 735 746 705 703 706 710 757 726 755 371 369 720 716 714 712 405 735 405 736 404 402 712
55 129 55 131 109 56 96 56 96 95 68 59 126 114 124 127 68 93 68 127 59 113 128 54 132 52 89 73 88 99
802 797 785 427 426 425 427 431 751 430 749 751 750 785 432 429 751 757 713 37 712 731 34 410 782 778 781 795 748 430
648 655 654 658 659 769 770 773 743 740 737 209 140 156 157 135 133 134 51 102 100 50 139 49 47 396 45 46 138 142
107 133 53 100 102 100 395 47 44 210 204 212 210 206 739 24 147 144 140 149 144 145 146 143 144 210 45 399 385 163
610 625 611 609 611 800 665 668 704 592 611 609 597 630 836 629 634 672 675 676 675 677 674 19 674 679 684 683 641 640
765 763 745 737 39 713 717 725 757 711 708 711 760 707 710 707 706 758 726 728 749 796 761 746 704 763 766 678 675 20
792 427 424 576 417 419 420 417 478 440 480 438 479 441 417 442 481 484 448 487 450 541 450 468 466 469 471 469 466 463
50 49 138 140 137 139 150 151 148 147 150 151 740 741 147 151 148 150 140 48 140 205 143 740 741 740 147 207 147 141
179 216 177 172 169 173 169 171 180 198 171 177 202 201 202 177 218 197 183 181 346 179 171 178 170 169 168 93 69 90
133 98 51 101 98 90 391 398 380 375 376 216 709 41 710 758 756 366 363 367 362 363 362 356 357 193 347 263 328 0
205 212 209 140 143 147 141 47 141 146 142 147 740 145 147 208 205 144 145 208 206 204 160 162 391 162 91 73 71 65
154 135 157 96 91 98 394 390 386 383 385 166 169 168 65 71 58 125 72 91 165 93 69 73 67 71 65 69 68 91
416 424 437 436 438 419 423 420 421 436 477 481 442 439 437 419 423 419 423 573 415 575 783 784 801 802 805 802 788 786
680 676 673 678 680 636 683 689 690 644 640 687 681 20 23 765 20 679 682 639 611 646 647 656 654 652 655 654 649 850
183 180 179 174 172 171 173 167 172 170 172 175 177 202 160 202 709 707 668 707 706 758 761 796 762 796 666 801 784 792
422 419 442 568 444 476 478 561 481 445 483 484 472 477 434 435 477 475 482 473 477 439 572 443 480 443 566 572 561 558
596 609 629 637 641 686 685 699 661 769 660 657 588 591 662 767 765 767 702 705 759 712 40 41 405 737 733 759 748 759
788 790 562 563 789 786 789 572 788 573 620 788 792 427 729 757 368 372 40 380 384 400 386 383 378 383 382 383 385 386
564 542 530 527 532 535 530 527 495 523 526 531 813 839 606 607 630 632 607 604 630 836 630 631 598 607 597 598 597 811
687 639 626 844 810 628 814 809 608 594 609 810 811 608 627 625 803 591 798 780 798 782 783 779 780 774 28 774 775 777
47 44 43 45 399 403 42 213 204 157 135 134 51 48 47 137 134 135 153 140 145 144 739 763 761 734 739 144 145 146
724 369 711 710 746 777 771 700 764 743 702 704 800 613 643 687 681 640 684 679 681 20 22 741 151 147 150 143 205 210
485 469 475 469 474 473 467 548 557 560 555 557 548 546 547 551 550 548 546 519 493 494 495 525 522 520 453 495 498 495
276 326 323 305 324 280 335 325 279 326 328 326 332 335 286 309 312 308 316 307 314 313 268 313 311 316 307 289 287 290
374 379 381 400 385 391 390 389 395 47 396 159 155 159 44 47 137 46 209 144 208 735 29 30 410 728 722 719 728 409
207 205 204 44 47 395 394 88 80 83 82 80 74 115 74 75 78 73 72 76 87 76 72 70 67 68 125 128 55 95
521 522 525 526 453 521 520 523 528 813 531 530 529 534 849 540 567 856 789 564 559 791 785 794 798 788 791 432 415 575
739 208 211 203 211 213 710 213 42 213 709 213 200 215 201 214 213 40 712 714 715 714 728 428 793 751 429 430 427 426
233 232 228 226 230 227 342 341 325 328 263 259 230 232 239 232 235 230 222 230 232 192 189 220 187 197 221 219 348 262
537 503 499 528 495 499 497 529 524 522 519 518 519 520 547 458 456 458 463 468 469 463 456 458 547 459 462 466 465 462
604 607 609 808 807 806 802 797 800 801 797 801 666 799 623 611 799 614 588 697 657 659 589 612 626 593 613 593 611 799
377 373 38 406 732 778 412 785 798 781 795 801 804 808 803 594 626 625 623 850 847 849 853 612 800 704 592 612 798 783
384 383 380 381 378 380 384 379 374 377 400 377 373 368 374 370 756 371 369 371 755 726 724 366 365 367 756 711 727 725
522 521 545 543 545 521 526 453 492 456 454 494 493 451 489 486 447 448 445 481 475 480 561 475 476 482 447 449 541 515
315 317 309 304 301 302 292 291 304 285 246 285 324 340 226 343 346 221 224 192 194 348 262 259 258 256 280 283 281 336
